1 2 43
1 42 43
2 3 44
2 43 44
3 4 45
3 44 45
4 5 46
4 45 46
5 6 47
5 46 47
6 7 48
6 47 48
7 8 49
7 48 49
8 9 50
8 49 50
9 10 51
9 50 51
10 11 52
10 51 52
11 12 53
11 52 53
12 13 54
12 53 54
13 14 55
13 54 55
14 15 56
14 55 56
15 16 57
15 56 57
16 17 58
16 57 58
17 18 59
17 58 59
18 19 60
18 59 60
19 20 61
19 60 61
20 21 62
20 61 62
21 22 63
21 62 63
22 23 64
22 63 64
23 24 65
23 64 65
24 25 66
24 65 66
25 26 67
25 66 67
26 27 68
26 67 68
27 28 69
27 68 69
28 29 70
28 69 70
29 30 71
29 70 71
30 31 72
30 71 72
31 32 73
31 72 73
32 33 74
32 73 74
33 34 75
33 74 75
34 35 76
34 75 76
35 36 77
35 76 77
36 37 78
36 77 78
37 38 79
37 78 79
38 39 80
38 79 80
39 40 81
39 80 81
40 41 82
40 81 82
42 43 84
42 83 84
43 44 85
43 84 85
44 45 86
44 85 86
45 46 87
45 86 87
46 47 88
46 87 88
47 48 89
47 88 89
48 49 90
48 89 90
49 50 91
49 90 91
50 51 92
50 91 92
51 52 93
51 92 93
52 53 94
52 93 94
53 54 95
53 94 95
54 55 96
54 95 96
55 56 97
55 96 97
56 57 98
56 97 98
57 58 99
57 98 99
58 59 100
58 99 100
59 60 101
59 100 101
60 61 102
60 101 102
61 62 103
61 102 103
62 63 104
62 103 104
63 64 105
63 104 105
64 65 106
64 105 106
65 66 107
65 106 107
66 67 108
66 107 108
67 68 109
67 108 109
68 69 110
68 109 110
69 70 111
69 110 111
70 71 112
70 111 112
71 72 113
71 112 113
72 73 114
72 113 114
73 74 115
73 114 115
74 75 116
74 115 116
75 76 117
75 116 117
76 77 118
76 117 118
77 78 119
77 118 119
78 79 120
78 119 120
79 80 121
79 120 121
80 81 122
80 121 122
81 82 123
81 122 123
83 84 125
83 124 125
84 85 126
84 125 126
85 86 127
85 126 127
86 87 128
86 127 128
87 88 129
87 128 129
88 89 130
88 129 130
89 90 131
89 130 131
90 91 132
90 131 132
91 92 133
91 132 133
92 93 134
92 133 134
93 94 135
93 134 135
94 95 136
94 135 136
95 96 137
95 136 137
96 97 138
96 137 138
97 98 139
97 138 139
98 99 140
98 139 140
99 100 141
99 140 141
100 101 142
100 141 142
101 102 143
101 142 143
102 103 144
102 143 144
103 104 145
103 144 145
104 105 146
104 145 146
105 106 147
105 146 147
106 107 148
106 147 148
107 108 149
107 148 149
108 109 150
108 149 150
109 110 151
109 150 151
110 111 152
110 151 152
111 112 153
111 152 153
112 113 154
112 153 154
113 114 155
113 154 155
114 115 156
114 155 156
115 116 157
115 156 157
116 117 158
116 157 158
117 118 159
117 158 159
118 119 160
118 159 160
119 120 161
119 160 161
120 121 162
120 161 162
121 122 163
121 162 163
122 123 164
122 163 164
124 125 166
124 165 166
125 126 167
125 166 167
126 127 168
126 167 168
127 128 169
127 168 169
128 129 170
128 169 170
129 130 171
129 170 171
130 131 172
130 171 172
131 132 173
131 172 173
132 133 174
132 173 174
133 134 175
133 174 175
134 135 176
134 175 176
135 136 177
135 176 177
136 137 178
136 177 178
137 138 179
137 178 179
138 139 180
138 179 180
139 140 181
139 180 181
140 141 182
140 181 182
141 142 183
141 182 183
142 143 184
142 183 184
143 144 185
143 184 185
144 145 186
144 185 186
145 146 187
145 186 187
146 147 188
146 187 188
147 148 189
147 188 189
148 149 190
148 189 190
149 150 191
149 190 191
150 151 192
150 191 192
151 152 193
151 192 193
152 153 194
152 193 194
153 154 195
153 194 195
154 155 196
154 195 196
155 156 197
155 196 197
156 157 198
156 197 198
157 158 199
157 198 199
158 159 200
158 199 200
159 160 201
159 200 201
160 161 202
160 201 202
161 162 203
161 202 203
162 163 204
162 203 204
163 164 205
163 204 205
165 166 207
165 206 207
166 167 208
166 207 208
167 168 209
167 208 209
168 169 210
168 209 210
169 170 211
169 210 211
170 171 212
170 211 212
171 172 213
171 212 213
172 173 214
172 213 214
173 174 215
173 214 215
174 175 216
174 215 216
175 176 217
175 216 217
176 177 218
176 217 218
177 178 219
177 218 219
178 179 220
178 219 220
179 180 221
179 220 221
180 181 222
180 221 222
181 182 223
181 222 223
182 183 224
182 223 224
183 184 225
183 224 225
184 185 226
184 225 226
185 186 227
185 226 227
186 187 228
186 227 228
187 188 229
187 228 229
188 189 230
188 229 230
189 190 231
189 230 231
190 191 232
190 231 232
191 192 233
191 232 233
192 193 234
192 233 234
193 194 235
193 234 235
194 195 236
194 235 236
195 196 237
195 236 237
196 197 238
196 237 238
197 198 239
197 238 239
198 199 240
198 239 240
199 200 241
199 240 241
200 201 242
200 241 242
201 202 243
201 242 243
202 203 244
202 243 244
203 204 245
203 244 245
204 205 246
204 245 246
206 207 248
206 247 248
207 208 249
207 248 249
208 209 250
208 249 250
209 210 251
209 250 251
210 211 252
210 251 252
211 212 253
211 252 253
212 213 254
212 253 254
213 214 255
213 254 255
214 215 256
214 255 256
215 216 257
215 256 257
216 217 258
216 257 258
217 218 259
217 258 259
218 219 260
218 259 260
219 220 261
219 260 261
220 221 262
220 261 262
221 222 263
221 262 263
222 223 264
222 263 264
223 224 265
223 264 265
224 225 266
224 265 266
225 226 267
225 266 267
226 227 268
226 267 268
227 228 269
227 268 269
228 229 270
228 269 270
229 230 271
229 270 271
230 231 272
230 271 272
231 232 273
231 272 273
232 233 274
232 273 274
233 234 275
233 274 275
234 235 276
234 275 276
235 236 277
235 276 277
236 237 278
236 277 278
237 238 279
237 278 279
238 239 280
238 279 280
239 240 281
239 280 281
240 241 282
240 281 282
241 242 283
241 282 283
242 243 284
242 283 284
243 244 285
243 284 285
244 245 286
244 285 286
245 246 287
245 286 287
247 248 289
247 288 289
248 249 290
248 289 290
249 250 291
249 290 291
250 251 292
250 291 292
251 252 293
251 292 293
252 253 294
252 293 294
253 254 295
253 294 295
254 255 296
254 295 296
255 256 297
255 296 297
256 257 298
256 297 298
257 258 299
257 298 299
258 259 300
258 299 300
259 260 301
259 300 301
260 261 302
260 301 302
261 262 303
261 302 303
262 263 304
262 303 304
263 264 305
263 304 305
264 265 306
264 305 306
265 266 307
265 306 307
266 267 308
266 307 308
267 268 309
267 308 309
268 269 310
268 309 310
269 270 311
269 310 311
270 271 312
270 311 312
271 272 313
271 312 313
272 273 314
272 313 314
273 274 315
273 314 315
274 275 316
274 315 316
275 276 317
275 316 317
276 277 318
276 317 318
277 278 319
277 318 319
278 279 320
278 319 320
279 280 321
279 320 321
280 281 322
280 321 322
281 282 323
281 322 323
282 283 324
282 323 324
283 284 325
283 324 325
284 285 326
284 325 326
285 286 327
285 326 327
286 287 328
286 327 328
288 289 330
288 329 330
289 290 331
289 330 331
290 291 332
290 331 332
291 292 333
291 332 333
292 293 334
292 333 334
293 294 335
293 334 335
294 295 336
294 335 336
295 296 337
295 336 337
296 297 338
296 337 338
297 298 339
297 338 339
298 299 340
298 339 340
299 300 341
299 340 341
300 301 342
300 341 342
301 302 343
301 342 343
302 303 344
302 343 344
303 304 345
303 344 345
304 305 346
304 345 346
305 306 347
305 346 347
306 307 348
306 347 348
307 308 349
307 348 349
308 309 350
308 349 350
309 310 351
309 350 351
310 311 352
310 351 352
311 312 353
311 352 353
312 313 354
312 353 354
313 314 355
313 354 355
314 315 356
314 355 356
315 316 357
315 356 357
316 317 358
316 357 358
317 318 359
317 358 359
318 319 360
318 359 360
319 320 361
319 360 361
320 321 362
320 361 362
321 322 363
321 362 363
322 323 364
322 363 364
323 324 365
323 364 365
324 325 366
324 365 366
325 326 367
325 366 367
326 327 368
326 367 368
327 328 369
327 368 369
329 330 371
329 370 371
330 331 372
330 371 372
331 332 373
331 372 373
332 333 374
332 373 374
333 334 375
333 374 375
334 335 376
334 375 376
335 336 377
335 376 377
336 337 378
336 377 378
337 338 379
337 378 379
338 339 380
338 379 380
339 340 381
339 380 381
340 341 382
340 381 382
341 342 383
341 382 383
342 343 384
342 383 384
343 344 385
343 384 385
344 345 386
344 385 386
345 346 387
345 386 387
346 347 388
346 387 388
347 348 389
347 388 389
348 349 390
348 389 390
349 350 391
349 390 391
350 351 392
350 391 392
351 352 393
351 392 393
352 353 394
352 393 394
353 354 395
353 394 395
354 355 396
354 395 396
355 356 397
355 396 397
356 357 398
356 397 398
357 358 399
357 398 399
358 359 400
358 399 400
359 360 401
359 400 401
360 361 402
360 401 402
361 362 403
361 402 403
362 363 404
362 403 404
363 364 405
363 404 405
364 365 406
364 405 406
365 366 407
365 406 407
366 367 408
366 407 408
367 368 409
367 408 409
368 369 410
368 409 410
370 371 412
370 411 412
371 372 413
371 412 413
372 373 414
372 413 414
373 374 415
373 414 415
374 375 416
374 415 416
375 376 417
375 416 417
376 377 418
376 417 418
377 378 419
377 418 419
378 379 420
378 419 420
379 380 421
379 420 421
380 381 422
380 421 422
381 382 423
381 422 423
382 383 424
382 423 424
383 384 425
383 424 425
384 385 426
384 425 426
385 386 427
385 426 427
386 387 428
386 427 428
387 388 429
387 428 429
388 389 430
388 429 430
389 390 431
389 430 431
390 391 432
390 431 432
391 392 433
391 432 433
392 393 434
392 433 434
393 394 435
393 434 435
394 395 436
394 435 436
395 396 437
395 436 437
396 397 438
396 437 438
397 398 439
397 438 439
398 399 440
398 439 440
399 400 441
399 440 441
400 401 442
400 441 442
401 402 443
401 442 443
402 403 444
402 443 444
403 404 445
403 444 445
404 405 446
404 445 446
405 406 447
405 446 447
406 407 448
406 447 448
407 408 449
407 448 449
408 409 450
408 449 450
409 410 451
409 450 451
411 412 453
411 452 453
412 413 454
412 453 454
413 414 455
413 454 455
414 415 456
414 455 456
415 416 457
415 456 457
416 417 458
416 457 458
417 418 459
417 458 459
418 419 460
418 459 460
419 420 461
419 460 461
420 421 462
420 461 462
421 422 463
421 462 463
422 423 464
422 463 464
423 424 465
423 464 465
424 425 466
424 465 466
425 426 467
425 466 467
426 427 468
426 467 468
427 428 469
427 468 469
428 429 470
428 469 470
429 430 471
429 470 471
430 431 472
430 471 472
431 432 473
431 472 473
432 433 474
432 473 474
433 434 475
433 474 475
434 435 476
434 475 476
435 436 477
435 476 477
436 437 478
436 477 478
437 438 479
437 478 479
438 439 480
438 479 480
439 440 481
439 480 481
440 441 482
440 481 482
441 442 483
441 482 483
442 443 484
442 483 484
443 444 485
443 484 485
444 445 486
444 485 486
445 446 487
445 486 487
446 447 488
446 487 488
447 448 489
447 488 489
448 449 490
448 489 490
449 450 491
449 490 491
450 451 492
450 491 492
452 453 494
452 493 494
453 454 495
453 494 495
454 455 496
454 495 496
455 456 497
455 496 497
456 457 498
456 497 498
457 458 499
457 498 499
458 459 500
458 499 500
459 460 501
459 500 501
460 461 502
460 501 502
461 462 503
461 502 503
462 463 504
462 503 504
463 464 505
463 504 505
464 465 506
464 505 506
465 466 507
465 506 507
466 467 508
466 507 508
467 468 509
467 508 509
468 469 510
468 509 510
469 470 511
469 510 511
470 471 512
470 511 512
471 472 513
471 512 513
472 473 514
472 513 514
473 474 515
473 514 515
474 475 516
474 515 516
475 476 517
475 516 517
476 477 518
476 517 518
477 478 519
477 518 519
478 479 520
478 519 520
479 480 521
479 520 521
480 481 522
480 521 522
481 482 523
481 522 523
482 483 524
482 523 524
483 484 525
483 524 525
484 485 526
484 525 526
485 486 527
485 526 527
486 487 528
486 527 528
487 488 529
487 528 529
488 489 530
488 529 530
489 490 531
489 530 531
490 491 532
490 531 532
491 492 533
491 532 533
493 494 535
493 534 535
494 495 536
494 535 536
495 496 537
495 536 537
496 497 538
496 537 538
497 498 539
497 538 539
498 499 540
498 539 540
499 500 541
499 540 541
500 501 542
500 541 542
501 502 543
501 542 543
502 503 544
502 543 544
503 504 545
503 544 545
504 505 546
504 545 546
505 506 547
505 546 547
506 507 548
506 547 548
507 508 549
507 548 549
508 509 550
508 549 550
509 510 551
509 550 551
510 511 552
510 551 552
511 512 553
511 552 553
512 513 554
512 553 554
513 514 555
513 554 555
514 515 556
514 555 556
515 516 557
515 556 557
516 517 558
516 557 558
517 518 559
517 558 559
518 519 560
518 559 560
519 520 561
519 560 561
520 521 562
520 561 562
521 522 563
521 562 563
522 523 564
522 563 564
523 524 565
523 564 565
524 525 566
524 565 566
525 526 567
525 566 567
526 527 568
526 567 568
527 528 569
527 568 569
528 529 570
528 569 570
529 530 571
529 570 571
530 531 572
530 571 572
531 532 573
531 572 573
532 533 574
532 573 574
534 535 576
534 575 576
535 536 577
535 576 577
536 537 578
536 577 578
537 538 579
537 578 579
538 539 580
538 579 580
539 540 581
539 580 581
540 541 582
540 581 582
541 542 583
541 582 583
542 543 584
542 583 584
543 544 585
543 584 585
544 545 586
544 585 586
545 546 587
545 586 587
546 547 588
546 587 588
547 548 589
547 588 589
548 549 590
548 589 590
549 550 591
549 590 591
550 551 592
550 591 592
551 552 593
551 592 593
552 553 594
552 593 594
553 554 595
553 594 595
554 555 596
554 595 596
555 556 597
555 596 597
556 557 598
556 597 598
557 558 599
557 598 599
558 559 600
558 599 600
559 560 601
559 600 601
560 561 602
560 601 602
561 562 603
561 602 603
562 563 604
562 603 604
563 564 605
563 604 605
564 565 606
564 605 606
565 566 607
565 606 607
566 567 608
566 607 608
567 568 609
567 608 609
568 569 610
568 609 610
569 570 611
569 610 611
570 571 612
570 611 612
571 572 613
571 612 613
572 573 614
572 613 614
573 574 615
573 614 615
575 576 617
575 616 617
576 577 618
576 617 618
577 578 619
577 618 619
578 579 620
578 619 620
579 580 621
579 620 621
580 581 622
580 621 622
581 582 623
581 622 623
582 583 624
582 623 624
583 584 625
583 624 625
584 585 626
584 625 626
585 586 627
585 626 627
586 587 628
586 627 628
587 588 629
587 628 629
588 589 630
588 629 630
589 590 631
589 630 631
590 591 632
590 631 632
591 592 633
591 632 633
592 593 634
592 633 634
593 594 635
593 634 635
594 595 636
594 635 636
595 596 637
595 636 637
596 597 638
596 637 638
597 598 639
597 638 639
598 599 640
598 639 640
599 600 641
599 640 641
600 601 642
600 641 642
601 602 643
601 642 643
602 603 644
602 643 644
603 604 645
603 644 645
604 605 646
604 645 646
605 606 647
605 646 647
606 607 648
606 647 648
607 608 649
607 648 649
608 609 650
608 649 650
609 610 651
609 650 651
610 611 652
610 651 652
611 612 653
611 652 653
612 613 654
612 653 654
613 614 655
613 654 655
614 615 656
614 655 656
616 617 658
616 657 658
617 618 659
617 658 659
618 619 660
618 659 660
619 620 661
619 660 661
620 621 662
620 661 662
621 622 663
621 662 663
622 623 664
622 663 664
623 624 665
623 664 665
624 625 666
624 665 666
625 626 667
625 666 667
626 627 668
626 667 668
627 628 669
627 668 669
628 629 670
628 669 670
629 630 671
629 670 671
630 631 672
630 671 672
631 632 673
631 672 673
632 633 674
632 673 674
633 634 675
633 674 675
634 635 676
634 675 676
635 636 677
635 676 677
636 637 678
636 677 678
637 638 679
637 678 679
638 639 680
638 679 680
639 640 681
639 680 681
640 641 682
640 681 682
641 642 683
641 682 683
642 643 684
642 683 684
643 644 685
643 684 685
644 645 686
644 685 686
645 646 687
645 686 687
646 647 688
646 687 688
647 648 689
647 688 689
648 649 690
648 689 690
649 650 691
649 690 691
650 651 692
650 691 692
651 652 693
651 692 693
652 653 694
652 693 694
653 654 695
653 694 695
654 655 696
654 695 696
655 656 697
655 696 697
657 658 699
657 698 699
658 659 700
658 699 700
659 660 701
659 700 701
660 661 702
660 701 702
661 662 703
661 702 703
662 663 704
662 703 704
663 664 705
663 704 705
664 665 706
664 705 706
665 666 707
665 706 707
666 667 708
666 707 708
667 668 709
667 708 709
668 669 710
668 709 710
669 670 711
669 710 711
670 671 712
670 711 712
671 672 713
671 712 713
672 673 714
672 713 714
673 674 715
673 714 715
674 675 716
674 715 716
675 676 717
675 716 717
676 677 718
676 717 718
677 678 719
677 718 719
678 679 720
678 719 720
679 680 721
679 720 721
680 681 722
680 721 722
681 682 723
681 722 723
682 683 724
682 723 724
683 684 725
683 724 725
684 685 726
684 725 726
685 686 727
685 726 727
686 687 728
686 727 728
687 688 729
687 728 729
688 689 730
688 729 730
689 690 731
689 730 731
690 691 732
690 731 732
691 692 733
691 732 733
692 693 734
692 733 734
693 694 735
693 734 735
694 695 736
694 735 736
695 696 737
695 736 737
696 697 738
696 737 738
698 699 740
698 739 740
699 700 741
699 740 741
700 701 742
700 741 742
701 702 743
701 742 743
702 703 744
702 743 744
703 704 745
703 744 745
704 705 746
704 745 746
705 706 747
705 746 747
706 707 748
706 747 748
707 708 749
707 748 749
708 709 750
708 749 750
709 710 751
709 750 751
710 711 752
710 751 752
711 712 753
711 752 753
712 713 754
712 753 754
713 714 755
713 754 755
714 715 756
714 755 756
715 716 757
715 756 757
716 717 758
716 757 758
717 718 759
717 758 759
718 719 760
718 759 760
719 720 761
719 760 761
720 721 762
720 761 762
721 722 763
721 762 763
722 723 764
722 763 764
723 724 765
723 764 765
724 725 766
724 765 766
725 726 767
725 766 767
726 727 768
726 767 768
727 728 769
727 768 769
728 729 770
728 769 770
729 730 771
729 770 771
730 731 772
730 771 772
731 732 773
731 772 773
732 733 774
732 773 774
733 734 775
733 774 775
734 735 776
734 775 776
735 736 777
735 776 777
736 737 778
736 777 778
737 738 779
737 778 779
739 740 781
739 780 781
740 741 782
740 781 782
741 742 783
741 782 783
742 743 784
742 783 784
743 744 785
743 784 785
744 745 786
744 785 786
745 746 787
745 786 787
746 747 788
746 787 788
747 748 789
747 788 789
748 749 790
748 789 790
749 750 791
749 790 791
750 751 792
750 791 792
751 752 793
751 792 793
752 753 794
752 793 794
753 754 795
753 794 795
754 755 796
754 795 796
755 756 797
755 796 797
756 757 798
756 797 798
757 758 799
757 798 799
758 759 800
758 799 800
759 760 801
759 800 801
760 761 802
760 801 802
761 762 803
761 802 803
762 763 804
762 803 804
763 764 805
763 804 805
764 765 806
764 805 806
765 766 807
765 806 807
766 767 808
766 807 808
767 768 809
767 808 809
768 769 810
768 809 810
769 770 811
769 810 811
770 771 812
770 811 812
771 772 813
771 812 813
772 773 814
772 813 814
773 774 815
773 814 815
774 775 816
774 815 816
775 776 817
775 816 817
776 777 818
776 817 818
777 778 819
777 818 819
778 779 820
778 819 820
780 781 822
780 821 822
781 782 823
781 822 823
782 783 824
782 823 824
783 784 825
783 824 825
784 785 826
784 825 826
785 786 827
785 826 827
786 787 828
786 827 828
787 788 829
787 828 829
788 789 830
788 829 830
789 790 831
789 830 831
790 791 832
790 831 832
791 792 833
791 832 833
792 793 834
792 833 834
793 794 835
793 834 835
794 795 836
794 835 836
795 796 837
795 836 837
796 797 838
796 837 838
797 798 839
797 838 839
798 799 840
798 839 840
799 800 841
799 840 841
800 801 842
800 841 842
801 802 843
801 842 843
802 803 844
802 843 844
803 804 845
803 844 845
804 805 846
804 845 846
805 806 847
805 846 847
806 807 848
806 847 848
807 808 849
807 848 849
808 809 850
808 849 850
809 810 851
809 850 851
810 811 852
810 851 852
811 812 853
811 852 853
812 813 854
812 853 854
813 814 855
813 854 855
814 815 856
814 855 856
815 816 857
815 856 857
816 817 858
816 857 858
817 818 859
817 858 859
818 819 860
818 859 860
819 820 861
819 860 861
821 822 863
821 862 863
822 823 864
822 863 864
823 824 865
823 864 865
824 825 866
824 865 866
825 826 867
825 866 867
826 827 868
826 867 868
827 828 869
827 868 869
828 829 870
828 869 870
829 830 871
829 870 871
830 831 872
830 871 872
831 832 873
831 872 873
832 833 874
832 873 874
833 834 875
833 874 875
834 835 876
834 875 876
835 836 877
835 876 877
836 837 878
836 877 878
837 838 879
837 878 879
838 839 880
838 879 880
839 840 881
839 880 881
840 841 882
840 881 882
841 842 883
841 882 883
842 843 884
842 883 884
843 844 885
843 884 885
844 845 886
844 885 886
845 846 887
845 886 887
846 847 888
846 887 888
847 848 889
847 888 889
848 849 890
848 889 890
849 850 891
849 890 891
850 851 892
850 891 892
851 852 893
851 892 893
852 853 894
852 893 894
853 854 895
853 894 895
854 855 896
854 895 896
855 856 897
855 896 897
856 857 898
856 897 898
857 858 899
857 898 899
858 859 900
858 899 900
859 860 901
859 900 901
860 861 902
860 901 902
862 863 904
862 903 904
863 864 905
863 904 905
864 865 906
864 905 906
865 866 907
865 906 907
866 867 908
866 907 908
867 868 909
867 908 909
868 869 910
868 909 910
869 870 911
869 910 911
870 871 912
870 911 912
871 872 913
871 912 913
872 873 914
872 913 914
873 874 915
873 914 915
874 875 916
874 915 916
875 876 917
875 916 917
876 877 918
876 917 918
877 878 919
877 918 919
878 879 920
878 919 920
879 880 921
879 920 921
880 881 922
880 921 922
881 882 923
881 922 923
882 883 924
882 923 924
883 884 925
883 924 925
884 885 926
884 925 926
885 886 927
885 926 927
886 887 928
886 927 928
887 888 929
887 928 929
888 889 930
888 929 930
889 890 931
889 930 931
890 891 932
890 931 932
891 892 933
891 932 933
892 893 934
892 933 934
893 894 935
893 934 935
894 895 936
894 935 936
895 896 937
895 936 937
896 897 938
896 937 938
897 898 939
897 938 939
898 899 940
898 939 940
899 900 941
899 940 941
900 901 942
900 941 942
901 902 943
901 942 943
903 904 945
903 944 945
904 905 946
904 945 946
905 906 947
905 946 947
906 907 948
906 947 948
907 908 949
907 948 949
908 909 950
908 949 950
909 910 951
909 950 951
910 911 952
910 951 952
911 912 953
911 952 953
912 913 954
912 953 954
913 914 955
913 954 955
914 915 956
914 955 956
915 916 957
915 956 957
916 917 958
916 957 958
917 918 959
917 958 959
918 919 960
918 959 960
919 920 961
919 960 961
920 921 962
920 961 962
921 922 963
921 962 963
922 923 964
922 963 964
923 924 965
923 964 965
924 925 966
924 965 966
925 926 967
925 966 967
926 927 968
926 967 968
927 928 969
927 968 969
928 929 970
928 969 970
929 930 971
929 970 971
930 931 972
930 971 972
931 932 973
931 972 973
932 933 974
932 973 974
933 934 975
933 974 975
934 935 976
934 975 976
935 936 977
935 976 977
936 937 978
936 977 978
937 938 979
937 978 979
938 939 980
938 979 980
939 940 981
939 980 981
940 941 982
940 981 982
941 942 983
941 982 983
942 943 984
942 983 984
944 945 986
944 985 986
945 946 987
945 986 987
946 947 988
946 987 988
947 948 989
947 988 989
948 949 990
948 989 990
949 950 991
949 990 991
950 951 992
950 991 992
951 952 993
951 992 993
952 953 994
952 993 994
953 954 995
953 994 995
954 955 996
954 995 996
955 956 997
955 996 997
956 957 998
956 997 998
957 958 999
957 998 999
958 959 1000
958 999 1000
959 960 1001
959 1000 1001
960 961 1002
960 1001 1002
961 962 1003
961 1002 1003
962 963 1004
962 1003 1004
963 964 1005
963 1004 1005
964 965 1006
964 1005 1006
965 966 1007
965 1006 1007
966 967 1008
966 1007 1008
967 968 1009
967 1008 1009
968 969 1010
968 1009 1010
969 970 1011
969 1010 1011
970 971 1012
970 1011 1012
971 972 1013
971 1012 1013
972 973 1014
972 1013 1014
973 974 1015
973 1014 1015
974 975 1016
974 1015 1016
975 976 1017
975 1016 1017
976 977 1018
976 1017 1018
977 978 1019
977 1018 1019
978 979 1020
978 1019 1020
979 980 1021
979 1020 1021
980 981 1022
980 1021 1022
981 982 1023
981 1022 1023
982 983 1024
982 1023 1024
983 984 1025
983 1024 1025
985 986 1027
985 1026 1027
986 987 1028
986 1027 1028
987 988 1029
987 1028 1029
988 989 1030
988 1029 1030
989 990 1031
989 1030 1031
990 991 1032
990 1031 1032
991 992 1033
991 1032 1033
992 993 1034
992 1033 1034
993 994 1035
993 1034 1035
994 995 1036
994 1035 1036
995 996 1037
995 1036 1037
996 997 1038
996 1037 1038
997 998 1039
997 1038 1039
998 999 1040
998 1039 1040
999 1000 1041
999 1040 1041
1000 1001 1042
1000 1041 1042
1001 1002 1043
1001 1042 1043
1002 1003 1044
1002 1043 1044
1003 1004 1045
1003 1044 1045
1004 1005 1046
1004 1045 1046
1005 1006 1047
1005 1046 1047
1006 1007 1048
1006 1047 1048
1007 1008 1049
1007 1048 1049
1008 1009 1050
1008 1049 1050
1009 1010 1051
1009 1050 1051
1010 1011 1052
1010 1051 1052
1011 1012 1053
1011 1052 1053
1012 1013 1054
1012 1053 1054
1013 1014 1055
1013 1054 1055
1014 1015 1056
1014 1055 1056
1015 1016 1057
1015 1056 1057
1016 1017 1058
1016 1057 1058
1017 1018 1059
1017 1058 1059
1018 1019 1060
1018 1059 1060
1019 1020 1061
1019 1060 1061
1020 1021 1062
1020 1061 1062
1021 1022 1063
1021 1062 1063
1022 1023 1064
1022 1063 1064
1023 1024 1065
1023 1064 1065
1024 1025 1066
1024 1065 1066
1026 1027 1068
1026 1067 1068
1027 1028 1069
1027 1068 1069
1028 1029 1070
1028 1069 1070
1029 1030 1071
1029 1070 1071
1030 1031 1072
1030 1071 1072
1031 1032 1073
1031 1072 1073
1032 1033 1074
1032 1073 1074
1033 1034 1075
1033 1074 1075
1034 1035 1076
1034 1075 1076
1035 1036 1077
1035 1076 1077
1036 1037 1078
1036 1077 1078
1037 1038 1079
1037 1078 1079
1038 1039 1080
1038 1079 1080
1039 1040 1081
1039 1080 1081
1040 1041 1082
1040 1081 1082
1041 1042 1083
1041 1082 1083
1042 1043 1084
1042 1083 1084
1043 1044 1085
1043 1084 1085
1044 1045 1086
1044 1085 1086
1045 1046 1087
1045 1086 1087
1046 1047 1088
1046 1087 1088
1047 1048 1089
1047 1088 1089
1048 1049 1090
1048 1089 1090
1049 1050 1091
1049 1090 1091
1050 1051 1092
1050 1091 1092
1051 1052 1093
1051 1092 1093
1052 1053 1094
1052 1093 1094
1053 1054 1095
1053 1094 1095
1054 1055 1096
1054 1095 1096
1055 1056 1097
1055 1096 1097
1056 1057 1098
1056 1097 1098
1057 1058 1099
1057 1098 1099
1058 1059 1100
1058 1099 1100
1059 1060 1101
1059 1100 1101
1060 1061 1102
1060 1101 1102
1061 1062 1103
1061 1102 1103
1062 1063 1104
1062 1103 1104
1063 1064 1105
1063 1104 1105
1064 1065 1106
1064 1105 1106
1065 1066 1107
1065 1106 1107
1067 1068 1109
1067 1108 1109
1068 1069 1110
1068 1109 1110
1069 1070 1111
1069 1110 1111
1070 1071 1112
1070 1111 1112
1071 1072 1113
1071 1112 1113
1072 1073 1114
1072 1113 1114
1073 1074 1115
1073 1114 1115
1074 1075 1116
1074 1115 1116
1075 1076 1117
1075 1116 1117
1076 1077 1118
1076 1117 1118
1077 1078 1119
1077 1118 1119
1078 1079 1120
1078 1119 1120
1079 1080 1121
1079 1120 1121
1080 1081 1122
1080 1121 1122
1081 1082 1123
1081 1122 1123
1082 1083 1124
1082 1123 1124
1083 1084 1125
1083 1124 1125
1084 1085 1126
1084 1125 1126
1085 1086 1127
1085 1126 1127
1086 1087 1128
1086 1127 1128
1087 1088 1129
1087 1128 1129
1088 1089 1130
1088 1129 1130
1089 1090 1131
1089 1130 1131
1090 1091 1132
1090 1131 1132
1091 1092 1133
1091 1132 1133
1092 1093 1134
1092 1133 1134
1093 1094 1135
1093 1134 1135
1094 1095 1136
1094 1135 1136
1095 1096 1137
1095 1136 1137
1096 1097 1138
1096 1137 1138
1097 1098 1139
1097 1138 1139
1098 1099 1140
1098 1139 1140
1099 1100 1141
1099 1140 1141
1100 1101 1142
1100 1141 1142
1101 1102 1143
1101 1142 1143
1102 1103 1144
1102 1143 1144
1103 1104 1145
1103 1144 1145
1104 1105 1146
1104 1145 1146
1105 1106 1147
1105 1146 1147
1106 1107 1148
1106 1147 1148
1108 1109 1150
1108 1149 1150
1109 1110 1151
1109 1150 1151
1110 1111 1152
1110 1151 1152
1111 1112 1153
1111 1152 1153
1112 1113 1154
1112 1153 1154
1113 1114 1155
1113 1154 1155
1114 1115 1156
1114 1155 1156
1115 1116 1157
1115 1156 1157
1116 1117 1158
1116 1157 1158
1117 1118 1159
1117 1158 1159
1118 1119 1160
1118 1159 1160
1119 1120 1161
1119 1160 1161
1120 1121 1162
1120 1161 1162
1121 1122 1163
1121 1162 1163
1122 1123 1164
1122 1163 1164
1123 1124 1165
1123 1164 1165
1124 1125 1166
1124 1165 1166
1125 1126 1167
1125 1166 1167
1126 1127 1168
1126 1167 1168
1127 1128 1169
1127 1168 1169
1128 1129 1170
1128 1169 1170
1129 1130 1171
1129 1170 1171
1130 1131 1172
1130 1171 1172
1131 1132 1173
1131 1172 1173
1132 1133 1174
1132 1173 1174
1133 1134 1175
1133 1174 1175
1134 1135 1176
1134 1175 1176
1135 1136 1177
1135 1176 1177
1136 1137 1178
1136 1177 1178
1137 1138 1179
1137 1178 1179
1138 1139 1180
1138 1179 1180
1139 1140 1181
1139 1180 1181
1140 1141 1182
1140 1181 1182
1141 1142 1183
1141 1182 1183
1142 1143 1184
1142 1183 1184
1143 1144 1185
1143 1184 1185
1144 1145 1186
1144 1185 1186
1145 1146 1187
1145 1186 1187
1146 1147 1188
1146 1187 1188
1147 1148 1189
1147 1188 1189
1149 1150 1191
1149 1190 1191
1150 1151 1192
1150 1191 1192
1151 1152 1193
1151 1192 1193
1152 1153 1194
1152 1193 1194
1153 1154 1195
1153 1194 1195
1154 1155 1196
1154 1195 1196
1155 1156 1197
1155 1196 1197
1156 1157 1198
1156 1197 1198
1157 1158 1199
1157 1198 1199
1158 1159 1200
1158 1199 1200
1159 1160 1201
1159 1200 1201
1160 1161 1202
1160 1201 1202
1161 1162 1203
1161 1202 1203
1162 1163 1204
1162 1203 1204
1163 1164 1205
1163 1204 1205
1164 1165 1206
1164 1205 1206
1165 1166 1207
1165 1206 1207
1166 1167 1208
1166 1207 1208
1167 1168 1209
1167 1208 1209
1168 1169 1210
1168 1209 1210
1169 1170 1211
1169 1210 1211
1170 1171 1212
1170 1211 1212
1171 1172 1213
1171 1212 1213
1172 1173 1214
1172 1213 1214
1173 1174 1215
1173 1214 1215
1174 1175 1216
1174 1215 1216
1175 1176 1217
1175 1216 1217
1176 1177 1218
1176 1217 1218
1177 1178 1219
1177 1218 1219
1178 1179 1220
1178 1219 1220
1179 1180 1221
1179 1220 1221
1180 1181 1222
1180 1221 1222
1181 1182 1223
1181 1222 1223
1182 1183 1224
1182 1223 1224
1183 1184 1225
1183 1224 1225
1184 1185 1226
1184 1225 1226
1185 1186 1227
1185 1226 1227
1186 1187 1228
1186 1227 1228
1187 1188 1229
1187 1228 1229
1188 1189 1230
1188 1229 1230
1190 1191 1232
1190 1231 1232
1191 1192 1233
1191 1232 1233
1192 1193 1234
1192 1233 1234
1193 1194 1235
1193 1234 1235
1194 1195 1236
1194 1235 1236
1195 1196 1237
1195 1236 1237
1196 1197 1238
1196 1237 1238
1197 1198 1239
1197 1238 1239
1198 1199 1240
1198 1239 1240
1199 1200 1241
1199 1240 1241
1200 1201 1242
1200 1241 1242
1201 1202 1243
1201 1242 1243
1202 1203 1244
1202 1243 1244
1203 1204 1245
1203 1244 1245
1204 1205 1246
1204 1245 1246
1205 1206 1247
1205 1246 1247
1206 1207 1248
1206 1247 1248
1207 1208 1249
1207 1248 1249
1208 1209 1250
1208 1249 1250
1209 1210 1251
1209 1250 1251
1210 1211 1252
1210 1251 1252
1211 1212 1253
1211 1252 1253
1212 1213 1254
1212 1253 1254
1213 1214 1255
1213 1254 1255
1214 1215 1256
1214 1255 1256
1215 1216 1257
1215 1256 1257
1216 1217 1258
1216 1257 1258
1217 1218 1259
1217 1258 1259
1218 1219 1260
1218 1259 1260
1219 1220 1261
1219 1260 1261
1220 1221 1262
1220 1261 1262
1221 1222 1263
1221 1262 1263
1222 1223 1264
1222 1263 1264
1223 1224 1265
1223 1264 1265
1224 1225 1266
1224 1265 1266
1225 1226 1267
1225 1266 1267
1226 1227 1268
1226 1267 1268
1227 1228 1269
1227 1268 1269
1228 1229 1270
1228 1269 1270
1229 1230 1271
1229 1270 1271
1231 1232 1273
1231 1272 1273
1232 1233 1274
1232 1273 1274
1233 1234 1275
1233 1274 1275
1234 1235 1276
1234 1275 1276
1235 1236 1277
1235 1276 1277
1236 1237 1278
1236 1277 1278
1237 1238 1279
1237 1278 1279
1238 1239 1280
1238 1279 1280
1239 1240 1281
1239 1280 1281
1240 1241 1282
1240 1281 1282
1241 1242 1283
1241 1282 1283
1242 1243 1284
1242 1283 1284
1243 1244 1285
1243 1284 1285
1244 1245 1286
1244 1285 1286
1245 1246 1287
1245 1286 1287
1246 1247 1288
1246 1287 1288
1247 1248 1289
1247 1288 1289
1248 1249 1290
1248 1289 1290
1249 1250 1291
1249 1290 1291
1250 1251 1292
1250 1291 1292
1251 1252 1293
1251 1292 1293
1252 1253 1294
1252 1293 1294
1253 1254 1295
1253 1294 1295
1254 1255 1296
1254 1295 1296
1255 1256 1297
1255 1296 1297
1256 1257 1298
1256 1297 1298
1257 1258 1299
1257 1298 1299
1258 1259 1300
1258 1299 1300
1259 1260 1301
1259 1300 1301
1260 1261 1302
1260 1301 1302
1261 1262 1303
1261 1302 1303
1262 1263 1304
1262 1303 1304
1263 1264 1305
1263 1304 1305
1264 1265 1306
1264 1305 1306
1265 1266 1307
1265 1306 1307
1266 1267 1308
1266 1307 1308
1267 1268 1309
1267 1308 1309
1268 1269 1310
1268 1309 1310
1269 1270 1311
1269 1310 1311
1270 1271 1312
1270 1311 1312
1272 1273 1314
1272 1313 1314
1273 1274 1315
1273 1314 1315
1274 1275 1316
1274 1315 1316
1275 1276 1317
1275 1316 1317
1276 1277 1318
1276 1317 1318
1277 1278 1319
1277 1318 1319
1278 1279 1320
1278 1319 1320
1279 1280 1321
1279 1320 1321
1280 1281 1322
1280 1321 1322
1281 1282 1323
1281 1322 1323
1282 1283 1324
1282 1323 1324
1283 1284 1325
1283 1324 1325
1284 1285 1326
1284 1325 1326
1285 1286 1327
1285 1326 1327
1286 1287 1328
1286 1327 1328
1287 1288 1329
1287 1328 1329
1288 1289 1330
1288 1329 1330
1289 1290 1331
1289 1330 1331
1290 1291 1332
1290 1331 1332
1291 1292 1333
1291 1332 1333
1292 1293 1334
1292 1333 1334
1293 1294 1335
1293 1334 1335
1294 1295 1336
1294 1335 1336
1295 1296 1337
1295 1336 1337
1296 1297 1338
1296 1337 1338
1297 1298 1339
1297 1338 1339
1298 1299 1340
1298 1339 1340
1299 1300 1341
1299 1340 1341
1300 1301 1342
1300 1341 1342
1301 1302 1343
1301 1342 1343
1302 1303 1344
1302 1343 1344
1303 1304 1345
1303 1344 1345
1304 1305 1346
1304 1345 1346
1305 1306 1347
1305 1346 1347
1306 1307 1348
1306 1347 1348
1307 1308 1349
1307 1348 1349
1308 1309 1350
1308 1349 1350
1309 1310 1351
1309 1350 1351
1310 1311 1352
1310 1351 1352
1311 1312 1353
1311 1352 1353
1313 1314 1355
1313 1354 1355
1314 1315 1356
1314 1355 1356
1315 1316 1357
1315 1356 1357
1316 1317 1358
1316 1357 1358
1317 1318 1359
1317 1358 1359
1318 1319 1360
1318 1359 1360
1319 1320 1361
1319 1360 1361
1320 1321 1362
1320 1361 1362
1321 1322 1363
1321 1362 1363
1322 1323 1364
1322 1363 1364
1323 1324 1365
1323 1364 1365
1324 1325 1366
1324 1365 1366
1325 1326 1367
1325 1366 1367
1326 1327 1368
1326 1367 1368
1327 1328 1369
1327 1368 1369
1328 1329 1370
1328 1369 1370
1329 1330 1371
1329 1370 1371
1330 1331 1372
1330 1371 1372
1331 1332 1373
1331 1372 1373
1332 1333 1374
1332 1373 1374
1333 1334 1375
1333 1374 1375
1334 1335 1376
1334 1375 1376
1335 1336 1377
1335 1376 1377
1336 1337 1378
1336 1377 1378
1337 1338 1379
1337 1378 1379
1338 1339 1380
1338 1379 1380
1339 1340 1381
1339 1380 1381
1340 1341 1382
1340 1381 1382
1341 1342 1383
1341 1382 1383
1342 1343 1384
1342 1383 1384
1343 1344 1385
1343 1384 1385
1344 1345 1386
1344 1385 1386
1345 1346 1387
1345 1386 1387
1346 1347 1388
1346 1387 1388
1347 1348 1389
1347 1388 1389
1348 1349 1390
1348 1389 1390
1349 1350 1391
1349 1390 1391
1350 1351 1392
1350 1391 1392
1351 1352 1393
1351 1392 1393
1352 1353 1394
1352 1393 1394
1354 1355 1396
1354 1395 1396
1355 1356 1397
1355 1396 1397
1356 1357 1398
1356 1397 1398
1357 1358 1399
1357 1398 1399
1358 1359 1400
1358 1399 1400
1359 1360 1401
1359 1400 1401
1360 1361 1402
1360 1401 1402
1361 1362 1403
1361 1402 1403
1362 1363 1404
1362 1403 1404
1363 1364 1405
1363 1404 1405
1364 1365 1406
1364 1405 1406
1365 1366 1407
1365 1406 1407
1366 1367 1408
1366 1407 1408
1367 1368 1409
1367 1408 1409
1368 1369 1410
1368 1409 1410
1369 1370 1411
1369 1410 1411
1370 1371 1412
1370 1411 1412
1371 1372 1413
1371 1412 1413
1372 1373 1414
1372 1413 1414
1373 1374 1415
1373 1414 1415
1374 1375 1416
1374 1415 1416
1375 1376 1417
1375 1416 1417
1376 1377 1418
1376 1417 1418
1377 1378 1419
1377 1418 1419
1378 1379 1420
1378 1419 1420
1379 1380 1421
1379 1420 1421
1380 1381 1422
1380 1421 1422
1381 1382 1423
1381 1422 1423
1382 1383 1424
1382 1423 1424
1383 1384 1425
1383 1424 1425
1384 1385 1426
1384 1425 1426
1385 1386 1427
1385 1426 1427
1386 1387 1428
1386 1427 1428
1387 1388 1429
1387 1428 1429
1388 1389 1430
1388 1429 1430
1389 1390 1431
1389 1430 1431
1390 1391 1432
1390 1431 1432
1391 1392 1433
1391 1432 1433
1392 1393 1434
1392 1433 1434
1393 1394 1435
1393 1434 1435
1395 1396 1437
1395 1436 1437
1396 1397 1438
1396 1437 1438
1397 1398 1439
1397 1438 1439
1398 1399 1440
1398 1439 1440
1399 1400 1441
1399 1440 1441
1400 1401 1442
1400 1441 1442
1401 1402 1443
1401 1442 1443
1402 1403 1444
1402 1443 1444
1403 1404 1445
1403 1444 1445
1404 1405 1446
1404 1445 1446
1405 1406 1447
1405 1446 1447
1406 1407 1448
1406 1447 1448
1407 1408 1449
1407 1448 1449
1408 1409 1450
1408 1449 1450
1409 1410 1451
1409 1450 1451
1410 1411 1452
1410 1451 1452
1411 1412 1453
1411 1452 1453
1412 1413 1454
1412 1453 1454
1413 1414 1455
1413 1454 1455
1414 1415 1456
1414 1455 1456
1415 1416 1457
1415 1456 1457
1416 1417 1458
1416 1457 1458
1417 1418 1459
1417 1458 1459
1418 1419 1460
1418 1459 1460
1419 1420 1461
1419 1460 1461
1420 1421 1462
1420 1461 1462
1421 1422 1463
1421 1462 1463
1422 1423 1464
1422 1463 1464
1423 1424 1465
1423 1464 1465
1424 1425 1466
1424 1465 1466
1425 1426 1467
1425 1466 1467
1426 1427 1468
1426 1467 1468
1427 1428 1469
1427 1468 1469
1428 1429 1470
1428 1469 1470
1429 1430 1471
1429 1470 1471
1430 1431 1472
1430 1471 1472
1431 1432 1473
1431 1472 1473
1432 1433 1474
1432 1473 1474
1433 1434 1475
1433 1474 1475
1434 1435 1476
1434 1475 1476
1436 1437 1478
1436 1477 1478
1437 1438 1479
1437 1478 1479
1438 1439 1480
1438 1479 1480
1439 1440 1481
1439 1480 1481
1440 1441 1482
1440 1481 1482
1441 1442 1483
1441 1482 1483
1442 1443 1484
1442 1483 1484
1443 1444 1485
1443 1484 1485
1444 1445 1486
1444 1485 1486
1445 1446 1487
1445 1486 1487
1446 1447 1488
1446 1487 1488
1447 1448 1489
1447 1488 1489
1448 1449 1490
1448 1489 1490
1449 1450 1491
1449 1490 1491
1450 1451 1492
1450 1491 1492
1451 1452 1493
1451 1492 1493
1452 1453 1494
1452 1493 1494
1453 1454 1495
1453 1494 1495
1454 1455 1496
1454 1495 1496
1455 1456 1497
1455 1496 1497
1456 1457 1498
1456 1497 1498
1457 1458 1499
1457 1498 1499
1458 1459 1500
1458 1499 1500
1459 1460 1501
1459 1500 1501
1460 1461 1502
1460 1501 1502
1461 1462 1503
1461 1502 1503
1462 1463 1504
1462 1503 1504
1463 1464 1505
1463 1504 1505
1464 1465 1506
1464 1505 1506
1465 1466 1507
1465 1506 1507
1466 1467 1508
1466 1507 1508
1467 1468 1509
1467 1508 1509
1468 1469 1510
1468 1509 1510
1469 1470 1511
1469 1510 1511
1470 1471 1512
1470 1511 1512
1471 1472 1513
1471 1512 1513
1472 1473 1514
1472 1513 1514
1473 1474 1515
1473 1514 1515
1474 1475 1516
1474 1515 1516
1475 1476 1517
1475 1516 1517
1477 1478 1519
1477 1518 1519
1478 1479 1520
1478 1519 1520
1479 1480 1521
1479 1520 1521
1480 1481 1522
1480 1521 1522
1481 1482 1523
1481 1522 1523
1482 1483 1524
1482 1523 1524
1483 1484 1525
1483 1524 1525
1484 1485 1526
1484 1525 1526
1485 1486 1527
1485 1526 1527
1486 1487 1528
1486 1527 1528
1487 1488 1529
1487 1528 1529
1488 1489 1530
1488 1529 1530
1489 1490 1531
1489 1530 1531
1490 1491 1532
1490 1531 1532
1491 1492 1533
1491 1532 1533
1492 1493 1534
1492 1533 1534
1493 1494 1535
1493 1534 1535
1494 1495 1536
1494 1535 1536
1495 1496 1537
1495 1536 1537
1496 1497 1538
1496 1537 1538
1497 1498 1539
1497 1538 1539
1498 1499 1540
1498 1539 1540
1499 1500 1541
1499 1540 1541
1500 1501 1542
1500 1541 1542
1501 1502 1543
1501 1542 1543
1502 1503 1544
1502 1543 1544
1503 1504 1545
1503 1544 1545
1504 1505 1546
1504 1545 1546
1505 1506 1547
1505 1546 1547
1506 1507 1548
1506 1547 1548
1507 1508 1549
1507 1548 1549
1508 1509 1550
1508 1549 1550
1509 1510 1551
1509 1550 1551
1510 1511 1552
1510 1551 1552
1511 1512 1553
1511 1552 1553
1512 1513 1554
1512 1553 1554
1513 1514 1555
1513 1554 1555
1514 1515 1556
1514 1555 1556
1515 1516 1557
1515 1556 1557
1516 1517 1558
1516 1557 1558
1518 1519 1560
1518 1559 1560
1519 1520 1561
1519 1560 1561
1520 1521 1562
1520 1561 1562
1521 1522 1563
1521 1562 1563
1522 1523 1564
1522 1563 1564
1523 1524 1565
1523 1564 1565
1524 1525 1566
1524 1565 1566
1525 1526 1567
1525 1566 1567
1526 1527 1568
1526 1567 1568
1527 1528 1569
1527 1568 1569
1528 1529 1570
1528 1569 1570
1529 1530 1571
1529 1570 1571
1530 1531 1572
1530 1571 1572
1531 1532 1573
1531 1572 1573
1532 1533 1574
1532 1573 1574
1533 1534 1575
1533 1574 1575
1534 1535 1576
1534 1575 1576
1535 1536 1577
1535 1576 1577
1536 1537 1578
1536 1577 1578
1537 1538 1579
1537 1578 1579
1538 1539 1580
1538 1579 1580
1539 1540 1581
1539 1580 1581
1540 1541 1582
1540 1581 1582
1541 1542 1583
1541 1582 1583
1542 1543 1584
1542 1583 1584
1543 1544 1585
1543 1584 1585
1544 1545 1586
1544 1585 1586
1545 1546 1587
1545 1586 1587
1546 1547 1588
1546 1587 1588
1547 1548 1589
1547 1588 1589
1548 1549 1590
1548 1589 1590
1549 1550 1591
1549 1590 1591
1550 1551 1592
1550 1591 1592
1551 1552 1593
1551 1592 1593
1552 1553 1594
1552 1593 1594
1553 1554 1595
1553 1594 1595
1554 1555 1596
1554 1595 1596
1555 1556 1597
1555 1596 1597
1556 1557 1598
1556 1597 1598
1557 1558 1599
1557 1598 1599
1559 1560 1601
1559 1600 1601
1560 1561 1602
1560 1601 1602
1561 1562 1603
1561 1602 1603
1562 1563 1604
1562 1603 1604
1563 1564 1605
1563 1604 1605
1564 1565 1606
1564 1605 1606
1565 1566 1607
1565 1606 1607
1566 1567 1608
1566 1607 1608
1567 1568 1609
1567 1608 1609
1568 1569 1610
1568 1609 1610
1569 1570 1611
1569 1610 1611
1570 1571 1612
1570 1611 1612
1571 1572 1613
1571 1612 1613
1572 1573 1614
1572 1613 1614
1573 1574 1615
1573 1614 1615
1574 1575 1616
1574 1615 1616
1575 1576 1617
1575 1616 1617
1576 1577 1618
1576 1617 1618
1577 1578 1619
1577 1618 1619
1578 1579 1620
1578 1619 1620
1579 1580 1621
1579 1620 1621
1580 1581 1622
1580 1621 1622
1581 1582 1623
1581 1622 1623
1582 1583 1624
1582 1623 1624
1583 1584 1625
1583 1624 1625
1584 1585 1626
1584 1625 1626
1585 1586 1627
1585 1626 1627
1586 1587 1628
1586 1627 1628
1587 1588 1629
1587 1628 1629
1588 1589 1630
1588 1629 1630
1589 1590 1631
1589 1630 1631
1590 1591 1632
1590 1631 1632
1591 1592 1633
1591 1632 1633
1592 1593 1634
1592 1633 1634
1593 1594 1635
1593 1634 1635
1594 1595 1636
1594 1635 1636
1595 1596 1637
1595 1636 1637
1596 1597 1638
1596 1637 1638
1597 1598 1639
1597 1638 1639
1598 1599 1640
1598 1639 1640
1600 1601 1642
1600 1641 1642
1601 1602 1643
1601 1642 1643
1602 1603 1644
1602 1643 1644
1603 1604 1645
1603 1644 1645
1604 1605 1646
1604 1645 1646
1605 1606 1647
1605 1646 1647
1606 1607 1648
1606 1647 1648
1607 1608 1649
1607 1648 1649
1608 1609 1650
1608 1649 1650
1609 1610 1651
1609 1650 1651
1610 1611 1652
1610 1651 1652
1611 1612 1653
1611 1652 1653
1612 1613 1654
1612 1653 1654
1613 1614 1655
1613 1654 1655
1614 1615 1656
1614 1655 1656
1615 1616 1657
1615 1656 1657
1616 1617 1658
1616 1657 1658
1617 1618 1659
1617 1658 1659
1618 1619 1660
1618 1659 1660
1619 1620 1661
1619 1660 1661
1620 1621 1662
1620 1661 1662
1621 1622 1663
1621 1662 1663
1622 1623 1664
1622 1663 1664
1623 1624 1665
1623 1664 1665
1624 1625 1666
1624 1665 1666
1625 1626 1667
1625 1666 1667
1626 1627 1668
1626 1667 1668
1627 1628 1669
1627 1668 1669
1628 1629 1670
1628 1669 1670
1629 1630 1671
1629 1670 1671
1630 1631 1672
1630 1671 1672
1631 1632 1673
1631 1672 1673
1632 1633 1674
1632 1673 1674
1633 1634 1675
1633 1674 1675
1634 1635 1676
1634 1675 1676
1635 1636 1677
1635 1676 1677
1636 1637 1678
1636 1677 1678
1637 1638 1679
1637 1678 1679
1638 1639 1680
1638 1679 1680
1639 1640 1681
1639 1680 1681
1641 1642 1683
1641 1682 1683
1642 1643 1684
1642 1683 1684
1643 1644 1685
1643 1684 1685
1644 1645 1686
1644 1685 1686
1645 1646 1687
1645 1686 1687
1646 1647 1688
1646 1687 1688
1647 1648 1689
1647 1688 1689
1648 1649 1690
1648 1689 1690
1649 1650 1691
1649 1690 1691
1650 1651 1692
1650 1691 1692
1651 1652 1693
1651 1692 1693
1652 1653 1694
1652 1693 1694
1653 1654 1695
1653 1694 1695
1654 1655 1696
1654 1695 1696
1655 1656 1697
1655 1696 1697
1656 1657 1698
1656 1697 1698
1657 1658 1699
1657 1698 1699
1658 1659 1700
1658 1699 1700
1659 1660 1701
1659 1700 1701
1660 1661 1702
1660 1701 1702
1661 1662 1703
1661 1702 1703
1662 1663 1704
1662 1703 1704
1663 1664 1705
1663 1704 1705
1664 1665 1706
1664 1705 1706
1665 1666 1707
1665 1706 1707
1666 1667 1708
1666 1707 1708
1667 1668 1709
1667 1708 1709
1668 1669 1710
1668 1709 1710
1669 1670 1711
1669 1710 1711
1670 1671 1712
1670 1711 1712
1671 1672 1713
1671 1712 1713
1672 1673 1714
1672 1713 1714
1673 1674 1715
1673 1714 1715
1674 1675 1716
1674 1715 1716
1675 1676 1717
1675 1716 1717
1676 1677 1718
1676 1717 1718
1677 1678 1719
1677 1718 1719
1678 1679 1720
1678 1719 1720
1679 1680 1721
1679 1720 1721
1680 1681 1722
1680 1721 1722
1682 1683 1724
1682 1723 1724
1683 1684 1725
1683 1724 1725
1684 1685 1726
1684 1725 1726
1685 1686 1727
1685 1726 1727
1686 1687 1728
1686 1727 1728
1687 1688 1729
1687 1728 1729
1688 1689 1730
1688 1729 1730
1689 1690 1731
1689 1730 1731
1690 1691 1732
1690 1731 1732
1691 1692 1733
1691 1732 1733
1692 1693 1734
1692 1733 1734
1693 1694 1735
1693 1734 1735
1694 1695 1736
1694 1735 1736
1695 1696 1737
1695 1736 1737
1696 1697 1738
1696 1737 1738
1697 1698 1739
1697 1738 1739
1698 1699 1740
1698 1739 1740
1699 1700 1741
1699 1740 1741
1700 1701 1742
1700 1741 1742
1701 1702 1743
1701 1742 1743
1702 1703 1744
1702 1743 1744
1703 1704 1745
1703 1744 1745
1704 1705 1746
1704 1745 1746
1705 1706 1747
1705 1746 1747
1706 1707 1748
1706 1747 1748
1707 1708 1749
1707 1748 1749
1708 1709 1750
1708 1749 1750
1709 1710 1751
1709 1750 1751
1710 1711 1752
1710 1751 1752
1711 1712 1753
1711 1752 1753
1712 1713 1754
1712 1753 1754
1713 1714 1755
1713 1754 1755
1714 1715 1756
1714 1755 1756
1715 1716 1757
1715 1756 1757
1716 1717 1758
1716 1757 1758
1717 1718 1759
1717 1758 1759
1718 1719 1760
1718 1759 1760
1719 1720 1761
1719 1760 1761
1720 1721 1762
1720 1761 1762
1721 1722 1763
1721 1762 1763
1723 1724 1765
1723 1764 1765
1724 1725 1766
1724 1765 1766
1725 1726 1767
1725 1766 1767
1726 1727 1768
1726 1767 1768
1727 1728 1769
1727 1768 1769
1728 1729 1770
1728 1769 1770
1729 1730 1771
1729 1770 1771
1730 1731 1772
1730 1771 1772
1731 1732 1773
1731 1772 1773
1732 1733 1774
1732 1773 1774
1733 1734 1775
1733 1774 1775
1734 1735 1776
1734 1775 1776
1735 1736 1777
1735 1776 1777
1736 1737 1778
1736 1777 1778
1737 1738 1779
1737 1778 1779
1738 1739 1780
1738 1779 1780
1739 1740 1781
1739 1780 1781
1740 1741 1782
1740 1781 1782
1741 1742 1783
1741 1782 1783
1742 1743 1784
1742 1783 1784
1743 1744 1785
1743 1784 1785
1744 1745 1786
1744 1785 1786
1745 1746 1787
1745 1786 1787
1746 1747 1788
1746 1787 1788
1747 1748 1789
1747 1788 1789
1748 1749 1790
1748 1789 1790
1749 1750 1791
1749 1790 1791
1750 1751 1792
1750 1791 1792
1751 1752 1793
1751 1792 1793
1752 1753 1794
1752 1793 1794
1753 1754 1795
1753 1794 1795
1754 1755 1796
1754 1795 1796
1755 1756 1797
1755 1796 1797
1756 1757 1798
1756 1797 1798
1757 1758 1799
1757 1798 1799
1758 1759 1800
1758 1799 1800
1759 1760 1801
1759 1800 1801
1760 1761 1802
1760 1801 1802
1761 1762 1803
1761 1802 1803
1762 1763 1804
1762 1803 1804
1764 1765 1806
1764 1805 1806
1765 1766 1807
1765 1806 1807
1766 1767 1808
1766 1807 1808
1767 1768 1809
1767 1808 1809
1768 1769 1810
1768 1809 1810
1769 1770 1811
1769 1810 1811
1770 1771 1812
1770 1811 1812
1771 1772 1813
1771 1812 1813
1772 1773 1814
1772 1813 1814
1773 1774 1815
1773 1814 1815
1774 1775 1816
1774 1815 1816
1775 1776 1817
1775 1816 1817
1776 1777 1818
1776 1817 1818
1777 1778 1819
1777 1818 1819
1778 1779 1820
1778 1819 1820
1779 1780 1821
1779 1820 1821
1780 1781 1822
1780 1821 1822
1781 1782 1823
1781 1822 1823
1782 1783 1824
1782 1823 1824
1783 1784 1825
1783 1824 1825
1784 1785 1826
1784 1825 1826
1785 1786 1827
1785 1826 1827
1786 1787 1828
1786 1827 1828
1787 1788 1829
1787 1828 1829
1788 1789 1830
1788 1829 1830
1789 1790 1831
1789 1830 1831
1790 1791 1832
1790 1831 1832
1791 1792 1833
1791 1832 1833
1792 1793 1834
1792 1833 1834
1793 1794 1835
1793 1834 1835
1794 1795 1836
1794 1835 1836
1795 1796 1837
1795 1836 1837
1796 1797 1838
1796 1837 1838
1797 1798 1839
1797 1838 1839
1798 1799 1840
1798 1839 1840
1799 1800 1841
1799 1840 1841
1800 1801 1842
1800 1841 1842
1801 1802 1843
1801 1842 1843
1802 1803 1844
1802 1843 1844
1803 1804 1845
1803 1844 1845
1805 1806 1847
1805 1846 1847
1806 1807 1848
1806 1847 1848
1807 1808 1849
1807 1848 1849
1808 1809 1850
1808 1849 1850
1809 1810 1851
1809 1850 1851
1810 1811 1852
1810 1851 1852
1811 1812 1853
1811 1852 1853
1812 1813 1854
1812 1853 1854
1813 1814 1855
1813 1854 1855
1814 1815 1856
1814 1855 1856
1815 1816 1857
1815 1856 1857
1816 1817 1858
1816 1857 1858
1817 1818 1859
1817 1858 1859
1818 1819 1860
1818 1859 1860
1819 1820 1861
1819 1860 1861
1820 1821 1862
1820 1861 1862
1821 1822 1863
1821 1862 1863
1822 1823 1864
1822 1863 1864
1823 1824 1865
1823 1864 1865
1824 1825 1866
1824 1865 1866
1825 1826 1867
1825 1866 1867
1826 1827 1868
1826 1867 1868
1827 1828 1869
1827 1868 1869
1828 1829 1870
1828 1869 1870
1829 1830 1871
1829 1870 1871
1830 1831 1872
1830 1871 1872
1831 1832 1873
1831 1872 1873
1832 1833 1874
1832 1873 1874
1833 1834 1875
1833 1874 1875
1834 1835 1876
1834 1875 1876
1835 1836 1877
1835 1876 1877
1836 1837 1878
1836 1877 1878
1837 1838 1879
1837 1878 1879
1838 1839 1880
1838 1879 1880
1839 1840 1881
1839 1880 1881
1840 1841 1882
1840 1881 1882
1841 1842 1883
1841 1882 1883
1842 1843 1884
1842 1883 1884
1843 1844 1885
1843 1884 1885
1844 1845 1886
1844 1885 1886
1846 1847 1888
1846 1887 1888
1847 1848 1889
1847 1888 1889
1848 1849 1890
1848 1889 1890
1849 1850 1891
1849 1890 1891
1850 1851 1892
1850 1891 1892
1851 1852 1893
1851 1892 1893
1852 1853 1894
1852 1893 1894
1853 1854 1895
1853 1894 1895
1854 1855 1896
1854 1895 1896
1855 1856 1897
1855 1896 1897
1856 1857 1898
1856 1897 1898
1857 1858 1899
1857 1898 1899
1858 1859 1900
1858 1899 1900
1859 1860 1901
1859 1900 1901
1860 1861 1902
1860 1901 1902
1861 1862 1903
1861 1902 1903
1862 1863 1904
1862 1903 1904
1863 1864 1905
1863 1904 1905
1864 1865 1906
1864 1905 1906
1865 1866 1907
1865 1906 1907
1866 1867 1908
1866 1907 1908
1867 1868 1909
1867 1908 1909
1868 1869 1910
1868 1909 1910
1869 1870 1911
1869 1910 1911
1870 1871 1912
1870 1911 1912
1871 1872 1913
1871 1912 1913
1872 1873 1914
1872 1913 1914
1873 1874 1915
1873 1914 1915
1874 1875 1916
1874 1915 1916
1875 1876 1917
1875 1916 1917
1876 1877 1918
1876 1917 1918
1877 1878 1919
1877 1918 1919
1878 1879 1920
1878 1919 1920
1879 1880 1921
1879 1920 1921
1880 1881 1922
1880 1921 1922
1881 1882 1923
1881 1922 1923
1882 1883 1924
1882 1923 1924
1883 1884 1925
1883 1924 1925
1884 1885 1926
1884 1925 1926
1885 1886 1927
1885 1926 1927
1887 1888 1929
1887 1928 1929
1888 1889 1930
1888 1929 1930
1889 1890 1931
1889 1930 1931
1890 1891 1932
1890 1931 1932
1891 1892 1933
1891 1932 1933
1892 1893 1934
1892 1933 1934
1893 1894 1935
1893 1934 1935
1894 1895 1936
1894 1935 1936
1895 1896 1937
1895 1936 1937
1896 1897 1938
1896 1937 1938
1897 1898 1939
1897 1938 1939
1898 1899 1940
1898 1939 1940
1899 1900 1941
1899 1940 1941
1900 1901 1942
1900 1941 1942
1901 1902 1943
1901 1942 1943
1902 1903 1944
1902 1943 1944
1903 1904 1945
1903 1944 1945
1904 1905 1946
1904 1945 1946
1905 1906 1947
1905 1946 1947
1906 1907 1948
1906 1947 1948
1907 1908 1949
1907 1948 1949
1908 1909 1950
1908 1949 1950
1909 1910 1951
1909 1950 1951
1910 1911 1952
1910 1951 1952
1911 1912 1953
1911 1952 1953
1912 1913 1954
1912 1953 1954
1913 1914 1955
1913 1954 1955
1914 1915 1956
1914 1955 1956
1915 1916 1957
1915 1956 1957
1916 1917 1958
1916 1957 1958
1917 1918 1959
1917 1958 1959
1918 1919 1960
1918 1959 1960
1919 1920 1961
1919 1960 1961
1920 1921 1962
1920 1961 1962
1921 1922 1963
1921 1962 1963
1922 1923 1964
1922 1963 1964
1923 1924 1965
1923 1964 1965
1924 1925 1966
1924 1965 1966
1925 1926 1967
1925 1966 1967
1926 1927 1968
1926 1967 1968
1928 1929 1970
1928 1969 1970
1929 1930 1971
1929 1970 1971
1930 1931 1972
1930 1971 1972
1931 1932 1973
1931 1972 1973
1932 1933 1974
1932 1973 1974
1933 1934 1975
1933 1974 1975
1934 1935 1976
1934 1975 1976
1935 1936 1977
1935 1976 1977
1936 1937 1978
1936 1977 1978
1937 1938 1979
1937 1978 1979
1938 1939 1980
1938 1979 1980
1939 1940 1981
1939 1980 1981
1940 1941 1982
1940 1981 1982
1941 1942 1983
1941 1982 1983
1942 1943 1984
1942 1983 1984
1943 1944 1985
1943 1984 1985
1944 1945 1986
1944 1985 1986
1945 1946 1987
1945 1986 1987
1946 1947 1988
1946 1987 1988
1947 1948 1989
1947 1988 1989
1948 1949 1990
1948 1989 1990
1949 1950 1991
1949 1990 1991
1950 1951 1992
1950 1991 1992
1951 1952 1993
1951 1992 1993
1952 1953 1994
1952 1993 1994
1953 1954 1995
1953 1994 1995
1954 1955 1996
1954 1995 1996
1955 1956 1997
1955 1996 1997
1956 1957 1998
1956 1997 1998
1957 1958 1999
1957 1998 1999
1958 1959 2000
1958 1999 2000
1959 1960 2001
1959 2000 2001
1960 1961 2002
1960 2001 2002
1961 1962 2003
1961 2002 2003
1962 1963 2004
1962 2003 2004
1963 1964 2005
1963 2004 2005
1964 1965 2006
1964 2005 2006
1965 1966 2007
1965 2006 2007
1966 1967 2008
1966 2007 2008
1967 1968 2009
1967 2008 2009
1969 1970 2011
1969 2010 2011
1970 1971 2012
1970 2011 2012
1971 1972 2013
1971 2012 2013
1972 1973 2014
1972 2013 2014
1973 1974 2015
1973 2014 2015
1974 1975 2016
1974 2015 2016
1975 1976 2017
1975 2016 2017
1976 1977 2018
1976 2017 2018
1977 1978 2019
1977 2018 2019
1978 1979 2020
1978 2019 2020
1979 1980 2021
1979 2020 2021
1980 1981 2022
1980 2021 2022
1981 1982 2023
1981 2022 2023
1982 1983 2024
1982 2023 2024
1983 1984 2025
1983 2024 2025
1984 1985 2026
1984 2025 2026
1985 1986 2027
1985 2026 2027
1986 1987 2028
1986 2027 2028
1987 1988 2029
1987 2028 2029
1988 1989 2030
1988 2029 2030
1989 1990 2031
1989 2030 2031
1990 1991 2032
1990 2031 2032
1991 1992 2033
1991 2032 2033
1992 1993 2034
1992 2033 2034
1993 1994 2035
1993 2034 2035
1994 1995 2036
1994 2035 2036
1995 1996 2037
1995 2036 2037
1996 1997 2038
1996 2037 2038
1997 1998 2039
1997 2038 2039
1998 1999 2040
1998 2039 2040
1999 2000 2041
1999 2040 2041
2000 2001 2042
2000 2041 2042
2001 2002 2043
2001 2042 2043
2002 2003 2044
2002 2043 2044
2003 2004 2045
2003 2044 2045
2004 2005 2046
2004 2045 2046
2005 2006 2047
2005 2046 2047
2006 2007 2048
2006 2047 2048
2007 2008 2049
2007 2048 2049
2008 2009 2050
2008 2049 2050
2010 2011 2052
2010 2051 2052
2011 2012 2053
2011 2052 2053
2012 2013 2054
2012 2053 2054
2013 2014 2055
2013 2054 2055
2014 2015 2056
2014 2055 2056
2015 2016 2057
2015 2056 2057
2016 2017 2058
2016 2057 2058
2017 2018 2059
2017 2058 2059
2018 2019 2060
2018 2059 2060
2019 2020 2061
2019 2060 2061
2020 2021 2062
2020 2061 2062
2021 2022 2063
2021 2062 2063
2022 2023 2064
2022 2063 2064
2023 2024 2065
2023 2064 2065
2024 2025 2066
2024 2065 2066
2025 2026 2067
2025 2066 2067
2026 2027 2068
2026 2067 2068
2027 2028 2069
2027 2068 2069
2028 2029 2070
2028 2069 2070
2029 2030 2071
2029 2070 2071
2030 2031 2072
2030 2071 2072
2031 2032 2073
2031 2072 2073
2032 2033 2074
2032 2073 2074
2033 2034 2075
2033 2074 2075
2034 2035 2076
2034 2075 2076
2035 2036 2077
2035 2076 2077
2036 2037 2078
2036 2077 2078
2037 2038 2079
2037 2078 2079
2038 2039 2080
2038 2079 2080
2039 2040 2081
2039 2080 2081
2040 2041 2082
2040 2081 2082
2041 2042 2083
2041 2082 2083
2042 2043 2084
2042 2083 2084
2043 2044 2085
2043 2084 2085
2044 2045 2086
2044 2085 2086
2045 2046 2087
2045 2086 2087
2046 2047 2088
2046 2087 2088
2047 2048 2089
2047 2088 2089
2048 2049 2090
2048 2089 2090
2049 2050 2091
2049 2090 2091
2051 2052 2093
2051 2092 2093
2052 2053 2094
2052 2093 2094
2053 2054 2095
2053 2094 2095
2054 2055 2096
2054 2095 2096
2055 2056 2097
2055 2096 2097
2056 2057 2098
2056 2097 2098
2057 2058 2099
2057 2098 2099
2058 2059 2100
2058 2099 2100
2059 2060 2101
2059 2100 2101
2060 2061 2102
2060 2101 2102
2061 2062 2103
2061 2102 2103
2062 2063 2104
2062 2103 2104
2063 2064 2105
2063 2104 2105
2064 2065 2106
2064 2105 2106
2065 2066 2107
2065 2106 2107
2066 2067 2108
2066 2107 2108
2067 2068 2109
2067 2108 2109
2068 2069 2110
2068 2109 2110
2069 2070 2111
2069 2110 2111
2070 2071 2112
2070 2111 2112
2071 2072 2113
2071 2112 2113
2072 2073 2114
2072 2113 2114
2073 2074 2115
2073 2114 2115
2074 2075 2116
2074 2115 2116
2075 2076 2117
2075 2116 2117
2076 2077 2118
2076 2117 2118
2077 2078 2119
2077 2118 2119
2078 2079 2120
2078 2119 2120
2079 2080 2121
2079 2120 2121
2080 2081 2122
2080 2121 2122
2081 2082 2123
2081 2122 2123
2082 2083 2124
2082 2123 2124
2083 2084 2125
2083 2124 2125
2084 2085 2126
2084 2125 2126
2085 2086 2127
2085 2126 2127
2086 2087 2128
2086 2127 2128
2087 2088 2129
2087 2128 2129
2088 2089 2130
2088 2129 2130
2089 2090 2131
2089 2130 2131
2090 2091 2132
2090 2131 2132
2092 2093 2134
2092 2133 2134
2093 2094 2135
2093 2134 2135
2094 2095 2136
2094 2135 2136
2095 2096 2137
2095 2136 2137
2096 2097 2138
2096 2137 2138
2097 2098 2139
2097 2138 2139
2098 2099 2140
2098 2139 2140
2099 2100 2141
2099 2140 2141
2100 2101 2142
2100 2141 2142
2101 2102 2143
2101 2142 2143
2102 2103 2144
2102 2143 2144
2103 2104 2145
2103 2144 2145
2104 2105 2146
2104 2145 2146
2105 2106 2147
2105 2146 2147
2106 2107 2148
2106 2147 2148
2107 2108 2149
2107 2148 2149
2108 2109 2150
2108 2149 2150
2109 2110 2151
2109 2150 2151
2110 2111 2152
2110 2151 2152
2111 2112 2153
2111 2152 2153
2112 2113 2154
2112 2153 2154
2113 2114 2155
2113 2154 2155
2114 2115 2156
2114 2155 2156
2115 2116 2157
2115 2156 2157
2116 2117 2158
2116 2157 2158
2117 2118 2159
2117 2158 2159
2118 2119 2160
2118 2159 2160
2119 2120 2161
2119 2160 2161
2120 2121 2162
2120 2161 2162
2121 2122 2163
2121 2162 2163
2122 2123 2164
2122 2163 2164
2123 2124 2165
2123 2164 2165
2124 2125 2166
2124 2165 2166
2125 2126 2167
2125 2166 2167
2126 2127 2168
2126 2167 2168
2127 2128 2169
2127 2168 2169
2128 2129 2170
2128 2169 2170
2129 2130 2171
2129 2170 2171
2130 2131 2172
2130 2171 2172
2131 2132 2173
2131 2172 2173
2133 2134 2175
2133 2174 2175
2134 2135 2176
2134 2175 2176
2135 2136 2177
2135 2176 2177
2136 2137 2178
2136 2177 2178
2137 2138 2179
2137 2178 2179
2138 2139 2180
2138 2179 2180
2139 2140 2181
2139 2180 2181
2140 2141 2182
2140 2181 2182
2141 2142 2183
2141 2182 2183
2142 2143 2184
2142 2183 2184
2143 2144 2185
2143 2184 2185
2144 2145 2186
2144 2185 2186
2145 2146 2187
2145 2186 2187
2146 2147 2188
2146 2187 2188
2147 2148 2189
2147 2188 2189
2148 2149 2190
2148 2189 2190
2149 2150 2191
2149 2190 2191
2150 2151 2192
2150 2191 2192
2151 2152 2193
2151 2192 2193
2152 2153 2194
2152 2193 2194
2153 2154 2195
2153 2194 2195
2154 2155 2196
2154 2195 2196
2155 2156 2197
2155 2196 2197
2156 2157 2198
2156 2197 2198
2157 2158 2199
2157 2198 2199
2158 2159 2200
2158 2199 2200
2159 2160 2201
2159 2200 2201
2160 2161 2202
2160 2201 2202
2161 2162 2203
2161 2202 2203
2162 2163 2204
2162 2203 2204
2163 2164 2205
2163 2204 2205
2164 2165 2206
2164 2205 2206
2165 2166 2207
2165 2206 2207
2166 2167 2208
2166 2207 2208
2167 2168 2209
2167 2208 2209
2168 2169 2210
2168 2209 2210
2169 2170 2211
2169 2210 2211
2170 2171 2212
2170 2211 2212
2171 2172 2213
2171 2212 2213
2172 2173 2214
2172 2213 2214
2174 2175 2216
2174 2215 2216
2175 2176 2217
2175 2216 2217
2176 2177 2218
2176 2217 2218
2177 2178 2219
2177 2218 2219
2178 2179 2220
2178 2219 2220
2179 2180 2221
2179 2220 2221
2180 2181 2222
2180 2221 2222
2181 2182 2223
2181 2222 2223
2182 2183 2224
2182 2223 2224
2183 2184 2225
2183 2224 2225
2184 2185 2226
2184 2225 2226
2185 2186 2227
2185 2226 2227
2186 2187 2228
2186 2227 2228
2187 2188 2229
2187 2228 2229
2188 2189 2230
2188 2229 2230
2189 2190 2231
2189 2230 2231
2190 2191 2232
2190 2231 2232
2191 2192 2233
2191 2232 2233
2192 2193 2234
2192 2233 2234
2193 2194 2235
2193 2234 2235
2194 2195 2236
2194 2235 2236
2195 2196 2237
2195 2236 2237
2196 2197 2238
2196 2237 2238
2197 2198 2239
2197 2238 2239
2198 2199 2240
2198 2239 2240
2199 2200 2241
2199 2240 2241
2200 2201 2242
2200 2241 2242
2201 2202 2243
2201 2242 2243
2202 2203 2244
2202 2243 2244
2203 2204 2245
2203 2244 2245
2204 2205 2246
2204 2245 2246
2205 2206 2247
2205 2246 2247
2206 2207 2248
2206 2247 2248
2207 2208 2249
2207 2248 2249
2208 2209 2250
2208 2249 2250
2209 2210 2251
2209 2250 2251
2210 2211 2252
2210 2251 2252
2211 2212 2253
2211 2252 2253
2212 2213 2254
2212 2253 2254
2213 2214 2255
2213 2254 2255
2215 2216 2257
2215 2256 2257
2216 2217 2258
2216 2257 2258
2217 2218 2259
2217 2258 2259
2218 2219 2260
2218 2259 2260
2219 2220 2261
2219 2260 2261
2220 2221 2262
2220 2261 2262
2221 2222 2263
2221 2262 2263
2222 2223 2264
2222 2263 2264
2223 2224 2265
2223 2264 2265
2224 2225 2266
2224 2265 2266
2225 2226 2267
2225 2266 2267
2226 2227 2268
2226 2267 2268
2227 2228 2269
2227 2268 2269
2228 2229 2270
2228 2269 2270
2229 2230 2271
2229 2270 2271
2230 2231 2272
2230 2271 2272
2231 2232 2273
2231 2272 2273
2232 2233 2274
2232 2273 2274
2233 2234 2275
2233 2274 2275
2234 2235 2276
2234 2275 2276
2235 2236 2277
2235 2276 2277
2236 2237 2278
2236 2277 2278
2237 2238 2279
2237 2278 2279
2238 2239 2280
2238 2279 2280
2239 2240 2281
2239 2280 2281
2240 2241 2282
2240 2281 2282
2241 2242 2283
2241 2282 2283
2242 2243 2284
2242 2283 2284
2243 2244 2285
2243 2284 2285
2244 2245 2286
2244 2285 2286
2245 2246 2287
2245 2286 2287
2246 2247 2288
2246 2287 2288
2247 2248 2289
2247 2288 2289
2248 2249 2290
2248 2289 2290
2249 2250 2291
2249 2290 2291
2250 2251 2292
2250 2291 2292
2251 2252 2293
2251 2292 2293
2252 2253 2294
2252 2293 2294
2253 2254 2295
2253 2294 2295
2254 2255 2296
2254 2295 2296
2256 2257 2298
2256 2297 2298
2257 2258 2299
2257 2298 2299
2258 2259 2300
2258 2299 2300
2259 2260 2301
2259 2300 2301
2260 2261 2302
2260 2301 2302
2261 2262 2303
2261 2302 2303
2262 2263 2304
2262 2303 2304
2263 2264 2305
2263 2304 2305
2264 2265 2306
2264 2305 2306
2265 2266 2307
2265 2306 2307
2266 2267 2308
2266 2307 2308
2267 2268 2309
2267 2308 2309
2268 2269 2310
2268 2309 2310
2269 2270 2311
2269 2310 2311
2270 2271 2312
2270 2311 2312
2271 2272 2313
2271 2312 2313
2272 2273 2314
2272 2313 2314
2273 2274 2315
2273 2314 2315
2274 2275 2316
2274 2315 2316
2275 2276 2317
2275 2316 2317
2276 2277 2318
2276 2317 2318
2277 2278 2319
2277 2318 2319
2278 2279 2320
2278 2319 2320
2279 2280 2321
2279 2320 2321
2280 2281 2322
2280 2321 2322
2281 2282 2323
2281 2322 2323
2282 2283 2324
2282 2323 2324
2283 2284 2325
2283 2324 2325
2284 2285 2326
2284 2325 2326
2285 2286 2327
2285 2326 2327
2286 2287 2328
2286 2327 2328
2287 2288 2329
2287 2328 2329
2288 2289 2330
2288 2329 2330
2289 2290 2331
2289 2330 2331
2290 2291 2332
2290 2331 2332
2291 2292 2333
2291 2332 2333
2292 2293 2334
2292 2333 2334
2293 2294 2335
2293 2334 2335
2294 2295 2336
2294 2335 2336
2295 2296 2337
2295 2336 2337
2297 2298 2339
2297 2338 2339
2298 2299 2340
2298 2339 2340
2299 2300 2341
2299 2340 2341
2300 2301 2342
2300 2341 2342
2301 2302 2343
2301 2342 2343
2302 2303 2344
2302 2343 2344
2303 2304 2345
2303 2344 2345
2304 2305 2346
2304 2345 2346
2305 2306 2347
2305 2346 2347
2306 2307 2348
2306 2347 2348
2307 2308 2349
2307 2348 2349
2308 2309 2350
2308 2349 2350
2309 2310 2351
2309 2350 2351
2310 2311 2352
2310 2351 2352
2311 2312 2353
2311 2352 2353
2312 2313 2354
2312 2353 2354
2313 2314 2355
2313 2354 2355
2314 2315 2356
2314 2355 2356
2315 2316 2357
2315 2356 2357
2316 2317 2358
2316 2357 2358
2317 2318 2359
2317 2358 2359
2318 2319 2360
2318 2359 2360
2319 2320 2361
2319 2360 2361
2320 2321 2362
2320 2361 2362
2321 2322 2363
2321 2362 2363
2322 2323 2364
2322 2363 2364
2323 2324 2365
2323 2364 2365
2324 2325 2366
2324 2365 2366
2325 2326 2367
2325 2366 2367
2326 2327 2368
2326 2367 2368
2327 2328 2369
2327 2368 2369
2328 2329 2370
2328 2369 2370
2329 2330 2371
2329 2370 2371
2330 2331 2372
2330 2371 2372
2331 2332 2373
2331 2372 2373
2332 2333 2374
2332 2373 2374
2333 2334 2375
2333 2374 2375
2334 2335 2376
2334 2375 2376
2335 2336 2377
2335 2376 2377
2336 2337 2378
2336 2377 2378
2338 2339 2380
2338 2379 2380
2339 2340 2381
2339 2380 2381
2340 2341 2382
2340 2381 2382
2341 2342 2383
2341 2382 2383
2342 2343 2384
2342 2383 2384
2343 2344 2385
2343 2384 2385
2344 2345 2386
2344 2385 2386
2345 2346 2387
2345 2386 2387
2346 2347 2388
2346 2387 2388
2347 2348 2389
2347 2388 2389
2348 2349 2390
2348 2389 2390
2349 2350 2391
2349 2390 2391
2350 2351 2392
2350 2391 2392
2351 2352 2393
2351 2392 2393
2352 2353 2394
2352 2393 2394
2353 2354 2395
2353 2394 2395
2354 2355 2396
2354 2395 2396
2355 2356 2397
2355 2396 2397
2356 2357 2398
2356 2397 2398
2357 2358 2399
2357 2398 2399
2358 2359 2400
2358 2399 2400
2359 2360 2401
2359 2400 2401
2360 2361 2402
2360 2401 2402
2361 2362 2403
2361 2402 2403
2362 2363 2404
2362 2403 2404
2363 2364 2405
2363 2404 2405
2364 2365 2406
2364 2405 2406
2365 2366 2407
2365 2406 2407
2366 2367 2408
2366 2407 2408
2367 2368 2409
2367 2408 2409
2368 2369 2410
2368 2409 2410
2369 2370 2411
2369 2410 2411
2370 2371 2412
2370 2411 2412
2371 2372 2413
2371 2412 2413
2372 2373 2414
2372 2413 2414
2373 2374 2415
2373 2414 2415
2374 2375 2416
2374 2415 2416
2375 2376 2417
2375 2416 2417
2376 2377 2418
2376 2417 2418
2377 2378 2419
2377 2418 2419
2379 2380 2421
2379 2420 2421
2380 2381 2422
2380 2421 2422
2381 2382 2423
2381 2422 2423
2382 2383 2424
2382 2423 2424
2383 2384 2425
2383 2424 2425
2384 2385 2426
2384 2425 2426
2385 2386 2427
2385 2426 2427
2386 2387 2428
2386 2427 2428
2387 2388 2429
2387 2428 2429
2388 2389 2430
2388 2429 2430
2389 2390 2431
2389 2430 2431
2390 2391 2432
2390 2431 2432
2391 2392 2433
2391 2432 2433
2392 2393 2434
2392 2433 2434
2393 2394 2435
2393 2434 2435
2394 2395 2436
2394 2435 2436
2395 2396 2437
2395 2436 2437
2396 2397 2438
2396 2437 2438
2397 2398 2439
2397 2438 2439
2398 2399 2440
2398 2439 2440
2399 2400 2441
2399 2440 2441
2400 2401 2442
2400 2441 2442
2401 2402 2443
2401 2442 2443
2402 2403 2444
2402 2443 2444
2403 2404 2445
2403 2444 2445
2404 2405 2446
2404 2445 2446
2405 2406 2447
2405 2446 2447
2406 2407 2448
2406 2447 2448
2407 2408 2449
2407 2448 2449
2408 2409 2450
2408 2449 2450
2409 2410 2451
2409 2450 2451
2410 2411 2452
2410 2451 2452
2411 2412 2453
2411 2452 2453
2412 2413 2454
2412 2453 2454
2413 2414 2455
2413 2454 2455
2414 2415 2456
2414 2455 2456
2415 2416 2457
2415 2456 2457
2416 2417 2458
2416 2457 2458
2417 2418 2459
2417 2458 2459
2418 2419 2460
2418 2459 2460
2420 2421 2462
2420 2461 2462
2421 2422 2463
2421 2462 2463
2422 2423 2464
2422 2463 2464
2423 2424 2465
2423 2464 2465
2424 2425 2466
2424 2465 2466
2425 2426 2467
2425 2466 2467
2426 2427 2468
2426 2467 2468
2427 2428 2469
2427 2468 2469
2428 2429 2470
2428 2469 2470
2429 2430 2471
2429 2470 2471
2430 2431 2472
2430 2471 2472
2431 2432 2473
2431 2472 2473
2432 2433 2474
2432 2473 2474
2433 2434 2475
2433 2474 2475
2434 2435 2476
2434 2475 2476
2435 2436 2477
2435 2476 2477
2436 2437 2478
2436 2477 2478
2437 2438 2479
2437 2478 2479
2438 2439 2480
2438 2479 2480
2439 2440 2481
2439 2480 2481
2440 2441 2482
2440 2481 2482
2441 2442 2483
2441 2482 2483
2442 2443 2484
2442 2483 2484
2443 2444 2485
2443 2484 2485
2444 2445 2486
2444 2485 2486
2445 2446 2487
2445 2486 2487
2446 2447 2488
2446 2487 2488
2447 2448 2489
2447 2488 2489
2448 2449 2490
2448 2489 2490
2449 2450 2491
2449 2490 2491
2450 2451 2492
2450 2491 2492
2451 2452 2493
2451 2492 2493
2452 2453 2494
2452 2493 2494
2453 2454 2495
2453 2494 2495
2454 2455 2496
2454 2495 2496
2455 2456 2497
2455 2496 2497
2456 2457 2498
2456 2497 2498
2457 2458 2499
2457 2498 2499
2458 2459 2500
2458 2499 2500
2459 2460 2501
2459 2500 2501
