T1,T2,T3
1,2,50
1,49,50
2,3,51
2,50,51
3,4,52
3,51,52
4,5,53
4,52,53
5,6,54
5,53,54
6,7,55
6,54,55
7,8,56
7,55,56
8,9,57
8,56,57
9,10,58
9,57,58
10,11,59
10,58,59
11,12,60
11,59,60
12,13,61
12,60,61
13,14,62
13,61,62
14,15,63
14,62,63
15,16,64
15,63,64
16,17,65
16,64,65
17,18,66
17,65,66
18,19,67
18,66,67
19,20,68
19,67,68
20,21,69
20,68,69
21,22,70
21,69,70
22,23,71
22,70,71
23,24,72
23,71,72
24,25,73
24,72,73
25,26,74
25,73,74
26,27,75
26,74,75
27,28,76
27,75,76
28,29,77
28,76,77
29,30,78
29,77,78
30,31,79
30,78,79
31,32,80
31,79,80
32,33,81
32,80,81
33,34,82
33,81,82
34,35,83
34,82,83
35,36,84
35,83,84
36,37,85
36,84,85
37,38,86
37,85,86
38,39,87
38,86,87
39,40,88
39,87,88
40,41,89
40,88,89
41,42,90
41,89,90
42,43,91
42,90,91
43,44,92
43,91,92
44,45,93
44,92,93
45,46,94
45,93,94
46,47,95
46,94,95
47,48,96
47,95,96
49,50,98
49,97,98
50,51,99
50,98,99
51,52,100
51,99,100
52,53,101
52,100,101
53,54,102
53,101,102
54,55,103
54,102,103
55,56,104
55,103,104
56,57,105
56,104,105
57,58,106
57,105,106
58,59,107
58,106,107
59,60,108
59,107,108
60,61,109
60,108,109
61,62,110
61,109,110
62,63,111
62,110,111
63,64,112
63,111,112
64,65,113
64,112,113
65,66,114
65,113,114
66,67,115
66,114,115
67,68,116
67,115,116
68,69,117
68,116,117
69,70,118
69,117,118
70,71,119
70,118,119
71,72,120
71,119,120
72,73,121
72,120,121
73,74,122
73,121,122
74,75,123
74,122,123
75,76,124
75,123,124
76,77,125
76,124,125
77,78,126
77,125,126
78,79,127
78,126,127
79,80,128
79,127,128
80,81,129
80,128,129
81,82,130
81,129,130
82,83,131
82,130,131
83,84,132
83,131,132
84,85,133
84,132,133
85,86,134
85,133,134
86,87,135
86,134,135
87,88,136
87,135,136
88,89,137
88,136,137
89,90,138
89,137,138
90,91,139
90,138,139
91,92,140
91,139,140
92,93,141
92,140,141
93,94,142
93,141,142
94,95,143
94,142,143
95,96,144
95,143,144
97,98,146
97,145,146
98,99,147
98,146,147
99,100,148
99,147,148
100,101,149
100,148,149
101,102,150
101,149,150
102,103,151
102,150,151
103,104,152
103,151,152
104,105,153
104,152,153
105,106,154
105,153,154
106,107,155
106,154,155
107,108,156
107,155,156
108,109,157
108,156,157
109,110,158
109,157,158
110,111,159
110,158,159
111,112,160
111,159,160
112,113,161
112,160,161
113,114,162
113,161,162
114,115,163
114,162,163
115,116,164
115,163,164
116,117,165
116,164,165
117,118,166
117,165,166
118,119,167
118,166,167
119,120,168
119,167,168
120,121,169
120,168,169
121,122,170
121,169,170
122,123,171
122,170,171
123,124,172
123,171,172
124,125,173
124,172,173
125,126,174
125,173,174
126,127,175
126,174,175
127,128,176
127,175,176
128,129,177
128,176,177
129,130,178
129,177,178
130,131,179
130,178,179
131,132,180
131,179,180
132,133,181
132,180,181
133,134,182
133,181,182
134,135,183
134,182,183
135,136,184
135,183,184
136,137,185
136,184,185
137,138,186
137,185,186
138,139,187
138,186,187
139,140,188
139,187,188
140,141,189
140,188,189
141,142,190
141,189,190
142,143,191
142,190,191
143,144,192
143,191,192
145,146,194
145,193,194
146,147,195
146,194,195
147,148,196
147,195,196
148,149,197
148,196,197
149,150,198
149,197,198
150,151,199
150,198,199
151,152,200
151,199,200
152,153,201
152,200,201
153,154,202
153,201,202
154,155,203
154,202,203
155,156,204
155,203,204
156,157,205
156,204,205
157,158,206
157,205,206
158,159,207
158,206,207
159,160,208
159,207,208
160,161,209
160,208,209
161,162,210
161,209,210
162,163,211
162,210,211
163,164,212
163,211,212
164,165,213
164,212,213
165,166,214
165,213,214
166,167,215
166,214,215
167,168,216
167,215,216
168,169,217
168,216,217
169,170,218
169,217,218
170,171,219
170,218,219
171,172,220
171,219,220
172,173,221
172,220,221
173,174,222
173,221,222
174,175,223
174,222,223
175,176,224
175,223,224
176,177,225
176,224,225
177,178,226
177,225,226
178,179,227
178,226,227
179,180,228
179,227,228
180,181,229
180,228,229
181,182,230
181,229,230
182,183,231
182,230,231
183,184,232
183,231,232
184,185,233
184,232,233
185,186,234
185,233,234
186,187,235
186,234,235
187,188,236
187,235,236
188,189,237
188,236,237
189,190,238
189,237,238
190,191,239
190,238,239
191,192,240
191,239,240
193,194,242
193,241,242
194,195,243
194,242,243
195,196,244
195,243,244
196,197,245
196,244,245
197,198,246
197,245,246
198,199,247
198,246,247
199,200,248
199,247,248
200,201,249
200,248,249
201,202,250
201,249,250
202,203,251
202,250,251
203,204,252
203,251,252
204,205,253
204,252,253
205,206,254
205,253,254
206,207,255
206,254,255
207,208,256
207,255,256
208,209,257
208,256,257
209,210,258
209,257,258
210,211,259
210,258,259
211,212,260
211,259,260
212,213,261
212,260,261
213,214,262
213,261,262
214,215,263
214,262,263
215,216,264
215,263,264
216,217,265
216,264,265
217,218,266
217,265,266
218,219,267
218,266,267
219,220,268
219,267,268
220,221,269
220,268,269
221,222,270
221,269,270
222,223,271
222,270,271
223,224,272
223,271,272
224,225,273
224,272,273
225,226,274
225,273,274
226,227,275
226,274,275
227,228,276
227,275,276
228,229,277
228,276,277
229,230,278
229,277,278
230,231,279
230,278,279
231,232,280
231,279,280
232,233,281
232,280,281
233,234,282
233,281,282
234,235,283
234,282,283
235,236,284
235,283,284
236,237,285
236,284,285
237,238,286
237,285,286
238,239,287
238,286,287
239,240,288
239,287,288
241,242,290
241,289,290
242,243,291
242,290,291
243,244,292
243,291,292
244,245,293
244,292,293
245,246,294
245,293,294
246,247,295
246,294,295
247,248,296
247,295,296
248,249,297
248,296,297
249,250,298
249,297,298
250,251,299
250,298,299
251,252,300
251,299,300
252,253,301
252,300,301
253,254,302
253,301,302
254,255,303
254,302,303
255,256,304
255,303,304
256,257,305
256,304,305
257,258,306
257,305,306
258,259,307
258,306,307
259,260,308
259,307,308
260,261,309
260,308,309
261,262,310
261,309,310
262,263,311
262,310,311
263,264,312
263,311,312
264,265,313
264,312,313
265,266,314
265,313,314
266,267,315
266,314,315
267,268,316
267,315,316
268,269,317
268,316,317
269,270,318
269,317,318
270,271,319
270,318,319
271,272,320
271,319,320
272,273,321
272,320,321
273,274,322
273,321,322
274,275,323
274,322,323
275,276,324
275,323,324
276,277,325
276,324,325
277,278,326
277,325,326
278,279,327
278,326,327
279,280,328
279,327,328
280,281,329
280,328,329
281,282,330
281,329,330
282,283,331
282,330,331
283,284,332
283,331,332
284,285,333
284,332,333
285,286,334
285,333,334
286,287,335
286,334,335
287,288,336
287,335,336
289,290,338
289,337,338
290,291,339
290,338,339
291,292,340
291,339,340
292,293,341
292,340,341
293,294,342
293,341,342
294,295,343
294,342,343
295,296,344
295,343,344
296,297,345
296,344,345
297,298,346
297,345,346
298,299,347
298,346,347
299,300,348
299,347,348
300,301,349
300,348,349
301,302,350
301,349,350
302,303,351
302,350,351
303,304,352
303,351,352
304,305,353
304,352,353
305,306,354
305,353,354
306,307,355
306,354,355
307,308,356
307,355,356
308,309,357
308,356,357
309,310,358
309,357,358
310,311,359
310,358,359
311,312,360
311,359,360
312,313,361
312,360,361
313,314,362
313,361,362
314,315,363
314,362,363
315,316,364
315,363,364
316,317,365
316,364,365
317,318,366
317,365,366
318,319,367
318,366,367
319,320,368
319,367,368
320,321,369
320,368,369
321,322,370
321,369,370
322,323,371
322,370,371
323,324,372
323,371,372
324,325,373
324,372,373
325,326,374
325,373,374
326,327,375
326,374,375
327,328,376
327,375,376
328,329,377
328,376,377
329,330,378
329,377,378
330,331,379
330,378,379
331,332,380
331,379,380
332,333,381
332,380,381
333,334,382
333,381,382
334,335,383
334,382,383
335,336,384
335,383,384
337,338,386
337,385,386
338,339,387
338,386,387
339,340,388
339,387,388
340,341,389
340,388,389
341,342,390
341,389,390
342,343,391
342,390,391
343,344,392
343,391,392
344,345,393
344,392,393
345,346,394
345,393,394
346,347,395
346,394,395
347,348,396
347,395,396
348,349,397
348,396,397
349,350,398
349,397,398
350,351,399
350,398,399
351,352,400
351,399,400
352,353,401
352,400,401
353,354,402
353,401,402
354,355,403
354,402,403
355,356,404
355,403,404
356,357,405
356,404,405
357,358,406
357,405,406
358,359,407
358,406,407
359,360,408
359,407,408
360,361,409
360,408,409
361,362,410
361,409,410
362,363,411
362,410,411
363,364,412
363,411,412
364,365,413
364,412,413
365,366,414
365,413,414
366,367,415
366,414,415
367,368,416
367,415,416
368,369,417
368,416,417
369,370,418
369,417,418
370,371,419
370,418,419
371,372,420
371,419,420
372,373,421
372,420,421
373,374,422
373,421,422
374,375,423
374,422,423
375,376,424
375,423,424
376,377,425
376,424,425
377,378,426
377,425,426
378,379,427
378,426,427
379,380,428
379,427,428
380,381,429
380,428,429
381,382,430
381,429,430
382,383,431
382,430,431
383,384,432
383,431,432
385,386,434
385,433,434
386,387,435
386,434,435
387,388,436
387,435,436
388,389,437
388,436,437
389,390,438
389,437,438
390,391,439
390,438,439
391,392,440
391,439,440
392,393,441
392,440,441
393,394,442
393,441,442
394,395,443
394,442,443
395,396,444
395,443,444
396,397,445
396,444,445
397,398,446
397,445,446
398,399,447
398,446,447
399,400,448
399,447,448
400,401,449
400,448,449
401,402,450
401,449,450
402,403,451
402,450,451
403,404,452
403,451,452
404,405,453
404,452,453
405,406,454
405,453,454
406,407,455
406,454,455
407,408,456
407,455,456
408,409,457
408,456,457
409,410,458
409,457,458
410,411,459
410,458,459
411,412,460
411,459,460
412,413,461
412,460,461
413,414,462
413,461,462
414,415,463
414,462,463
415,416,464
415,463,464
416,417,465
416,464,465
417,418,466
417,465,466
418,419,467
418,466,467
419,420,468
419,467,468
420,421,469
420,468,469
421,422,470
421,469,470
422,423,471
422,470,471
423,424,472
423,471,472
424,425,473
424,472,473
425,426,474
425,473,474
426,427,475
426,474,475
427,428,476
427,475,476
428,429,477
428,476,477
429,430,478
429,477,478
430,431,479
430,478,479
431,432,480
431,479,480
433,434,482
433,481,482
434,435,483
434,482,483
435,436,484
435,483,484
436,437,485
436,484,485
437,438,486
437,485,486
438,439,487
438,486,487
439,440,488
439,487,488
440,441,489
440,488,489
441,442,490
441,489,490
442,443,491
442,490,491
443,444,492
443,491,492
444,445,493
444,492,493
445,446,494
445,493,494
446,447,495
446,494,495
447,448,496
447,495,496
448,449,497
448,496,497
449,450,498
449,497,498
450,451,499
450,498,499
451,452,500
451,499,500
452,453,501
452,500,501
453,454,502
453,501,502
454,455,503
454,502,503
455,456,504
455,503,504
456,457,505
456,504,505
457,458,506
457,505,506
458,459,507
458,506,507
459,460,508
459,507,508
460,461,509
460,508,509
461,462,510
461,509,510
462,463,511
462,510,511
463,464,512
463,511,512
464,465,513
464,512,513
465,466,514
465,513,514
466,467,515
466,514,515
467,468,516
467,515,516
468,469,517
468,516,517
469,470,518
469,517,518
470,471,519
470,518,519
471,472,520
471,519,520
472,473,521
472,520,521
473,474,522
473,521,522
474,475,523
474,522,523
475,476,524
475,523,524
476,477,525
476,524,525
477,478,526
477,525,526
478,479,527
478,526,527
479,480,528
479,527,528
481,482,530
481,529,530
482,483,531
482,530,531
483,484,532
483,531,532
484,485,533
484,532,533
485,486,534
485,533,534
486,487,535
486,534,535
487,488,536
487,535,536
488,489,537
488,536,537
489,490,538
489,537,538
490,491,539
490,538,539
491,492,540
491,539,540
492,493,541
492,540,541
493,494,542
493,541,542
494,495,543
494,542,543
495,496,544
495,543,544
496,497,545
496,544,545
497,498,546
497,545,546
498,499,547
498,546,547
499,500,548
499,547,548
500,501,549
500,548,549
501,502,550
501,549,550
502,503,551
502,550,551
503,504,552
503,551,552
504,505,553
504,552,553
505,506,554
505,553,554
506,507,555
506,554,555
507,508,556
507,555,556
508,509,557
508,556,557
509,510,558
509,557,558
510,511,559
510,558,559
511,512,560
511,559,560
512,513,561
512,560,561
513,514,562
513,561,562
514,515,563
514,562,563
515,516,564
515,563,564
516,517,565
516,564,565
517,518,566
517,565,566
518,519,567
518,566,567
519,520,568
519,567,568
520,521,569
520,568,569
521,522,570
521,569,570
522,523,571
522,570,571
523,524,572
523,571,572
524,525,573
524,572,573
525,526,574
525,573,574
526,527,575
526,574,575
527,528,576
527,575,576
529,530,578
529,577,578
530,531,579
530,578,579
531,532,580
531,579,580
532,533,581
532,580,581
533,534,582
533,581,582
534,535,583
534,582,583
535,536,584
535,583,584
536,537,585
536,584,585
537,538,586
537,585,586
538,539,587
538,586,587
539,540,588
539,587,588
540,541,589
540,588,589
541,542,590
541,589,590
542,543,591
542,590,591
543,544,592
543,591,592
544,545,593
544,592,593
545,546,594
545,593,594
546,547,595
546,594,595
547,548,596
547,595,596
548,549,597
548,596,597
549,550,598
549,597,598
550,551,599
550,598,599
551,552,600
551,599,600
552,553,601
552,600,601
553,554,602
553,601,602
554,555,603
554,602,603
555,556,604
555,603,604
556,557,605
556,604,605
557,558,606
557,605,606
558,559,607
558,606,607
559,560,608
559,607,608
560,561,609
560,608,609
561,562,610
561,609,610
562,563,611
562,610,611
563,564,612
563,611,612
564,565,613
564,612,613
565,566,614
565,613,614
566,567,615
566,614,615
567,568,616
567,615,616
568,569,617
568,616,617
569,570,618
569,617,618
570,571,619
570,618,619
571,572,620
571,619,620
572,573,621
572,620,621
573,574,622
573,621,622
574,575,623
574,622,623
575,576,624
575,623,624
577,578,626
577,625,626
578,579,627
578,626,627
579,580,628
579,627,628
580,581,629
580,628,629
581,582,630
581,629,630
582,583,631
582,630,631
583,584,632
583,631,632
584,585,633
584,632,633
585,586,634
585,633,634
586,587,635
586,634,635
587,588,636
587,635,636
588,589,637
588,636,637
589,590,638
589,637,638
590,591,639
590,638,639
591,592,640
591,639,640
592,593,641
592,640,641
593,594,642
593,641,642
594,595,643
594,642,643
595,596,644
595,643,644
596,597,645
596,644,645
597,598,646
597,645,646
598,599,647
598,646,647
599,600,648
599,647,648
600,601,649
600,648,649
601,602,650
601,649,650
602,603,651
602,650,651
603,604,652
603,651,652
604,605,653
604,652,653
605,606,654
605,653,654
606,607,655
606,654,655
607,608,656
607,655,656
608,609,657
608,656,657
609,610,658
609,657,658
610,611,659
610,658,659
611,612,660
611,659,660
612,613,661
612,660,661
613,614,662
613,661,662
614,615,663
614,662,663
615,616,664
615,663,664
616,617,665
616,664,665
617,618,666
617,665,666
618,619,667
618,666,667
619,620,668
619,667,668
620,621,669
620,668,669
621,622,670
621,669,670
622,623,671
622,670,671
623,624,672
623,671,672
625,626,674
625,673,674
626,627,675
626,674,675
627,628,676
627,675,676
628,629,677
628,676,677
629,630,678
629,677,678
630,631,679
630,678,679
631,632,680
631,679,680
632,633,681
632,680,681
633,634,682
633,681,682
634,635,683
634,682,683
635,636,684
635,683,684
636,637,685
636,684,685
637,638,686
637,685,686
638,639,687
638,686,687
639,640,688
639,687,688
640,641,689
640,688,689
641,642,690
641,689,690
642,643,691
642,690,691
643,644,692
643,691,692
644,645,693
644,692,693
645,646,694
645,693,694
646,647,695
646,694,695
647,648,696
647,695,696
648,649,697
648,696,697
649,650,698
649,697,698
650,651,699
650,698,699
651,652,700
651,699,700
652,653,701
652,700,701
653,654,702
653,701,702
654,655,703
654,702,703
655,656,704
655,703,704
656,657,705
656,704,705
657,658,706
657,705,706
658,659,707
658,706,707
659,660,708
659,707,708
660,661,709
660,708,709
661,662,710
661,709,710
662,663,711
662,710,711
663,664,712
663,711,712
664,665,713
664,712,713
665,666,714
665,713,714
666,667,715
666,714,715
667,668,716
667,715,716
668,669,717
668,716,717
669,670,718
669,717,718
670,671,719
670,718,719
671,672,720
671,719,720
673,674,722
673,721,722
674,675,723
674,722,723
675,676,724
675,723,724
676,677,725
676,724,725
677,678,726
677,725,726
678,679,727
678,726,727
679,680,728
679,727,728
680,681,729
680,728,729
681,682,730
681,729,730
682,683,731
682,730,731
683,684,732
683,731,732
684,685,733
684,732,733
685,686,734
685,733,734
686,687,735
686,734,735
687,688,736
687,735,736
688,689,737
688,736,737
689,690,738
689,737,738
690,691,739
690,738,739
691,692,740
691,739,740
692,693,741
692,740,741
693,694,742
693,741,742
694,695,743
694,742,743
695,696,744
695,743,744
696,697,745
696,744,745
697,698,746
697,745,746
698,699,747
698,746,747
699,700,748
699,747,748
700,701,749
700,748,749
701,702,750
701,749,750
702,703,751
702,750,751
703,704,752
703,751,752
704,705,753
704,752,753
705,706,754
705,753,754
706,707,755
706,754,755
707,708,756
707,755,756
708,709,757
708,756,757
709,710,758
709,757,758
710,711,759
710,758,759
711,712,760
711,759,760
712,713,761
712,760,761
713,714,762
713,761,762
714,715,763
714,762,763
715,716,764
715,763,764
716,717,765
716,764,765
717,718,766
717,765,766
718,719,767
718,766,767
719,720,768
719,767,768
721,722,770
721,769,770
722,723,771
722,770,771
723,724,772
723,771,772
724,725,773
724,772,773
725,726,774
725,773,774
726,727,775
726,774,775
727,728,776
727,775,776
728,729,777
728,776,777
729,730,778
729,777,778
730,731,779
730,778,779
731,732,780
731,779,780
732,733,781
732,780,781
733,734,782
733,781,782
734,735,783
734,782,783
735,736,784
735,783,784
736,737,785
736,784,785
737,738,786
737,785,786
738,739,787
738,786,787
739,740,788
739,787,788
740,741,789
740,788,789
741,742,790
741,789,790
742,743,791
742,790,791
743,744,792
743,791,792
744,745,793
744,792,793
745,746,794
745,793,794
746,747,795
746,794,795
747,748,796
747,795,796
748,749,797
748,796,797
749,750,798
749,797,798
750,751,799
750,798,799
751,752,800
751,799,800
752,753,801
752,800,801
753,754,802
753,801,802
754,755,803
754,802,803
755,756,804
755,803,804
756,757,805
756,804,805
757,758,806
757,805,806
758,759,807
758,806,807
759,760,808
759,807,808
760,761,809
760,808,809
761,762,810
761,809,810
762,763,811
762,810,811
763,764,812
763,811,812
764,765,813
764,812,813
765,766,814
765,813,814
766,767,815
766,814,815
767,768,816
767,815,816
769,770,818
769,817,818
770,771,819
770,818,819
771,772,820
771,819,820
772,773,821
772,820,821
773,774,822
773,821,822
774,775,823
774,822,823
775,776,824
775,823,824
776,777,825
776,824,825
777,778,826
777,825,826
778,779,827
778,826,827
779,780,828
779,827,828
780,781,829
780,828,829
781,782,830
781,829,830
782,783,831
782,830,831
783,784,832
783,831,832
784,785,833
784,832,833
785,786,834
785,833,834
786,787,835
786,834,835
787,788,836
787,835,836
788,789,837
788,836,837
789,790,838
789,837,838
790,791,839
790,838,839
791,792,840
791,839,840
792,793,841
792,840,841
793,794,842
793,841,842
794,795,843
794,842,843
795,796,844
795,843,844
796,797,845
796,844,845
797,798,846
797,845,846
798,799,847
798,846,847
799,800,848
799,847,848
800,801,849
800,848,849
801,802,850
801,849,850
802,803,851
802,850,851
803,804,852
803,851,852
804,805,853
804,852,853
805,806,854
805,853,854
806,807,855
806,854,855
807,808,856
807,855,856
808,809,857
808,856,857
809,810,858
809,857,858
810,811,859
810,858,859
811,812,860
811,859,860
812,813,861
812,860,861
813,814,862
813,861,862
814,815,863
814,862,863
815,816,864
815,863,864
817,818,866
817,865,866
818,819,867
818,866,867
819,820,868
819,867,868
820,821,869
820,868,869
821,822,870
821,869,870
822,823,871
822,870,871
823,824,872
823,871,872
824,825,873
824,872,873
825,826,874
825,873,874
826,827,875
826,874,875
827,828,876
827,875,876
828,829,877
828,876,877
829,830,878
829,877,878
830,831,879
830,878,879
831,832,880
831,879,880
832,833,881
832,880,881
833,834,882
833,881,882
834,835,883
834,882,883
835,836,884
835,883,884
836,837,885
836,884,885
837,838,886
837,885,886
838,839,887
838,886,887
839,840,888
839,887,888
840,841,889
840,888,889
841,842,890
841,889,890
842,843,891
842,890,891
843,844,892
843,891,892
844,845,893
844,892,893
845,846,894
845,893,894
846,847,895
846,894,895
847,848,896
847,895,896
848,849,897
848,896,897
849,850,898
849,897,898
850,851,899
850,898,899
851,852,900
851,899,900
852,853,901
852,900,901
853,854,902
853,901,902
854,855,903
854,902,903
855,856,904
855,903,904
856,857,905
856,904,905
857,858,906
857,905,906
858,859,907
858,906,907
859,860,908
859,907,908
860,861,909
860,908,909
861,862,910
861,909,910
862,863,911
862,910,911
863,864,912
863,911,912
865,866,914
865,913,914
866,867,915
866,914,915
867,868,916
867,915,916
868,869,917
868,916,917
869,870,918
869,917,918
870,871,919
870,918,919
871,872,920
871,919,920
872,873,921
872,920,921
873,874,922
873,921,922
874,875,923
874,922,923
875,876,924
875,923,924
876,877,925
876,924,925
877,878,926
877,925,926
878,879,927
878,926,927
879,880,928
879,927,928
880,881,929
880,928,929
881,882,930
881,929,930
882,883,931
882,930,931
883,884,932
883,931,932
884,885,933
884,932,933
885,886,934
885,933,934
886,887,935
886,934,935
887,888,936
887,935,936
888,889,937
888,936,937
889,890,938
889,937,938
890,891,939
890,938,939
891,892,940
891,939,940
892,893,941
892,940,941
893,894,942
893,941,942
894,895,943
894,942,943
895,896,944
895,943,944
896,897,945
896,944,945
897,898,946
897,945,946
898,899,947
898,946,947
899,900,948
899,947,948
900,901,949
900,948,949
901,902,950
901,949,950
902,903,951
902,950,951
903,904,952
903,951,952
904,905,953
904,952,953
905,906,954
905,953,954
906,907,955
906,954,955
907,908,956
907,955,956
908,909,957
908,956,957
909,910,958
909,957,958
910,911,959
910,958,959
911,912,960
911,959,960
913,914,962
913,961,962
914,915,963
914,962,963
915,916,964
915,963,964
916,917,965
916,964,965
917,918,966
917,965,966
918,919,967
918,966,967
919,920,968
919,967,968
920,921,969
920,968,969
921,922,970
921,969,970
922,923,971
922,970,971
923,924,972
923,971,972
924,925,973
924,972,973
925,926,974
925,973,974
926,927,975
926,974,975
927,928,976
927,975,976
928,929,977
928,976,977
929,930,978
929,977,978
930,931,979
930,978,979
931,932,980
931,979,980
932,933,981
932,980,981
933,934,982
933,981,982
934,935,983
934,982,983
935,936,984
935,983,984
936,937,985
936,984,985
937,938,986
937,985,986
938,939,987
938,986,987
939,940,988
939,987,988
940,941,989
940,988,989
941,942,990
941,989,990
942,943,991
942,990,991
943,944,992
943,991,992
944,945,993
944,992,993
945,946,994
945,993,994
946,947,995
946,994,995
947,948,996
947,995,996
948,949,997
948,996,997
949,950,998
949,997,998
950,951,999
950,998,999
951,952,1000
951,999,1000
952,953,1001
952,1000,1001
953,954,1002
953,1001,1002
954,955,1003
954,1002,1003
955,956,1004
955,1003,1004
956,957,1005
956,1004,1005
957,958,1006
957,1005,1006
958,959,1007
958,1006,1007
959,960,1008
959,1007,1008
961,962,1010
961,1009,1010
962,963,1011
962,1010,1011
963,964,1012
963,1011,1012
964,965,1013
964,1012,1013
965,966,1014
965,1013,1014
966,967,1015
966,1014,1015
967,968,1016
967,1015,1016
968,969,1017
968,1016,1017
969,970,1018
969,1017,1018
970,971,1019
970,1018,1019
971,972,1020
971,1019,1020
972,973,1021
972,1020,1021
973,974,1022
973,1021,1022
974,975,1023
974,1022,1023
975,976,1024
975,1023,1024
976,977,1025
976,1024,1025
977,978,1026
977,1025,1026
978,979,1027
978,1026,1027
979,980,1028
979,1027,1028
980,981,1029
980,1028,1029
981,982,1030
981,1029,1030
982,983,1031
982,1030,1031
983,984,1032
983,1031,1032
984,985,1033
984,1032,1033
985,986,1034
985,1033,1034
986,987,1035
986,1034,1035
987,988,1036
987,1035,1036
988,989,1037
988,1036,1037
989,990,1038
989,1037,1038
990,991,1039
990,1038,1039
991,992,1040
991,1039,1040
992,993,1041
992,1040,1041
993,994,1042
993,1041,1042
994,995,1043
994,1042,1043
995,996,1044
995,1043,1044
996,997,1045
996,1044,1045
997,998,1046
997,1045,1046
998,999,1047
998,1046,1047
999,1000,1048
999,1047,1048
1000,1001,1049
1000,1048,1049
1001,1002,1050
1001,1049,1050
1002,1003,1051
1002,1050,1051
1003,1004,1052
1003,1051,1052
1004,1005,1053
1004,1052,1053
1005,1006,1054
1005,1053,1054
1006,1007,1055
1006,1054,1055
1007,1008,1056
1007,1055,1056
1009,1010,1058
1009,1057,1058
1010,1011,1059
1010,1058,1059
1011,1012,1060
1011,1059,1060
1012,1013,1061
1012,1060,1061
1013,1014,1062
1013,1061,1062
1014,1015,1063
1014,1062,1063
1015,1016,1064
1015,1063,1064
1016,1017,1065
1016,1064,1065
1017,1018,1066
1017,1065,1066
1018,1019,1067
1018,1066,1067
1019,1020,1068
1019,1067,1068
1020,1021,1069
1020,1068,1069
1021,1022,1070
1021,1069,1070
1022,1023,1071
1022,1070,1071
1023,1024,1072
1023,1071,1072
1024,1025,1073
1024,1072,1073
1025,1026,1074
1025,1073,1074
1026,1027,1075
1026,1074,1075
1027,1028,1076
1027,1075,1076
1028,1029,1077
1028,1076,1077
1029,1030,1078
1029,1077,1078
1030,1031,1079
1030,1078,1079
1031,1032,1080
1031,1079,1080
1032,1033,1081
1032,1080,1081
1033,1034,1082
1033,1081,1082
1034,1035,1083
1034,1082,1083
1035,1036,1084
1035,1083,1084
1036,1037,1085
1036,1084,1085
1037,1038,1086
1037,1085,1086
1038,1039,1087
1038,1086,1087
1039,1040,1088
1039,1087,1088
1040,1041,1089
1040,1088,1089
1041,1042,1090
1041,1089,1090
1042,1043,1091
1042,1090,1091
1043,1044,1092
1043,1091,1092
1044,1045,1093
1044,1092,1093
1045,1046,1094
1045,1093,1094
1046,1047,1095
1046,1094,1095
1047,1048,1096
1047,1095,1096
1048,1049,1097
1048,1096,1097
1049,1050,1098
1049,1097,1098
1050,1051,1099
1050,1098,1099
1051,1052,1100
1051,1099,1100
1052,1053,1101
1052,1100,1101
1053,1054,1102
1053,1101,1102
1054,1055,1103
1054,1102,1103
1055,1056,1104
1055,1103,1104
1057,1058,1106
1057,1105,1106
1058,1059,1107
1058,1106,1107
1059,1060,1108
1059,1107,1108
1060,1061,1109
1060,1108,1109
1061,1062,1110
1061,1109,1110
1062,1063,1111
1062,1110,1111
1063,1064,1112
1063,1111,1112
1064,1065,1113
1064,1112,1113
1065,1066,1114
1065,1113,1114
1066,1067,1115
1066,1114,1115
1067,1068,1116
1067,1115,1116
1068,1069,1117
1068,1116,1117
1069,1070,1118
1069,1117,1118
1070,1071,1119
1070,1118,1119
1071,1072,1120
1071,1119,1120
1072,1073,1121
1072,1120,1121
1073,1074,1122
1073,1121,1122
1074,1075,1123
1074,1122,1123
1075,1076,1124
1075,1123,1124
1076,1077,1125
1076,1124,1125
1077,1078,1126
1077,1125,1126
1078,1079,1127
1078,1126,1127
1079,1080,1128
1079,1127,1128
1080,1081,1129
1080,1128,1129
1081,1082,1130
1081,1129,1130
1082,1083,1131
1082,1130,1131
1083,1084,1132
1083,1131,1132
1084,1085,1133
1084,1132,1133
1085,1086,1134
1085,1133,1134
1086,1087,1135
1086,1134,1135
1087,1088,1136
1087,1135,1136
1088,1089,1137
1088,1136,1137
1089,1090,1138
1089,1137,1138
1090,1091,1139
1090,1138,1139
1091,1092,1140
1091,1139,1140
1092,1093,1141
1092,1140,1141
1093,1094,1142
1093,1141,1142
1094,1095,1143
1094,1142,1143
1095,1096,1144
1095,1143,1144
1096,1097,1145
1096,1144,1145
1097,1098,1146
1097,1145,1146
1098,1099,1147
1098,1146,1147
1099,1100,1148
1099,1147,1148
1100,1101,1149
1100,1148,1149
1101,1102,1150
1101,1149,1150
1102,1103,1151
1102,1150,1151
1103,1104,1152
1103,1151,1152
1105,1106,1154
1105,1153,1154
1106,1107,1155
1106,1154,1155
1107,1108,1156
1107,1155,1156
1108,1109,1157
1108,1156,1157
1109,1110,1158
1109,1157,1158
1110,1111,1159
1110,1158,1159
1111,1112,1160
1111,1159,1160
1112,1113,1161
1112,1160,1161
1113,1114,1162
1113,1161,1162
1114,1115,1163
1114,1162,1163
1115,1116,1164
1115,1163,1164
1116,1117,1165
1116,1164,1165
1117,1118,1166
1117,1165,1166
1118,1119,1167
1118,1166,1167
1119,1120,1168
1119,1167,1168
1120,1121,1169
1120,1168,1169
1121,1122,1170
1121,1169,1170
1122,1123,1171
1122,1170,1171
1123,1124,1172
1123,1171,1172
1124,1125,1173
1124,1172,1173
1125,1126,1174
1125,1173,1174
1126,1127,1175
1126,1174,1175
1127,1128,1176
1127,1175,1176
1128,1129,1177
1128,1176,1177
1129,1130,1178
1129,1177,1178
1130,1131,1179
1130,1178,1179
1131,1132,1180
1131,1179,1180
1132,1133,1181
1132,1180,1181
1133,1134,1182
1133,1181,1182
1134,1135,1183
1134,1182,1183
1135,1136,1184
1135,1183,1184
1136,1137,1185
1136,1184,1185
1137,1138,1186
1137,1185,1186
1138,1139,1187
1138,1186,1187
1139,1140,1188
1139,1187,1188
1140,1141,1189
1140,1188,1189
1141,1142,1190
1141,1189,1190
1142,1143,1191
1142,1190,1191
1143,1144,1192
1143,1191,1192
1144,1145,1193
1144,1192,1193
1145,1146,1194
1145,1193,1194
1146,1147,1195
1146,1194,1195
1147,1148,1196
1147,1195,1196
1148,1149,1197
1148,1196,1197
1149,1150,1198
1149,1197,1198
1150,1151,1199
1150,1198,1199
1151,1152,1200
1151,1199,1200
1153,1154,1202
1153,1201,1202
1154,1155,1203
1154,1202,1203
1155,1156,1204
1155,1203,1204
1156,1157,1205
1156,1204,1205
1157,1158,1206
1157,1205,1206
1158,1159,1207
1158,1206,1207
1159,1160,1208
1159,1207,1208
1160,1161,1209
1160,1208,1209
1161,1162,1210
1161,1209,1210
1162,1163,1211
1162,1210,1211
1163,1164,1212
1163,1211,1212
1164,1165,1213
1164,1212,1213
1165,1166,1214
1165,1213,1214
1166,1167,1215
1166,1214,1215
1167,1168,1216
1167,1215,1216
1168,1169,1217
1168,1216,1217
1169,1170,1218
1169,1217,1218
1170,1171,1219
1170,1218,1219
1171,1172,1220
1171,1219,1220
1172,1173,1221
1172,1220,1221
1173,1174,1222
1173,1221,1222
1174,1175,1223
1174,1222,1223
1175,1176,1224
1175,1223,1224
1176,1177,1225
1176,1224,1225
1177,1178,1226
1177,1225,1226
1178,1179,1227
1178,1226,1227
1179,1180,1228
1179,1227,1228
1180,1181,1229
1180,1228,1229
1181,1182,1230
1181,1229,1230
1182,1183,1231
1182,1230,1231
1183,1184,1232
1183,1231,1232
1184,1185,1233
1184,1232,1233
1185,1186,1234
1185,1233,1234
1186,1187,1235
1186,1234,1235
1187,1188,1236
1187,1235,1236
1188,1189,1237
1188,1236,1237
1189,1190,1238
1189,1237,1238
1190,1191,1239
1190,1238,1239
1191,1192,1240
1191,1239,1240
1192,1193,1241
1192,1240,1241
1193,1194,1242
1193,1241,1242
1194,1195,1243
1194,1242,1243
1195,1196,1244
1195,1243,1244
1196,1197,1245
1196,1244,1245
1197,1198,1246
1197,1245,1246
1198,1199,1247
1198,1246,1247
1199,1200,1248
1199,1247,1248
1201,1202,1250
1201,1249,1250
1202,1203,1251
1202,1250,1251
1203,1204,1252
1203,1251,1252
1204,1205,1253
1204,1252,1253
1205,1206,1254
1205,1253,1254
1206,1207,1255
1206,1254,1255
1207,1208,1256
1207,1255,1256
1208,1209,1257
1208,1256,1257
1209,1210,1258
1209,1257,1258
1210,1211,1259
1210,1258,1259
1211,1212,1260
1211,1259,1260
1212,1213,1261
1212,1260,1261
1213,1214,1262
1213,1261,1262
1214,1215,1263
1214,1262,1263
1215,1216,1264
1215,1263,1264
1216,1217,1265
1216,1264,1265
1217,1218,1266
1217,1265,1266
1218,1219,1267
1218,1266,1267
1219,1220,1268
1219,1267,1268
1220,1221,1269
1220,1268,1269
1221,1222,1270
1221,1269,1270
1222,1223,1271
1222,1270,1271
1223,1224,1272
1223,1271,1272
1224,1225,1273
1224,1272,1273
1225,1226,1274
1225,1273,1274
1226,1227,1275
1226,1274,1275
1227,1228,1276
1227,1275,1276
1228,1229,1277
1228,1276,1277
1229,1230,1278
1229,1277,1278
1230,1231,1279
1230,1278,1279
1231,1232,1280
1231,1279,1280
1232,1233,1281
1232,1280,1281
1233,1234,1282
1233,1281,1282
1234,1235,1283
1234,1282,1283
1235,1236,1284
1235,1283,1284
1236,1237,1285
1236,1284,1285
1237,1238,1286
1237,1285,1286
1238,1239,1287
1238,1286,1287
1239,1240,1288
1239,1287,1288
1240,1241,1289
1240,1288,1289
1241,1242,1290
1241,1289,1290
1242,1243,1291
1242,1290,1291
1243,1244,1292
1243,1291,1292
1244,1245,1293
1244,1292,1293
1245,1246,1294
1245,1293,1294
1246,1247,1295
1246,1294,1295
1247,1248,1296
1247,1295,1296
1249,1250,1298
1249,1297,1298
1250,1251,1299
1250,1298,1299
1251,1252,1300
1251,1299,1300
1252,1253,1301
1252,1300,1301
1253,1254,1302
1253,1301,1302
1254,1255,1303
1254,1302,1303
1255,1256,1304
1255,1303,1304
1256,1257,1305
1256,1304,1305
1257,1258,1306
1257,1305,1306
1258,1259,1307
1258,1306,1307
1259,1260,1308
1259,1307,1308
1260,1261,1309
1260,1308,1309
1261,1262,1310
1261,1309,1310
1262,1263,1311
1262,1310,1311
1263,1264,1312
1263,1311,1312
1264,1265,1313
1264,1312,1313
1265,1266,1314
1265,1313,1314
1266,1267,1315
1266,1314,1315
1267,1268,1316
1267,1315,1316
1268,1269,1317
1268,1316,1317
1269,1270,1318
1269,1317,1318
1270,1271,1319
1270,1318,1319
1271,1272,1320
1271,1319,1320
1272,1273,1321
1272,1320,1321
1273,1274,1322
1273,1321,1322
1274,1275,1323
1274,1322,1323
1275,1276,1324
1275,1323,1324
1276,1277,1325
1276,1324,1325
1277,1278,1326
1277,1325,1326
1278,1279,1327
1278,1326,1327
1279,1280,1328
1279,1327,1328
1280,1281,1329
1280,1328,1329
1281,1282,1330
1281,1329,1330
1282,1283,1331
1282,1330,1331
1283,1284,1332
1283,1331,1332
1284,1285,1333
1284,1332,1333
1285,1286,1334
1285,1333,1334
1286,1287,1335
1286,1334,1335
1287,1288,1336
1287,1335,1336
1288,1289,1337
1288,1336,1337
1289,1290,1338
1289,1337,1338
1290,1291,1339
1290,1338,1339
1291,1292,1340
1291,1339,1340
1292,1293,1341
1292,1340,1341
1293,1294,1342
1293,1341,1342
1294,1295,1343
1294,1342,1343
1295,1296,1344
1295,1343,1344
1297,1298,1346
1297,1345,1346
1298,1299,1347
1298,1346,1347
1299,1300,1348
1299,1347,1348
1300,1301,1349
1300,1348,1349
1301,1302,1350
1301,1349,1350
1302,1303,1351
1302,1350,1351
1303,1304,1352
1303,1351,1352
1304,1305,1353
1304,1352,1353
1305,1306,1354
1305,1353,1354
1306,1307,1355
1306,1354,1355
1307,1308,1356
1307,1355,1356
1308,1309,1357
1308,1356,1357
1309,1310,1358
1309,1357,1358
1310,1311,1359
1310,1358,1359
1311,1312,1360
1311,1359,1360
1312,1313,1361
1312,1360,1361
1313,1314,1362
1313,1361,1362
1314,1315,1363
1314,1362,1363
1315,1316,1364
1315,1363,1364
1316,1317,1365
1316,1364,1365
1317,1318,1366
1317,1365,1366
1318,1319,1367
1318,1366,1367
1319,1320,1368
1319,1367,1368
1320,1321,1369
1320,1368,1369
1321,1322,1370
1321,1369,1370
1322,1323,1371
1322,1370,1371
1323,1324,1372
1323,1371,1372
1324,1325,1373
1324,1372,1373
1325,1326,1374
1325,1373,1374
1326,1327,1375
1326,1374,1375
1327,1328,1376
1327,1375,1376
1328,1329,1377
1328,1376,1377
1329,1330,1378
1329,1377,1378
1330,1331,1379
1330,1378,1379
1331,1332,1380
1331,1379,1380
1332,1333,1381
1332,1380,1381
1333,1334,1382
1333,1381,1382
1334,1335,1383
1334,1382,1383
1335,1336,1384
1335,1383,1384
1336,1337,1385
1336,1384,1385
1337,1338,1386
1337,1385,1386
1338,1339,1387
1338,1386,1387
1339,1340,1388
1339,1387,1388
1340,1341,1389
1340,1388,1389
1341,1342,1390
1341,1389,1390
1342,1343,1391
1342,1390,1391
1343,1344,1392
1343,1391,1392
1345,1346,1394
1345,1393,1394
1346,1347,1395
1346,1394,1395
1347,1348,1396
1347,1395,1396
1348,1349,1397
1348,1396,1397
1349,1350,1398
1349,1397,1398
1350,1351,1399
1350,1398,1399
1351,1352,1400
1351,1399,1400
1352,1353,1401
1352,1400,1401
1353,1354,1402
1353,1401,1402
1354,1355,1403
1354,1402,1403
1355,1356,1404
1355,1403,1404
1356,1357,1405
1356,1404,1405
1357,1358,1406
1357,1405,1406
1358,1359,1407
1358,1406,1407
1359,1360,1408
1359,1407,1408
1360,1361,1409
1360,1408,1409
1361,1362,1410
1361,1409,1410
1362,1363,1411
1362,1410,1411
1363,1364,1412
1363,1411,1412
1364,1365,1413
1364,1412,1413
1365,1366,1414
1365,1413,1414
1366,1367,1415
1366,1414,1415
1367,1368,1416
1367,1415,1416
1368,1369,1417
1368,1416,1417
1369,1370,1418
1369,1417,1418
1370,1371,1419
1370,1418,1419
1371,1372,1420
1371,1419,1420
1372,1373,1421
1372,1420,1421
1373,1374,1422
1373,1421,1422
1374,1375,1423
1374,1422,1423
1375,1376,1424
1375,1423,1424
1376,1377,1425
1376,1424,1425
1377,1378,1426
1377,1425,1426
1378,1379,1427
1378,1426,1427
1379,1380,1428
1379,1427,1428
1380,1381,1429
1380,1428,1429
1381,1382,1430
1381,1429,1430
1382,1383,1431
1382,1430,1431
1383,1384,1432
1383,1431,1432
1384,1385,1433
1384,1432,1433
1385,1386,1434
1385,1433,1434
1386,1387,1435
1386,1434,1435
1387,1388,1436
1387,1435,1436
1388,1389,1437
1388,1436,1437
1389,1390,1438
1389,1437,1438
1390,1391,1439
1390,1438,1439
1391,1392,1440
1391,1439,1440
1393,1394,1442
1393,1441,1442
1394,1395,1443
1394,1442,1443
1395,1396,1444
1395,1443,1444
1396,1397,1445
1396,1444,1445
1397,1398,1446
1397,1445,1446
1398,1399,1447
1398,1446,1447
1399,1400,1448
1399,1447,1448
1400,1401,1449
1400,1448,1449
1401,1402,1450
1401,1449,1450
1402,1403,1451
1402,1450,1451
1403,1404,1452
1403,1451,1452
1404,1405,1453
1404,1452,1453
1405,1406,1454
1405,1453,1454
1406,1407,1455
1406,1454,1455
1407,1408,1456
1407,1455,1456
1408,1409,1457
1408,1456,1457
1409,1410,1458
1409,1457,1458
1410,1411,1459
1410,1458,1459
1411,1412,1460
1411,1459,1460
1412,1413,1461
1412,1460,1461
1413,1414,1462
1413,1461,1462
1414,1415,1463
1414,1462,1463
1415,1416,1464
1415,1463,1464
1416,1417,1465
1416,1464,1465
1417,1418,1466
1417,1465,1466
1418,1419,1467
1418,1466,1467
1419,1420,1468
1419,1467,1468
1420,1421,1469
1420,1468,1469
1421,1422,1470
1421,1469,1470
1422,1423,1471
1422,1470,1471
1423,1424,1472
1423,1471,1472
1424,1425,1473
1424,1472,1473
1425,1426,1474
1425,1473,1474
1426,1427,1475
1426,1474,1475
1427,1428,1476
1427,1475,1476
1428,1429,1477
1428,1476,1477
1429,1430,1478
1429,1477,1478
1430,1431,1479
1430,1478,1479
1431,1432,1480
1431,1479,1480
1432,1433,1481
1432,1480,1481
1433,1434,1482
1433,1481,1482
1434,1435,1483
1434,1482,1483
1435,1436,1484
1435,1483,1484
1436,1437,1485
1436,1484,1485
1437,1438,1486
1437,1485,1486
1438,1439,1487
1438,1486,1487
1439,1440,1488
1439,1487,1488
1441,1442,1490
1441,1489,1490
1442,1443,1491
1442,1490,1491
1443,1444,1492
1443,1491,1492
1444,1445,1493
1444,1492,1493
1445,1446,1494
1445,1493,1494
1446,1447,1495
1446,1494,1495
1447,1448,1496
1447,1495,1496
1448,1449,1497
1448,1496,1497
1449,1450,1498
1449,1497,1498
1450,1451,1499
1450,1498,1499
1451,1452,1500
1451,1499,1500
1452,1453,1501
1452,1500,1501
1453,1454,1502
1453,1501,1502
1454,1455,1503
1454,1502,1503
1455,1456,1504
1455,1503,1504
1456,1457,1505
1456,1504,1505
1457,1458,1506
1457,1505,1506
1458,1459,1507
1458,1506,1507
1459,1460,1508
1459,1507,1508
1460,1461,1509
1460,1508,1509
1461,1462,1510
1461,1509,1510
1462,1463,1511
1462,1510,1511
1463,1464,1512
1463,1511,1512
1464,1465,1513
1464,1512,1513
1465,1466,1514
1465,1513,1514
1466,1467,1515
1466,1514,1515
1467,1468,1516
1467,1515,1516
1468,1469,1517
1468,1516,1517
1469,1470,1518
1469,1517,1518
1470,1471,1519
1470,1518,1519
1471,1472,1520
1471,1519,1520
1472,1473,1521
1472,1520,1521
1473,1474,1522
1473,1521,1522
1474,1475,1523
1474,1522,1523
1475,1476,1524
1475,1523,1524
1476,1477,1525
1476,1524,1525
1477,1478,1526
1477,1525,1526
1478,1479,1527
1478,1526,1527
1479,1480,1528
1479,1527,1528
1480,1481,1529
1480,1528,1529
1481,1482,1530
1481,1529,1530
1482,1483,1531
1482,1530,1531
1483,1484,1532
1483,1531,1532
1484,1485,1533
1484,1532,1533
1485,1486,1534
1485,1533,1534
1486,1487,1535
1486,1534,1535
1487,1488,1536
1487,1535,1536
1489,1490,1538
1489,1537,1538
1490,1491,1539
1490,1538,1539
1491,1492,1540
1491,1539,1540
1492,1493,1541
1492,1540,1541
1493,1494,1542
1493,1541,1542
1494,1495,1543
1494,1542,1543
1495,1496,1544
1495,1543,1544
1496,1497,1545
1496,1544,1545
1497,1498,1546
1497,1545,1546
1498,1499,1547
1498,1546,1547
1499,1500,1548
1499,1547,1548
1500,1501,1549
1500,1548,1549
1501,1502,1550
1501,1549,1550
1502,1503,1551
1502,1550,1551
1503,1504,1552
1503,1551,1552
1504,1505,1553
1504,1552,1553
1505,1506,1554
1505,1553,1554
1506,1507,1555
1506,1554,1555
1507,1508,1556
1507,1555,1556
1508,1509,1557
1508,1556,1557
1509,1510,1558
1509,1557,1558
1510,1511,1559
1510,1558,1559
1511,1512,1560
1511,1559,1560
1512,1513,1561
1512,1560,1561
1513,1514,1562
1513,1561,1562
1514,1515,1563
1514,1562,1563
1515,1516,1564
1515,1563,1564
1516,1517,1565
1516,1564,1565
1517,1518,1566
1517,1565,1566
1518,1519,1567
1518,1566,1567
1519,1520,1568
1519,1567,1568
1520,1521,1569
1520,1568,1569
1521,1522,1570
1521,1569,1570
1522,1523,1571
1522,1570,1571
1523,1524,1572
1523,1571,1572
1524,1525,1573
1524,1572,1573
1525,1526,1574
1525,1573,1574
1526,1527,1575
1526,1574,1575
1527,1528,1576
1527,1575,1576
1528,1529,1577
1528,1576,1577
1529,1530,1578
1529,1577,1578
1530,1531,1579
1530,1578,1579
1531,1532,1580
1531,1579,1580
1532,1533,1581
1532,1580,1581
1533,1534,1582
1533,1581,1582
1534,1535,1583
1534,1582,1583
1535,1536,1584
1535,1583,1584
1537,1538,1586
1537,1585,1586
1538,1539,1587
1538,1586,1587
1539,1540,1588
1539,1587,1588
1540,1541,1589
1540,1588,1589
1541,1542,1590
1541,1589,1590
1542,1543,1591
1542,1590,1591
1543,1544,1592
1543,1591,1592
1544,1545,1593
1544,1592,1593
1545,1546,1594
1545,1593,1594
1546,1547,1595
1546,1594,1595
1547,1548,1596
1547,1595,1596
1548,1549,1597
1548,1596,1597
1549,1550,1598
1549,1597,1598
1550,1551,1599
1550,1598,1599
1551,1552,1600
1551,1599,1600
1552,1553,1601
1552,1600,1601
1553,1554,1602
1553,1601,1602
1554,1555,1603
1554,1602,1603
1555,1556,1604
1555,1603,1604
1556,1557,1605
1556,1604,1605
1557,1558,1606
1557,1605,1606
1558,1559,1607
1558,1606,1607
1559,1560,1608
1559,1607,1608
1560,1561,1609
1560,1608,1609
1561,1562,1610
1561,1609,1610
1562,1563,1611
1562,1610,1611
1563,1564,1612
1563,1611,1612
1564,1565,1613
1564,1612,1613
1565,1566,1614
1565,1613,1614
1566,1567,1615
1566,1614,1615
1567,1568,1616
1567,1615,1616
1568,1569,1617
1568,1616,1617
1569,1570,1618
1569,1617,1618
1570,1571,1619
1570,1618,1619
1571,1572,1620
1571,1619,1620
1572,1573,1621
1572,1620,1621
1573,1574,1622
1573,1621,1622
1574,1575,1623
1574,1622,1623
1575,1576,1624
1575,1623,1624
1576,1577,1625
1576,1624,1625
1577,1578,1626
1577,1625,1626
1578,1579,1627
1578,1626,1627
1579,1580,1628
1579,1627,1628
1580,1581,1629
1580,1628,1629
1581,1582,1630
1581,1629,1630
1582,1583,1631
1582,1630,1631
1583,1584,1632
1583,1631,1632
1585,1586,1634
1585,1633,1634
1586,1587,1635
1586,1634,1635
1587,1588,1636
1587,1635,1636
1588,1589,1637
1588,1636,1637
1589,1590,1638
1589,1637,1638
1590,1591,1639
1590,1638,1639
1591,1592,1640
1591,1639,1640
1592,1593,1641
1592,1640,1641
1593,1594,1642
1593,1641,1642
1594,1595,1643
1594,1642,1643
1595,1596,1644
1595,1643,1644
1596,1597,1645
1596,1644,1645
1597,1598,1646
1597,1645,1646
1598,1599,1647
1598,1646,1647
1599,1600,1648
1599,1647,1648
1600,1601,1649
1600,1648,1649
1601,1602,1650
1601,1649,1650
1602,1603,1651
1602,1650,1651
1603,1604,1652
1603,1651,1652
1604,1605,1653
1604,1652,1653
1605,1606,1654
1605,1653,1654
1606,1607,1655
1606,1654,1655
1607,1608,1656
1607,1655,1656
1608,1609,1657
1608,1656,1657
1609,1610,1658
1609,1657,1658
1610,1611,1659
1610,1658,1659
1611,1612,1660
1611,1659,1660
1612,1613,1661
1612,1660,1661
1613,1614,1662
1613,1661,1662
1614,1615,1663
1614,1662,1663
1615,1616,1664
1615,1663,1664
1616,1617,1665
1616,1664,1665
1617,1618,1666
1617,1665,1666
1618,1619,1667
1618,1666,1667
1619,1620,1668
1619,1667,1668
1620,1621,1669
1620,1668,1669
1621,1622,1670
1621,1669,1670
1622,1623,1671
1622,1670,1671
1623,1624,1672
1623,1671,1672
1624,1625,1673
1624,1672,1673
1625,1626,1674
1625,1673,1674
1626,1627,1675
1626,1674,1675
1627,1628,1676
1627,1675,1676
1628,1629,1677
1628,1676,1677
1629,1630,1678
1629,1677,1678
1630,1631,1679
1630,1678,1679
1631,1632,1680
1631,1679,1680
1633,1634,1682
1633,1681,1682
1634,1635,1683
1634,1682,1683
1635,1636,1684
1635,1683,1684
1636,1637,1685
1636,1684,1685
1637,1638,1686
1637,1685,1686
1638,1639,1687
1638,1686,1687
1639,1640,1688
1639,1687,1688
1640,1641,1689
1640,1688,1689
1641,1642,1690
1641,1689,1690
1642,1643,1691
1642,1690,1691
1643,1644,1692
1643,1691,1692
1644,1645,1693
1644,1692,1693
1645,1646,1694
1645,1693,1694
1646,1647,1695
1646,1694,1695
1647,1648,1696
1647,1695,1696
1648,1649,1697
1648,1696,1697
1649,1650,1698
1649,1697,1698
1650,1651,1699
1650,1698,1699
1651,1652,1700
1651,1699,1700
1652,1653,1701
1652,1700,1701
1653,1654,1702
1653,1701,1702
1654,1655,1703
1654,1702,1703
1655,1656,1704
1655,1703,1704
1656,1657,1705
1656,1704,1705
1657,1658,1706
1657,1705,1706
1658,1659,1707
1658,1706,1707
1659,1660,1708
1659,1707,1708
1660,1661,1709
1660,1708,1709
1661,1662,1710
1661,1709,1710
1662,1663,1711
1662,1710,1711
1663,1664,1712
1663,1711,1712
1664,1665,1713
1664,1712,1713
1665,1666,1714
1665,1713,1714
1666,1667,1715
1666,1714,1715
1667,1668,1716
1667,1715,1716
1668,1669,1717
1668,1716,1717
1669,1670,1718
1669,1717,1718
1670,1671,1719
1670,1718,1719
1671,1672,1720
1671,1719,1720
1672,1673,1721
1672,1720,1721
1673,1674,1722
1673,1721,1722
1674,1675,1723
1674,1722,1723
1675,1676,1724
1675,1723,1724
1676,1677,1725
1676,1724,1725
1677,1678,1726
1677,1725,1726
1678,1679,1727
1678,1726,1727
1679,1680,1728
1679,1727,1728
1681,1682,1730
1681,1729,1730
1682,1683,1731
1682,1730,1731
1683,1684,1732
1683,1731,1732
1684,1685,1733
1684,1732,1733
1685,1686,1734
1685,1733,1734
1686,1687,1735
1686,1734,1735
1687,1688,1736
1687,1735,1736
1688,1689,1737
1688,1736,1737
1689,1690,1738
1689,1737,1738
1690,1691,1739
1690,1738,1739
1691,1692,1740
1691,1739,1740
1692,1693,1741
1692,1740,1741
1693,1694,1742
1693,1741,1742
1694,1695,1743
1694,1742,1743
1695,1696,1744
1695,1743,1744
1696,1697,1745
1696,1744,1745
1697,1698,1746
1697,1745,1746
1698,1699,1747
1698,1746,1747
1699,1700,1748
1699,1747,1748
1700,1701,1749
1700,1748,1749
1701,1702,1750
1701,1749,1750
1702,1703,1751
1702,1750,1751
1703,1704,1752
1703,1751,1752
1704,1705,1753
1704,1752,1753
1705,1706,1754
1705,1753,1754
1706,1707,1755
1706,1754,1755
1707,1708,1756
1707,1755,1756
1708,1709,1757
1708,1756,1757
1709,1710,1758
1709,1757,1758
1710,1711,1759
1710,1758,1759
1711,1712,1760
1711,1759,1760
1712,1713,1761
1712,1760,1761
1713,1714,1762
1713,1761,1762
1714,1715,1763
1714,1762,1763
1715,1716,1764
1715,1763,1764
1716,1717,1765
1716,1764,1765
1717,1718,1766
1717,1765,1766
1718,1719,1767
1718,1766,1767
1719,1720,1768
1719,1767,1768
1720,1721,1769
1720,1768,1769
1721,1722,1770
1721,1769,1770
1722,1723,1771
1722,1770,1771
1723,1724,1772
1723,1771,1772
1724,1725,1773
1724,1772,1773
1725,1726,1774
1725,1773,1774
1726,1727,1775
1726,1774,1775
1727,1728,1776
1727,1775,1776
1729,1730,1778
1729,1777,1778
1730,1731,1779
1730,1778,1779
1731,1732,1780
1731,1779,1780
1732,1733,1781
1732,1780,1781
1733,1734,1782
1733,1781,1782
1734,1735,1783
1734,1782,1783
1735,1736,1784
1735,1783,1784
1736,1737,1785
1736,1784,1785
1737,1738,1786
1737,1785,1786
1738,1739,1787
1738,1786,1787
1739,1740,1788
1739,1787,1788
1740,1741,1789
1740,1788,1789
1741,1742,1790
1741,1789,1790
1742,1743,1791
1742,1790,1791
1743,1744,1792
1743,1791,1792
1744,1745,1793
1744,1792,1793
1745,1746,1794
1745,1793,1794
1746,1747,1795
1746,1794,1795
1747,1748,1796
1747,1795,1796
1748,1749,1797
1748,1796,1797
1749,1750,1798
1749,1797,1798
1750,1751,1799
1750,1798,1799
1751,1752,1800
1751,1799,1800
1752,1753,1801
1752,1800,1801
1753,1754,1802
1753,1801,1802
1754,1755,1803
1754,1802,1803
1755,1756,1804
1755,1803,1804
1756,1757,1805
1756,1804,1805
1757,1758,1806
1757,1805,1806
1758,1759,1807
1758,1806,1807
1759,1760,1808
1759,1807,1808
1760,1761,1809
1760,1808,1809
1761,1762,1810
1761,1809,1810
1762,1763,1811
1762,1810,1811
1763,1764,1812
1763,1811,1812
1764,1765,1813
1764,1812,1813
1765,1766,1814
1765,1813,1814
1766,1767,1815
1766,1814,1815
1767,1768,1816
1767,1815,1816
1768,1769,1817
1768,1816,1817
1769,1770,1818
1769,1817,1818
1770,1771,1819
1770,1818,1819
1771,1772,1820
1771,1819,1820
1772,1773,1821
1772,1820,1821
1773,1774,1822
1773,1821,1822
1774,1775,1823
1774,1822,1823
1775,1776,1824
1775,1823,1824
1777,1778,1826
1777,1825,1826
1778,1779,1827
1778,1826,1827
1779,1780,1828
1779,1827,1828
1780,1781,1829
1780,1828,1829
1781,1782,1830
1781,1829,1830
1782,1783,1831
1782,1830,1831
1783,1784,1832
1783,1831,1832
1784,1785,1833
1784,1832,1833
1785,1786,1834
1785,1833,1834
1786,1787,1835
1786,1834,1835
1787,1788,1836
1787,1835,1836
1788,1789,1837
1788,1836,1837
1789,1790,1838
1789,1837,1838
1790,1791,1839
1790,1838,1839
1791,1792,1840
1791,1839,1840
1792,1793,1841
1792,1840,1841
1793,1794,1842
1793,1841,1842
1794,1795,1843
1794,1842,1843
1795,1796,1844
1795,1843,1844
1796,1797,1845
1796,1844,1845
1797,1798,1846
1797,1845,1846
1798,1799,1847
1798,1846,1847
1799,1800,1848
1799,1847,1848
1800,1801,1849
1800,1848,1849
1801,1802,1850
1801,1849,1850
1802,1803,1851
1802,1850,1851
1803,1804,1852
1803,1851,1852
1804,1805,1853
1804,1852,1853
1805,1806,1854
1805,1853,1854
1806,1807,1855
1806,1854,1855
1807,1808,1856
1807,1855,1856
1808,1809,1857
1808,1856,1857
1809,1810,1858
1809,1857,1858
1810,1811,1859
1810,1858,1859
1811,1812,1860
1811,1859,1860
1812,1813,1861
1812,1860,1861
1813,1814,1862
1813,1861,1862
1814,1815,1863
1814,1862,1863
1815,1816,1864
1815,1863,1864
1816,1817,1865
1816,1864,1865
1817,1818,1866
1817,1865,1866
1818,1819,1867
1818,1866,1867
1819,1820,1868
1819,1867,1868
1820,1821,1869
1820,1868,1869
1821,1822,1870
1821,1869,1870
1822,1823,1871
1822,1870,1871
1823,1824,1872
1823,1871,1872
1825,1826,1874
1825,1873,1874
1826,1827,1875
1826,1874,1875
1827,1828,1876
1827,1875,1876
1828,1829,1877
1828,1876,1877
1829,1830,1878
1829,1877,1878
1830,1831,1879
1830,1878,1879
1831,1832,1880
1831,1879,1880
1832,1833,1881
1832,1880,1881
1833,1834,1882
1833,1881,1882
1834,1835,1883
1834,1882,1883
1835,1836,1884
1835,1883,1884
1836,1837,1885
1836,1884,1885
1837,1838,1886
1837,1885,1886
1838,1839,1887
1838,1886,1887
1839,1840,1888
1839,1887,1888
1840,1841,1889
1840,1888,1889
1841,1842,1890
1841,1889,1890
1842,1843,1891
1842,1890,1891
1843,1844,1892
1843,1891,1892
1844,1845,1893
1844,1892,1893
1845,1846,1894
1845,1893,1894
1846,1847,1895
1846,1894,1895
1847,1848,1896
1847,1895,1896
1848,1849,1897
1848,1896,1897
1849,1850,1898
1849,1897,1898
1850,1851,1899
1850,1898,1899
1851,1852,1900
1851,1899,1900
1852,1853,1901
1852,1900,1901
1853,1854,1902
1853,1901,1902
1854,1855,1903
1854,1902,1903
1855,1856,1904
1855,1903,1904
1856,1857,1905
1856,1904,1905
1857,1858,1906
1857,1905,1906
1858,1859,1907
1858,1906,1907
1859,1860,1908
1859,1907,1908
1860,1861,1909
1860,1908,1909
1861,1862,1910
1861,1909,1910
1862,1863,1911
1862,1910,1911
1863,1864,1912
1863,1911,1912
1864,1865,1913
1864,1912,1913
1865,1866,1914
1865,1913,1914
1866,1867,1915
1866,1914,1915
1867,1868,1916
1867,1915,1916
1868,1869,1917
1868,1916,1917
1869,1870,1918
1869,1917,1918
1870,1871,1919
1870,1918,1919
1871,1872,1920
1871,1919,1920
1873,1874,1922
1873,1921,1922
1874,1875,1923
1874,1922,1923
1875,1876,1924
1875,1923,1924
1876,1877,1925
1876,1924,1925
1877,1878,1926
1877,1925,1926
1878,1879,1927
1878,1926,1927
1879,1880,1928
1879,1927,1928
1880,1881,1929
1880,1928,1929
1881,1882,1930
1881,1929,1930
1882,1883,1931
1882,1930,1931
1883,1884,1932
1883,1931,1932
1884,1885,1933
1884,1932,1933
1885,1886,1934
1885,1933,1934
1886,1887,1935
1886,1934,1935
1887,1888,1936
1887,1935,1936
1888,1889,1937
1888,1936,1937
1889,1890,1938
1889,1937,1938
1890,1891,1939
1890,1938,1939
1891,1892,1940
1891,1939,1940
1892,1893,1941
1892,1940,1941
1893,1894,1942
1893,1941,1942
1894,1895,1943
1894,1942,1943
1895,1896,1944
1895,1943,1944
1896,1897,1945
1896,1944,1945
1897,1898,1946
1897,1945,1946
1898,1899,1947
1898,1946,1947
1899,1900,1948
1899,1947,1948
1900,1901,1949
1900,1948,1949
1901,1902,1950
1901,1949,1950
1902,1903,1951
1902,1950,1951
1903,1904,1952
1903,1951,1952
1904,1905,1953
1904,1952,1953
1905,1906,1954
1905,1953,1954
1906,1907,1955
1906,1954,1955
1907,1908,1956
1907,1955,1956
1908,1909,1957
1908,1956,1957
1909,1910,1958
1909,1957,1958
1910,1911,1959
1910,1958,1959
1911,1912,1960
1911,1959,1960
1912,1913,1961
1912,1960,1961
1913,1914,1962
1913,1961,1962
1914,1915,1963
1914,1962,1963
1915,1916,1964
1915,1963,1964
1916,1917,1965
1916,1964,1965
1917,1918,1966
1917,1965,1966
1918,1919,1967
1918,1966,1967
1919,1920,1968
1919,1967,1968
1921,1922,1970
1921,1969,1970
1922,1923,1971
1922,1970,1971
1923,1924,1972
1923,1971,1972
1924,1925,1973
1924,1972,1973
1925,1926,1974
1925,1973,1974
1926,1927,1975
1926,1974,1975
1927,1928,1976
1927,1975,1976
1928,1929,1977
1928,1976,1977
1929,1930,1978
1929,1977,1978
1930,1931,1979
1930,1978,1979
1931,1932,1980
1931,1979,1980
1932,1933,1981
1932,1980,1981
1933,1934,1982
1933,1981,1982
1934,1935,1983
1934,1982,1983
1935,1936,1984
1935,1983,1984
1936,1937,1985
1936,1984,1985
1937,1938,1986
1937,1985,1986
1938,1939,1987
1938,1986,1987
1939,1940,1988
1939,1987,1988
1940,1941,1989
1940,1988,1989
1941,1942,1990
1941,1989,1990
1942,1943,1991
1942,1990,1991
1943,1944,1992
1943,1991,1992
1944,1945,1993
1944,1992,1993
1945,1946,1994
1945,1993,1994
1946,1947,1995
1946,1994,1995
1947,1948,1996
1947,1995,1996
1948,1949,1997
1948,1996,1997
1949,1950,1998
1949,1997,1998
1950,1951,1999
1950,1998,1999
1951,1952,2000
1951,1999,2000
1952,1953,2001
1952,2000,2001
1953,1954,2002
1953,2001,2002
1954,1955,2003
1954,2002,2003
1955,1956,2004
1955,2003,2004
1956,1957,2005
1956,2004,2005
1957,1958,2006
1957,2005,2006
1958,1959,2007
1958,2006,2007
1959,1960,2008
1959,2007,2008
1960,1961,2009
1960,2008,2009
1961,1962,2010
1961,2009,2010
1962,1963,2011
1962,2010,2011
1963,1964,2012
1963,2011,2012
1964,1965,2013
1964,2012,2013
1965,1966,2014
1965,2013,2014
1966,1967,2015
1966,2014,2015
1967,1968,2016
1967,2015,2016
1969,1970,2018
1969,2017,2018
1970,1971,2019
1970,2018,2019
1971,1972,2020
1971,2019,2020
1972,1973,2021
1972,2020,2021
1973,1974,2022
1973,2021,2022
1974,1975,2023
1974,2022,2023
1975,1976,2024
1975,2023,2024
1976,1977,2025
1976,2024,2025
1977,1978,2026
1977,2025,2026
1978,1979,2027
1978,2026,2027
1979,1980,2028
1979,2027,2028
1980,1981,2029
1980,2028,2029
1981,1982,2030
1981,2029,2030
1982,1983,2031
1982,2030,2031
1983,1984,2032
1983,2031,2032
1984,1985,2033
1984,2032,2033
1985,1986,2034
1985,2033,2034
1986,1987,2035
1986,2034,2035
1987,1988,2036
1987,2035,2036
1988,1989,2037
1988,2036,2037
1989,1990,2038
1989,2037,2038
1990,1991,2039
1990,2038,2039
1991,1992,2040
1991,2039,2040
1992,1993,2041
1992,2040,2041
1993,1994,2042
1993,2041,2042
1994,1995,2043
1994,2042,2043
1995,1996,2044
1995,2043,2044
1996,1997,2045
1996,2044,2045
1997,1998,2046
1997,2045,2046
1998,1999,2047
1998,2046,2047
1999,2000,2048
1999,2047,2048
2000,2001,2049
2000,2048,2049
2001,2002,2050
2001,2049,2050
2002,2003,2051
2002,2050,2051
2003,2004,2052
2003,2051,2052
2004,2005,2053
2004,2052,2053
2005,2006,2054
2005,2053,2054
2006,2007,2055
2006,2054,2055
2007,2008,2056
2007,2055,2056
2008,2009,2057
2008,2056,2057
2009,2010,2058
2009,2057,2058
2010,2011,2059
2010,2058,2059
2011,2012,2060
2011,2059,2060
2012,2013,2061
2012,2060,2061
2013,2014,2062
2013,2061,2062
2014,2015,2063
2014,2062,2063
2015,2016,2064
2015,2063,2064
2017,2018,2066
2017,2065,2066
2018,2019,2067
2018,2066,2067
2019,2020,2068
2019,2067,2068
2020,2021,2069
2020,2068,2069
2021,2022,2070
2021,2069,2070
2022,2023,2071
2022,2070,2071
2023,2024,2072
2023,2071,2072
2024,2025,2073
2024,2072,2073
2025,2026,2074
2025,2073,2074
2026,2027,2075
2026,2074,2075
2027,2028,2076
2027,2075,2076
2028,2029,2077
2028,2076,2077
2029,2030,2078
2029,2077,2078
2030,2031,2079
2030,2078,2079
2031,2032,2080
2031,2079,2080
2032,2033,2081
2032,2080,2081
2033,2034,2082
2033,2081,2082
2034,2035,2083
2034,2082,2083
2035,2036,2084
2035,2083,2084
2036,2037,2085
2036,2084,2085
2037,2038,2086
2037,2085,2086
2038,2039,2087
2038,2086,2087
2039,2040,2088
2039,2087,2088
2040,2041,2089
2040,2088,2089
2041,2042,2090
2041,2089,2090
2042,2043,2091
2042,2090,2091
2043,2044,2092
2043,2091,2092
2044,2045,2093
2044,2092,2093
2045,2046,2094
2045,2093,2094
2046,2047,2095
2046,2094,2095
2047,2048,2096
2047,2095,2096
2048,2049,2097
2048,2096,2097
2049,2050,2098
2049,2097,2098
2050,2051,2099
2050,2098,2099
2051,2052,2100
2051,2099,2100
2052,2053,2101
2052,2100,2101
2053,2054,2102
2053,2101,2102
2054,2055,2103
2054,2102,2103
2055,2056,2104
2055,2103,2104
2056,2057,2105
2056,2104,2105
2057,2058,2106
2057,2105,2106
2058,2059,2107
2058,2106,2107
2059,2060,2108
2059,2107,2108
2060,2061,2109
2060,2108,2109
2061,2062,2110
2061,2109,2110
2062,2063,2111
2062,2110,2111
2063,2064,2112
2063,2111,2112
2065,2066,2114
2065,2113,2114
2066,2067,2115
2066,2114,2115
2067,2068,2116
2067,2115,2116
2068,2069,2117
2068,2116,2117
2069,2070,2118
2069,2117,2118
2070,2071,2119
2070,2118,2119
2071,2072,2120
2071,2119,2120
2072,2073,2121
2072,2120,2121
2073,2074,2122
2073,2121,2122
2074,2075,2123
2074,2122,2123
2075,2076,2124
2075,2123,2124
2076,2077,2125
2076,2124,2125
2077,2078,2126
2077,2125,2126
2078,2079,2127
2078,2126,2127
2079,2080,2128
2079,2127,2128
2080,2081,2129
2080,2128,2129
2081,2082,2130
2081,2129,2130
2082,2083,2131
2082,2130,2131
2083,2084,2132
2083,2131,2132
2084,2085,2133
2084,2132,2133
2085,2086,2134
2085,2133,2134
2086,2087,2135
2086,2134,2135
2087,2088,2136
2087,2135,2136
2088,2089,2137
2088,2136,2137
2089,2090,2138
2089,2137,2138
2090,2091,2139
2090,2138,2139
2091,2092,2140
2091,2139,2140
2092,2093,2141
2092,2140,2141
2093,2094,2142
2093,2141,2142
2094,2095,2143
2094,2142,2143
2095,2096,2144
2095,2143,2144
2096,2097,2145
2096,2144,2145
2097,2098,2146
2097,2145,2146
2098,2099,2147
2098,2146,2147
2099,2100,2148
2099,2147,2148
2100,2101,2149
2100,2148,2149
2101,2102,2150
2101,2149,2150
2102,2103,2151
2102,2150,2151
2103,2104,2152
2103,2151,2152
2104,2105,2153
2104,2152,2153
2105,2106,2154
2105,2153,2154
2106,2107,2155
2106,2154,2155
2107,2108,2156
2107,2155,2156
2108,2109,2157
2108,2156,2157
2109,2110,2158
2109,2157,2158
2110,2111,2159
2110,2158,2159
2111,2112,2160
2111,2159,2160
2113,2114,2162
2113,2161,2162
2114,2115,2163
2114,2162,2163
2115,2116,2164
2115,2163,2164
2116,2117,2165
2116,2164,2165
2117,2118,2166
2117,2165,2166
2118,2119,2167
2118,2166,2167
2119,2120,2168
2119,2167,2168
2120,2121,2169
2120,2168,2169
2121,2122,2170
2121,2169,2170
2122,2123,2171
2122,2170,2171
2123,2124,2172
2123,2171,2172
2124,2125,2173
2124,2172,2173
2125,2126,2174
2125,2173,2174
2126,2127,2175
2126,2174,2175
2127,2128,2176
2127,2175,2176
2128,2129,2177
2128,2176,2177
2129,2130,2178
2129,2177,2178
2130,2131,2179
2130,2178,2179
2131,2132,2180
2131,2179,2180
2132,2133,2181
2132,2180,2181
2133,2134,2182
2133,2181,2182
2134,2135,2183
2134,2182,2183
2135,2136,2184
2135,2183,2184
2136,2137,2185
2136,2184,2185
2137,2138,2186
2137,2185,2186
2138,2139,2187
2138,2186,2187
2139,2140,2188
2139,2187,2188
2140,2141,2189
2140,2188,2189
2141,2142,2190
2141,2189,2190
2142,2143,2191
2142,2190,2191
2143,2144,2192
2143,2191,2192
2144,2145,2193
2144,2192,2193
2145,2146,2194
2145,2193,2194
2146,2147,2195
2146,2194,2195
2147,2148,2196
2147,2195,2196
2148,2149,2197
2148,2196,2197
2149,2150,2198
2149,2197,2198
2150,2151,2199
2150,2198,2199
2151,2152,2200
2151,2199,2200
2152,2153,2201
2152,2200,2201
2153,2154,2202
2153,2201,2202
2154,2155,2203
2154,2202,2203
2155,2156,2204
2155,2203,2204
2156,2157,2205
2156,2204,2205
2157,2158,2206
2157,2205,2206
2158,2159,2207
2158,2206,2207
2159,2160,2208
2159,2207,2208
2161,2162,2210
2161,2209,2210
2162,2163,2211
2162,2210,2211
2163,2164,2212
2163,2211,2212
2164,2165,2213
2164,2212,2213
2165,2166,2214
2165,2213,2214
2166,2167,2215
2166,2214,2215
2167,2168,2216
2167,2215,2216
2168,2169,2217
2168,2216,2217
2169,2170,2218
2169,2217,2218
2170,2171,2219
2170,2218,2219
2171,2172,2220
2171,2219,2220
2172,2173,2221
2172,2220,2221
2173,2174,2222
2173,2221,2222
2174,2175,2223
2174,2222,2223
2175,2176,2224
2175,2223,2224
2176,2177,2225
2176,2224,2225
2177,2178,2226
2177,2225,2226
2178,2179,2227
2178,2226,2227
2179,2180,2228
2179,2227,2228
2180,2181,2229
2180,2228,2229
2181,2182,2230
2181,2229,2230
2182,2183,2231
2182,2230,2231
2183,2184,2232
2183,2231,2232
2184,2185,2233
2184,2232,2233
2185,2186,2234
2185,2233,2234
2186,2187,2235
2186,2234,2235
2187,2188,2236
2187,2235,2236
2188,2189,2237
2188,2236,2237
2189,2190,2238
2189,2237,2238
2190,2191,2239
2190,2238,2239
2191,2192,2240
2191,2239,2240
2192,2193,2241
2192,2240,2241
2193,2194,2242
2193,2241,2242
2194,2195,2243
2194,2242,2243
2195,2196,2244
2195,2243,2244
2196,2197,2245
2196,2244,2245
2197,2198,2246
2197,2245,2246
2198,2199,2247
2198,2246,2247
2199,2200,2248
2199,2247,2248
2200,2201,2249
2200,2248,2249
2201,2202,2250
2201,2249,2250
2202,2203,2251
2202,2250,2251
2203,2204,2252
2203,2251,2252
2204,2205,2253
2204,2252,2253
2205,2206,2254
2205,2253,2254
2206,2207,2255
2206,2254,2255
2207,2208,2256
2207,2255,2256
2209,2210,2258
2209,2257,2258
2210,2211,2259
2210,2258,2259
2211,2212,2260
2211,2259,2260
2212,2213,2261
2212,2260,2261
2213,2214,2262
2213,2261,2262
2214,2215,2263
2214,2262,2263
2215,2216,2264
2215,2263,2264
2216,2217,2265
2216,2264,2265
2217,2218,2266
2217,2265,2266
2218,2219,2267
2218,2266,2267
2219,2220,2268
2219,2267,2268
2220,2221,2269
2220,2268,2269
2221,2222,2270
2221,2269,2270
2222,2223,2271
2222,2270,2271
2223,2224,2272
2223,2271,2272
2224,2225,2273
2224,2272,2273
2225,2226,2274
2225,2273,2274
2226,2227,2275
2226,2274,2275
2227,2228,2276
2227,2275,2276
2228,2229,2277
2228,2276,2277
2229,2230,2278
2229,2277,2278
2230,2231,2279
2230,2278,2279
2231,2232,2280
2231,2279,2280
2232,2233,2281
2232,2280,2281
2233,2234,2282
2233,2281,2282
2234,2235,2283
2234,2282,2283
2235,2236,2284
2235,2283,2284
2236,2237,2285
2236,2284,2285
2237,2238,2286
2237,2285,2286
2238,2239,2287
2238,2286,2287
2239,2240,2288
2239,2287,2288
2240,2241,2289
2240,2288,2289
2241,2242,2290
2241,2289,2290
2242,2243,2291
2242,2290,2291
2243,2244,2292
2243,2291,2292
2244,2245,2293
2244,2292,2293
2245,2246,2294
2245,2293,2294
2246,2247,2295
2246,2294,2295
2247,2248,2296
2247,2295,2296
2248,2249,2297
2248,2296,2297
2249,2250,2298
2249,2297,2298
2250,2251,2299
2250,2298,2299
2251,2252,2300
2251,2299,2300
2252,2253,2301
2252,2300,2301
2253,2254,2302
2253,2301,2302
2254,2255,2303
2254,2302,2303
2255,2256,2304
2255,2303,2304
2257,2258,2306
2257,2305,2306
2258,2259,2307
2258,2306,2307
2259,2260,2308
2259,2307,2308
2260,2261,2309
2260,2308,2309
2261,2262,2310
2261,2309,2310
2262,2263,2311
2262,2310,2311
2263,2264,2312
2263,2311,2312
2264,2265,2313
2264,2312,2313
2265,2266,2314
2265,2313,2314
2266,2267,2315
2266,2314,2315
2267,2268,2316
2267,2315,2316
2268,2269,2317
2268,2316,2317
2269,2270,2318
2269,2317,2318
2270,2271,2319
2270,2318,2319
2271,2272,2320
2271,2319,2320
2272,2273,2321
2272,2320,2321
2273,2274,2322
2273,2321,2322
2274,2275,2323
2274,2322,2323
2275,2276,2324
2275,2323,2324
2276,2277,2325
2276,2324,2325
2277,2278,2326
2277,2325,2326
2278,2279,2327
2278,2326,2327
2279,2280,2328
2279,2327,2328
2280,2281,2329
2280,2328,2329
2281,2282,2330
2281,2329,2330
2282,2283,2331
2282,2330,2331
2283,2284,2332
2283,2331,2332
2284,2285,2333
2284,2332,2333
2285,2286,2334
2285,2333,2334
2286,2287,2335
2286,2334,2335
2287,2288,2336
2287,2335,2336
2288,2289,2337
2288,2336,2337
2289,2290,2338
2289,2337,2338
2290,2291,2339
2290,2338,2339
2291,2292,2340
2291,2339,2340
2292,2293,2341
2292,2340,2341
2293,2294,2342
2293,2341,2342
2294,2295,2343
2294,2342,2343
2295,2296,2344
2295,2343,2344
2296,2297,2345
2296,2344,2345
2297,2298,2346
2297,2345,2346
2298,2299,2347
2298,2346,2347
2299,2300,2348
2299,2347,2348
2300,2301,2349
2300,2348,2349
2301,2302,2350
2301,2349,2350
2302,2303,2351
2302,2350,2351
2303,2304,2352
2303,2351,2352
2305,2306,2354
2305,2353,2354
2306,2307,2355
2306,2354,2355
2307,2308,2356
2307,2355,2356
2308,2309,2357
2308,2356,2357
2309,2310,2358
2309,2357,2358
2310,2311,2359
2310,2358,2359
2311,2312,2360
2311,2359,2360
2312,2313,2361
2312,2360,2361
2313,2314,2362
2313,2361,2362
2314,2315,2363
2314,2362,2363
2315,2316,2364
2315,2363,2364
2316,2317,2365
2316,2364,2365
2317,2318,2366
2317,2365,2366
2318,2319,2367
2318,2366,2367
2319,2320,2368
2319,2367,2368
2320,2321,2369
2320,2368,2369
2321,2322,2370
2321,2369,2370
2322,2323,2371
2322,2370,2371
2323,2324,2372
2323,2371,2372
2324,2325,2373
2324,2372,2373
2325,2326,2374
2325,2373,2374
2326,2327,2375
2326,2374,2375
2327,2328,2376
2327,2375,2376
2328,2329,2377
2328,2376,2377
2329,2330,2378
2329,2377,2378
2330,2331,2379
2330,2378,2379
2331,2332,2380
2331,2379,2380
2332,2333,2381
2332,2380,2381
2333,2334,2382
2333,2381,2382
2334,2335,2383
2334,2382,2383
2335,2336,2384
2335,2383,2384
2336,2337,2385
2336,2384,2385
2337,2338,2386
2337,2385,2386
2338,2339,2387
2338,2386,2387
2339,2340,2388
2339,2387,2388
2340,2341,2389
2340,2388,2389
2341,2342,2390
2341,2389,2390
2342,2343,2391
2342,2390,2391
2343,2344,2392
2343,2391,2392
2344,2345,2393
2344,2392,2393
2345,2346,2394
2345,2393,2394
2346,2347,2395
2346,2394,2395
2347,2348,2396
2347,2395,2396
2348,2349,2397
2348,2396,2397
2349,2350,2398
2349,2397,2398
2350,2351,2399
2350,2398,2399
2351,2352,2400
2351,2399,2400
2353,2354,2402
2353,2401,2402
2354,2355,2403
2354,2402,2403
2355,2356,2404
2355,2403,2404
2356,2357,2405
2356,2404,2405
2357,2358,2406
2357,2405,2406
2358,2359,2407
2358,2406,2407
2359,2360,2408
2359,2407,2408
2360,2361,2409
2360,2408,2409
2361,2362,2410
2361,2409,2410
2362,2363,2411
2362,2410,2411
2363,2364,2412
2363,2411,2412
2364,2365,2413
2364,2412,2413
2365,2366,2414
2365,2413,2414
2366,2367,2415
2366,2414,2415
2367,2368,2416
2367,2415,2416
2368,2369,2417
2368,2416,2417
2369,2370,2418
2369,2417,2418
2370,2371,2419
2370,2418,2419
2371,2372,2420
2371,2419,2420
2372,2373,2421
2372,2420,2421
2373,2374,2422
2373,2421,2422
2374,2375,2423
2374,2422,2423
2375,2376,2424
2375,2423,2424
2376,2377,2425
2376,2424,2425
2377,2378,2426
2377,2425,2426
2378,2379,2427
2378,2426,2427
2379,2380,2428
2379,2427,2428
2380,2381,2429
2380,2428,2429
2381,2382,2430
2381,2429,2430
2382,2383,2431
2382,2430,2431
2383,2384,2432
2383,2431,2432
2384,2385,2433
2384,2432,2433
2385,2386,2434
2385,2433,2434
2386,2387,2435
2386,2434,2435
2387,2388,2436
2387,2435,2436
2388,2389,2437
2388,2436,2437
2389,2390,2438
2389,2437,2438
2390,2391,2439
2390,2438,2439
2391,2392,2440
2391,2439,2440
2392,2393,2441
2392,2440,2441
2393,2394,2442
2393,2441,2442
2394,2395,2443
2394,2442,2443
2395,2396,2444
2395,2443,2444
2396,2397,2445
2396,2444,2445
2397,2398,2446
2397,2445,2446
2398,2399,2447
2398,2446,2447
2399,2400,2448
2399,2447,2448
2401,2402,2450
2401,2449,2450
2402,2403,2451
2402,2450,2451
2403,2404,2452
2403,2451,2452
2404,2405,2453
2404,2452,2453
2405,2406,2454
2405,2453,2454
2406,2407,2455
2406,2454,2455
2407,2408,2456
2407,2455,2456
2408,2409,2457
2408,2456,2457
2409,2410,2458
2409,2457,2458
2410,2411,2459
2410,2458,2459
2411,2412,2460
2411,2459,2460
2412,2413,2461
2412,2460,2461
2413,2414,2462
2413,2461,2462
2414,2415,2463
2414,2462,2463
2415,2416,2464
2415,2463,2464
2416,2417,2465
2416,2464,2465
2417,2418,2466
2417,2465,2466
2418,2419,2467
2418,2466,2467
2419,2420,2468
2419,2467,2468
2420,2421,2469
2420,2468,2469
2421,2422,2470
2421,2469,2470
2422,2423,2471
2422,2470,2471
2423,2424,2472
2423,2471,2472
2424,2425,2473
2424,2472,2473
2425,2426,2474
2425,2473,2474
2426,2427,2475
2426,2474,2475
2427,2428,2476
2427,2475,2476
2428,2429,2477
2428,2476,2477
2429,2430,2478
2429,2477,2478
2430,2431,2479
2430,2478,2479
2431,2432,2480
2431,2479,2480
2432,2433,2481
2432,2480,2481
2433,2434,2482
2433,2481,2482
2434,2435,2483
2434,2482,2483
2435,2436,2484
2435,2483,2484
2436,2437,2485
2436,2484,2485
2437,2438,2486
2437,2485,2486
2438,2439,2487
2438,2486,2487
2439,2440,2488
2439,2487,2488
2440,2441,2489
2440,2488,2489
2441,2442,2490
2441,2489,2490
2442,2443,2491
2442,2490,2491
2443,2444,2492
2443,2491,2492
2444,2445,2493
2444,2492,2493
2445,2446,2494
2445,2493,2494
2446,2447,2495
2446,2494,2495
2447,2448,2496
2447,2495,2496
2449,2450,2498
2449,2497,2498
2450,2451,2499
2450,2498,2499
2451,2452,2500
2451,2499,2500
2452,2453,2501
2452,2500,2501
2453,2454,2502
2453,2501,2502
2454,2455,2503
2454,2502,2503
2455,2456,2504
2455,2503,2504
2456,2457,2505
2456,2504,2505
2457,2458,2506
2457,2505,2506
2458,2459,2507
2458,2506,2507
2459,2460,2508
2459,2507,2508
2460,2461,2509
2460,2508,2509
2461,2462,2510
2461,2509,2510
2462,2463,2511
2462,2510,2511
2463,2464,2512
2463,2511,2512
2464,2465,2513
2464,2512,2513
2465,2466,2514
2465,2513,2514
2466,2467,2515
2466,2514,2515
2467,2468,2516
2467,2515,2516
2468,2469,2517
2468,2516,2517
2469,2470,2518
2469,2517,2518
2470,2471,2519
2470,2518,2519
2471,2472,2520
2471,2519,2520
2472,2473,2521
2472,2520,2521
2473,2474,2522
2473,2521,2522
2474,2475,2523
2474,2522,2523
2475,2476,2524
2475,2523,2524
2476,2477,2525
2476,2524,2525
2477,2478,2526
2477,2525,2526
2478,2479,2527
2478,2526,2527
2479,2480,2528
2479,2527,2528
2480,2481,2529
2480,2528,2529
2481,2482,2530
2481,2529,2530
2482,2483,2531
2482,2530,2531
2483,2484,2532
2483,2531,2532
2484,2485,2533
2484,2532,2533
2485,2486,2534
2485,2533,2534
2486,2487,2535
2486,2534,2535
2487,2488,2536
2487,2535,2536
2488,2489,2537
2488,2536,2537
2489,2490,2538
2489,2537,2538
2490,2491,2539
2490,2538,2539
2491,2492,2540
2491,2539,2540
2492,2493,2541
2492,2540,2541
2493,2494,2542
2493,2541,2542
2494,2495,2543
2494,2542,2543
2495,2496,2544
2495,2543,2544
2497,2498,2546
2497,2545,2546
2498,2499,2547
2498,2546,2547
2499,2500,2548
2499,2547,2548
2500,2501,2549
2500,2548,2549
2501,2502,2550
2501,2549,2550
2502,2503,2551
2502,2550,2551
2503,2504,2552
2503,2551,2552
2504,2505,2553
2504,2552,2553
2505,2506,2554
2505,2553,2554
2506,2507,2555
2506,2554,2555
2507,2508,2556
2507,2555,2556
2508,2509,2557
2508,2556,2557
2509,2510,2558
2509,2557,2558
2510,2511,2559
2510,2558,2559
2511,2512,2560
2511,2559,2560
2512,2513,2561
2512,2560,2561
2513,2514,2562
2513,2561,2562
2514,2515,2563
2514,2562,2563
2515,2516,2564
2515,2563,2564
2516,2517,2565
2516,2564,2565
2517,2518,2566
2517,2565,2566
2518,2519,2567
2518,2566,2567
2519,2520,2568
2519,2567,2568
2520,2521,2569
2520,2568,2569
2521,2522,2570
2521,2569,2570
2522,2523,2571
2522,2570,2571
2523,2524,2572
2523,2571,2572
2524,2525,2573
2524,2572,2573
2525,2526,2574
2525,2573,2574
2526,2527,2575
2526,2574,2575
2527,2528,2576
2527,2575,2576
2528,2529,2577
2528,2576,2577
2529,2530,2578
2529,2577,2578
2530,2531,2579
2530,2578,2579
2531,2532,2580
2531,2579,2580
2532,2533,2581
2532,2580,2581
2533,2534,2582
2533,2581,2582
2534,2535,2583
2534,2582,2583
2535,2536,2584
2535,2583,2584
2536,2537,2585
2536,2584,2585
2537,2538,2586
2537,2585,2586
2538,2539,2587
2538,2586,2587
2539,2540,2588
2539,2587,2588
2540,2541,2589
2540,2588,2589
2541,2542,2590
2541,2589,2590
2542,2543,2591
2542,2590,2591
2543,2544,2592
2543,2591,2592
2545,2546,2594
2545,2593,2594
2546,2547,2595
2546,2594,2595
2547,2548,2596
2547,2595,2596
2548,2549,2597
2548,2596,2597
2549,2550,2598
2549,2597,2598
2550,2551,2599
2550,2598,2599
2551,2552,2600
2551,2599,2600
2552,2553,2601
2552,2600,2601
2553,2554,2602
2553,2601,2602
2554,2555,2603
2554,2602,2603
2555,2556,2604
2555,2603,2604
2556,2557,2605
2556,2604,2605
2557,2558,2606
2557,2605,2606
2558,2559,2607
2558,2606,2607
2559,2560,2608
2559,2607,2608
2560,2561,2609
2560,2608,2609
2561,2562,2610
2561,2609,2610
2562,2563,2611
2562,2610,2611
2563,2564,2612
2563,2611,2612
2564,2565,2613
2564,2612,2613
2565,2566,2614
2565,2613,2614
2566,2567,2615
2566,2614,2615
2567,2568,2616
2567,2615,2616
2568,2569,2617
2568,2616,2617
2569,2570,2618
2569,2617,2618
2570,2571,2619
2570,2618,2619
2571,2572,2620
2571,2619,2620
2572,2573,2621
2572,2620,2621
2573,2574,2622
2573,2621,2622
2574,2575,2623
2574,2622,2623
2575,2576,2624
2575,2623,2624
2576,2577,2625
2576,2624,2625
2577,2578,2626
2577,2625,2626
2578,2579,2627
2578,2626,2627
2579,2580,2628
2579,2627,2628
2580,2581,2629
2580,2628,2629
2581,2582,2630
2581,2629,2630
2582,2583,2631
2582,2630,2631
2583,2584,2632
2583,2631,2632
2584,2585,2633
2584,2632,2633
2585,2586,2634
2585,2633,2634
2586,2587,2635
2586,2634,2635
2587,2588,2636
2587,2635,2636
2588,2589,2637
2588,2636,2637
2589,2590,2638
2589,2637,2638
2590,2591,2639
2590,2638,2639
2591,2592,2640
2591,2639,2640
2593,2594,2642
2593,2641,2642
2594,2595,2643
2594,2642,2643
2595,2596,2644
2595,2643,2644
2596,2597,2645
2596,2644,2645
2597,2598,2646
2597,2645,2646
2598,2599,2647
2598,2646,2647
2599,2600,2648
2599,2647,2648
2600,2601,2649
2600,2648,2649
2601,2602,2650
2601,2649,2650
2602,2603,2651
2602,2650,2651
2603,2604,2652
2603,2651,2652
2604,2605,2653
2604,2652,2653
2605,2606,2654
2605,2653,2654
2606,2607,2655
2606,2654,2655
2607,2608,2656
2607,2655,2656
2608,2609,2657
2608,2656,2657
2609,2610,2658
2609,2657,2658
2610,2611,2659
2610,2658,2659
2611,2612,2660
2611,2659,2660
2612,2613,2661
2612,2660,2661
2613,2614,2662
2613,2661,2662
2614,2615,2663
2614,2662,2663
2615,2616,2664
2615,2663,2664
2616,2617,2665
2616,2664,2665
2617,2618,2666
2617,2665,2666
2618,2619,2667
2618,2666,2667
2619,2620,2668
2619,2667,2668
2620,2621,2669
2620,2668,2669
2621,2622,2670
2621,2669,2670
2622,2623,2671
2622,2670,2671
2623,2624,2672
2623,2671,2672
2624,2625,2673
2624,2672,2673
2625,2626,2674
2625,2673,2674
2626,2627,2675
2626,2674,2675
2627,2628,2676
2627,2675,2676
2628,2629,2677
2628,2676,2677
2629,2630,2678
2629,2677,2678
2630,2631,2679
2630,2678,2679
2631,2632,2680
2631,2679,2680
2632,2633,2681
2632,2680,2681
2633,2634,2682
2633,2681,2682
2634,2635,2683
2634,2682,2683
2635,2636,2684
2635,2683,2684
2636,2637,2685
2636,2684,2685
2637,2638,2686
2637,2685,2686
2638,2639,2687
2638,2686,2687
2639,2640,2688
2639,2687,2688
2641,2642,2690
2641,2689,2690
2642,2643,2691
2642,2690,2691
2643,2644,2692
2643,2691,2692
2644,2645,2693
2644,2692,2693
2645,2646,2694
2645,2693,2694
2646,2647,2695
2646,2694,2695
2647,2648,2696
2647,2695,2696
2648,2649,2697
2648,2696,2697
2649,2650,2698
2649,2697,2698
2650,2651,2699
2650,2698,2699
2651,2652,2700
2651,2699,2700
2652,2653,2701
2652,2700,2701
2653,2654,2702
2653,2701,2702
2654,2655,2703
2654,2702,2703
2655,2656,2704
2655,2703,2704
2656,2657,2705
2656,2704,2705
2657,2658,2706
2657,2705,2706
2658,2659,2707
2658,2706,2707
2659,2660,2708
2659,2707,2708
2660,2661,2709
2660,2708,2709
2661,2662,2710
2661,2709,2710
2662,2663,2711
2662,2710,2711
2663,2664,2712
2663,2711,2712
2664,2665,2713
2664,2712,2713
2665,2666,2714
2665,2713,2714
2666,2667,2715
2666,2714,2715
2667,2668,2716
2667,2715,2716
2668,2669,2717
2668,2716,2717
2669,2670,2718
2669,2717,2718
2670,2671,2719
2670,2718,2719
2671,2672,2720
2671,2719,2720
2672,2673,2721
2672,2720,2721
2673,2674,2722
2673,2721,2722
2674,2675,2723
2674,2722,2723
2675,2676,2724
2675,2723,2724
2676,2677,2725
2676,2724,2725
2677,2678,2726
2677,2725,2726
2678,2679,2727
2678,2726,2727
2679,2680,2728
2679,2727,2728
2680,2681,2729
2680,2728,2729
2681,2682,2730
2681,2729,2730
2682,2683,2731
2682,2730,2731
2683,2684,2732
2683,2731,2732
2684,2685,2733
2684,2732,2733
2685,2686,2734
2685,2733,2734
2686,2687,2735
2686,2734,2735
2687,2688,2736
2687,2735,2736
2689,2690,2738
2689,2737,2738
2690,2691,2739
2690,2738,2739
2691,2692,2740
2691,2739,2740
2692,2693,2741
2692,2740,2741
2693,2694,2742
2693,2741,2742
2694,2695,2743
2694,2742,2743
2695,2696,2744
2695,2743,2744
2696,2697,2745
2696,2744,2745
2697,2698,2746
2697,2745,2746
2698,2699,2747
2698,2746,2747
2699,2700,2748
2699,2747,2748
2700,2701,2749
2700,2748,2749
2701,2702,2750
2701,2749,2750
2702,2703,2751
2702,2750,2751
2703,2704,2752
2703,2751,2752
2704,2705,2753
2704,2752,2753
2705,2706,2754
2705,2753,2754
2706,2707,2755
2706,2754,2755
2707,2708,2756
2707,2755,2756
2708,2709,2757
2708,2756,2757
2709,2710,2758
2709,2757,2758
2710,2711,2759
2710,2758,2759
2711,2712,2760
2711,2759,2760
2712,2713,2761
2712,2760,2761
2713,2714,2762
2713,2761,2762
2714,2715,2763
2714,2762,2763
2715,2716,2764
2715,2763,2764
2716,2717,2765
2716,2764,2765
2717,2718,2766
2717,2765,2766
2718,2719,2767
2718,2766,2767
2719,2720,2768
2719,2767,2768
2720,2721,2769
2720,2768,2769
2721,2722,2770
2721,2769,2770
2722,2723,2771
2722,2770,2771
2723,2724,2772
2723,2771,2772
2724,2725,2773
2724,2772,2773
2725,2726,2774
2725,2773,2774
2726,2727,2775
2726,2774,2775
2727,2728,2776
2727,2775,2776
2728,2729,2777
2728,2776,2777
2729,2730,2778
2729,2777,2778
2730,2731,2779
2730,2778,2779
2731,2732,2780
2731,2779,2780
2732,2733,2781
2732,2780,2781
2733,2734,2782
2733,2781,2782
2734,2735,2783
2734,2782,2783
2735,2736,2784
2735,2783,2784
2737,2738,2786
2737,2785,2786
2738,2739,2787
2738,2786,2787
2739,2740,2788
2739,2787,2788
2740,2741,2789
2740,2788,2789
2741,2742,2790
2741,2789,2790
2742,2743,2791
2742,2790,2791
2743,2744,2792
2743,2791,2792
2744,2745,2793
2744,2792,2793
2745,2746,2794
2745,2793,2794
2746,2747,2795
2746,2794,2795
2747,2748,2796
2747,2795,2796
2748,2749,2797
2748,2796,2797
2749,2750,2798
2749,2797,2798
2750,2751,2799
2750,2798,2799
2751,2752,2800
2751,2799,2800
2752,2753,2801
2752,2800,2801
2753,2754,2802
2753,2801,2802
2754,2755,2803
2754,2802,2803
2755,2756,2804
2755,2803,2804
2756,2757,2805
2756,2804,2805
2757,2758,2806
2757,2805,2806
2758,2759,2807
2758,2806,2807
2759,2760,2808
2759,2807,2808
2760,2761,2809
2760,2808,2809
2761,2762,2810
2761,2809,2810
2762,2763,2811
2762,2810,2811
2763,2764,2812
2763,2811,2812
2764,2765,2813
2764,2812,2813
2765,2766,2814
2765,2813,2814
2766,2767,2815
2766,2814,2815
2767,2768,2816
2767,2815,2816
2768,2769,2817
2768,2816,2817
2769,2770,2818
2769,2817,2818
2770,2771,2819
2770,2818,2819
2771,2772,2820
2771,2819,2820
2772,2773,2821
2772,2820,2821
2773,2774,2822
2773,2821,2822
2774,2775,2823
2774,2822,2823
2775,2776,2824
2775,2823,2824
2776,2777,2825
2776,2824,2825
2777,2778,2826
2777,2825,2826
2778,2779,2827
2778,2826,2827
2779,2780,2828
2779,2827,2828
2780,2781,2829
2780,2828,2829
2781,2782,2830
2781,2829,2830
2782,2783,2831
2782,2830,2831
2783,2784,2832
2783,2831,2832
2785,2786,2834
2785,2833,2834
2786,2787,2835
2786,2834,2835
2787,2788,2836
2787,2835,2836
2788,2789,2837
2788,2836,2837
2789,2790,2838
2789,2837,2838
2790,2791,2839
2790,2838,2839
2791,2792,2840
2791,2839,2840
2792,2793,2841
2792,2840,2841
2793,2794,2842
2793,2841,2842
2794,2795,2843
2794,2842,2843
2795,2796,2844
2795,2843,2844
2796,2797,2845
2796,2844,2845
2797,2798,2846
2797,2845,2846
2798,2799,2847
2798,2846,2847
2799,2800,2848
2799,2847,2848
2800,2801,2849
2800,2848,2849
2801,2802,2850
2801,2849,2850
2802,2803,2851
2802,2850,2851
2803,2804,2852
2803,2851,2852
2804,2805,2853
2804,2852,2853
2805,2806,2854
2805,2853,2854
2806,2807,2855
2806,2854,2855
2807,2808,2856
2807,2855,2856
2808,2809,2857
2808,2856,2857
2809,2810,2858
2809,2857,2858
2810,2811,2859
2810,2858,2859
2811,2812,2860
2811,2859,2860
2812,2813,2861
2812,2860,2861
2813,2814,2862
2813,2861,2862
2814,2815,2863
2814,2862,2863
2815,2816,2864
2815,2863,2864
2816,2817,2865
2816,2864,2865
2817,2818,2866
2817,2865,2866
2818,2819,2867
2818,2866,2867
2819,2820,2868
2819,2867,2868
2820,2821,2869
2820,2868,2869
2821,2822,2870
2821,2869,2870
2822,2823,2871
2822,2870,2871
2823,2824,2872
2823,2871,2872
2824,2825,2873
2824,2872,2873
2825,2826,2874
2825,2873,2874
2826,2827,2875
2826,2874,2875
2827,2828,2876
2827,2875,2876
2828,2829,2877
2828,2876,2877
2829,2830,2878
2829,2877,2878
2830,2831,2879
2830,2878,2879
2831,2832,2880
2831,2879,2880
2833,2834,2882
2833,2881,2882
2834,2835,2883
2834,2882,2883
2835,2836,2884
2835,2883,2884
2836,2837,2885
2836,2884,2885
2837,2838,2886
2837,2885,2886
2838,2839,2887
2838,2886,2887
2839,2840,2888
2839,2887,2888
2840,2841,2889
2840,2888,2889
2841,2842,2890
2841,2889,2890
2842,2843,2891
2842,2890,2891
2843,2844,2892
2843,2891,2892
2844,2845,2893
2844,2892,2893
2845,2846,2894
2845,2893,2894
2846,2847,2895
2846,2894,2895
2847,2848,2896
2847,2895,2896
2848,2849,2897
2848,2896,2897
2849,2850,2898
2849,2897,2898
2850,2851,2899
2850,2898,2899
2851,2852,2900
2851,2899,2900
2852,2853,2901
2852,2900,2901
2853,2854,2902
2853,2901,2902
2854,2855,2903
2854,2902,2903
2855,2856,2904
2855,2903,2904
2856,2857,2905
2856,2904,2905
2857,2858,2906
2857,2905,2906
2858,2859,2907
2858,2906,2907
2859,2860,2908
2859,2907,2908
2860,2861,2909
2860,2908,2909
2861,2862,2910
2861,2909,2910
2862,2863,2911
2862,2910,2911
2863,2864,2912
2863,2911,2912
2864,2865,2913
2864,2912,2913
2865,2866,2914
2865,2913,2914
2866,2867,2915
2866,2914,2915
2867,2868,2916
2867,2915,2916
2868,2869,2917
2868,2916,2917
2869,2870,2918
2869,2917,2918
2870,2871,2919
2870,2918,2919
2871,2872,2920
2871,2919,2920
2872,2873,2921
2872,2920,2921
2873,2874,2922
2873,2921,2922
2874,2875,2923
2874,2922,2923
2875,2876,2924
2875,2923,2924
2876,2877,2925
2876,2924,2925
2877,2878,2926
2877,2925,2926
2878,2879,2927
2878,2926,2927
2879,2880,2928
2879,2927,2928
