VX,VY
-13.187979,-2.653523
-11.961982,-0.163627
-11.372554,0.693241
-11.713946,1.850695
-11.652654,2.605386
-10.986564,3.669529
-10.024714,4.357696
-9.453360,5.239133
-9.141719,5.984317
-8.292764,5.545741
-8.183352,5.789941
-8.253026,5.909549
-8.774954,5.922804
-10.021523,6.364658
-12.037453,7.327188
-12.614465,6.983962
-12.175406,5.797245
-12.323699,4.676885
-12.902992,3.291235
-13.395248,2.253532
-13.148871,1.772303
-12.960403,2.245604
-12.979721,1.661382
-13.991569,1.582359
-15.479889,-0.590926
-17.205093,-3.131792
-18.252956,-4.996422
-18.550503,-5.871933
-19.437851,-5.265336
-19.287098,-3.468789
-18.491041,-0.706641
-17.977518,2.045818
-17.031172,4.853796
-16.256908,7.832297
-15.037335,10.578292
-12.616062,12.114988
-11.179884,12.325408
-10.123531,12.336205
-8.850812,11.627975
-7.660309,10.883104
-6.973262,10.545380
-6.529081,10.439111
-6.126310,10.444772
-5.475499,10.450737
-4.736371,10.451545
-4.294605,10.153355
-4.159801,9.012509
-4.205783,6.951005
-4.605111,4.481747
-5.008606,1.726553
-4.999757,-1.038075
-4.659654,-3.173782
-4.212353,-4.022088
-4.917198,-3.695332
-5.912111,-3.911641
-6.062517,-6.162078
-4.728491,-9.369384
-3.379724,-10.996452
-3.040376,-10.520515
-2.212366,-9.391980
-12.942078,-4.275282
-12.355950,-1.542880
-11.421828,0.565874
-11.007179,1.388396
-11.333221,1.922656
-11.306162,3.055463
-10.682387,4.340038
-10.240134,5.361334
-9.819704,5.864207
-8.984984,5.559251
-8.775641,5.974570
-9.388281,6.956329
-10.203729,7.307363
-10.828088,7.277327
-12.038211,7.823734
-12.283092,7.350871
-11.746128,5.870796
-11.904019,4.465742
-12.546458,3.019732
-13.025961,1.727448
-13.032788,1.328838
-12.870321,2.258798
-12.013641,2.435285
-12.121281,3.167465
-13.460602,1.763505
-15.394581,-0.155605
-17.181028,-2.128645
-17.999075,-4.045421
-19.241253,-4.605147
-19.731657,-3.822763
-19.241842,-1.810179
-18.770037,0.776348
-17.659182,3.363847
-16.792637,6.028582
-15.393339,8.559132
-12.867798,10.146873
-11.646527,10.607508
-10.370532,10.976220
-8.724504,10.497619
-7.815595,10.385561
-6.906180,10.089802
-6.168326,9.965414
-5.509834,9.935495
-4.713730,9.894313
-3.826221,9.819422
-3.120567,9.500163
-2.808536,8.569087
-2.575418,6.745724
-2.584814,4.253033
-2.859056,1.469645
-2.985260,-1.293136
-2.939240,-3.469781
-3.048687,-4.232511
-4.113081,-3.482255
-4.925930,-3.821736
-5.190240,-6.048521
-3.912810,-9.461158
-2.662871,-11.501536
-2.298149,-11.489542
-1.476135,-10.750416
-12.340484,-4.978773
-12.546208,-3.344990
-11.927466,-0.190008
-10.835573,1.057092
-10.706168,1.386983
-11.284214,1.515067
-11.518930,3.568403
-11.518967,5.445816
-10.833693,5.391240
-10.101621,5.519594
-9.812015,6.082634
-10.338265,7.143476
-11.123165,8.042822
-11.542961,8.194318
-11.969261,8.273418
-11.749907,7.442641
-11.222109,5.706562
-11.615779,4.305689
-12.491634,3.030820
-12.975592,1.532694
-13.129650,0.653069
-13.084314,1.186789
-11.868761,2.253219
-10.976061,3.449233
-11.448872,3.002903
-12.515483,2.574855
-14.855480,1.596475
-16.653257,-0.980349
-18.316505,-2.236088
-19.262856,-2.610733
-19.273170,-1.988274
-19.187628,-0.153419
-17.944914,1.876510
-17.036493,4.434422
-16.113607,7.135699
-13.701080,8.129839
-12.402638,9.395447
-10.412131,9.514974
-8.894243,9.488604
-7.962363,9.755681
-6.695967,9.440067
-5.837620,9.302002
-5.028016,9.200196
-4.126365,9.053422
-3.242576,8.885589
-2.274208,8.477611
-1.619746,7.705203
-1.006033,6.243034
-0.796616,4.113113
-0.950010,1.612916
-0.954191,-1.137305
-1.191733,-3.293530
-2.238358,-3.747434
-3.412346,-3.090284
-3.909398,-3.779367
-4.425089,-6.006742
-3.237756,-9.500386
-1.987785,-11.931405
-1.651504,-12.329252
-0.786005,-11.866883
-11.419594,-4.514490
-11.674127,-4.119623
-11.842443,-1.249930
-11.201591,1.116113
-10.924686,1.851470
-11.665955,1.533092
-12.253369,2.360391
-12.133301,3.554091
-11.683203,4.230170
-11.316219,5.162356
-11.278472,6.326852
-11.314212,7.250574
-11.195006,7.932427
-11.476192,8.378391
-11.460370,8.148087
-11.110955,7.098338
-10.854049,5.495501
-11.289488,4.040686
-12.019042,2.454539
-12.745091,0.895213
-13.147891,-0.375850
-13.458599,-0.477856
-12.955003,1.045133
-11.439274,2.766474
-10.769763,3.718431
-10.812076,4.242662
-12.214671,4.159498
-14.177284,2.190201
-15.935214,0.655269
-17.733599,0.014251
-18.401251,-0.307155
-18.711740,0.341274
-17.772150,1.203922
-16.831369,3.061459
-15.835574,5.207837
-14.035209,6.436699
-12.407833,7.586448
-10.524272,8.012258
-9.257242,8.475686
-7.836387,8.677806
-6.565798,8.706176
-5.576429,8.645977
-4.602728,8.481453
-3.585214,8.196148
-2.658654,7.921593
-1.546713,7.488858
-0.576914,6.708222
0.254853,5.426935
0.640606,3.673018
0.594667,1.493916
0.463512,-1.018594
0.057402,-2.945835
-1.248301,-3.555004
-2.513882,-3.189625
-3.378394,-3.388084
-3.670090,-6.104527
-2.486004,-9.851211
-1.566650,-12.347866
-1.263819,-13.026490
-0.554399,-12.774719
-10.281190,-3.831446
-10.535067,-4.115031
-11.079412,-2.654193
-10.930850,0.480023
-10.766703,3.073092
-11.374587,2.697539
-12.111231,2.073199
-12.393909,2.575084
-12.631176,3.875494
-12.473451,4.966663
-12.406749,6.404115
-11.938884,7.166748
-11.573212,8.001906
-11.644001,8.497677
-10.907494,7.922342
-10.309650,6.730240
-10.458470,5.431989
-11.150838,4.143405
-11.495711,2.307228
-12.104734,0.728378
-12.593928,-0.730583
-13.141610,-1.499555
-13.371396,-0.952977
-12.350384,0.358401
-11.149484,3.079476
-10.020084,4.848512
-10.020497,5.080773
-10.829242,4.159699
-12.416289,3.267315
-14.750291,2.509230
-15.850012,1.582566
-16.415077,1.506454
-16.250900,1.748308
-15.716109,2.642412
-14.599665,3.563256
-13.305518,4.626696
-11.953860,5.639314
-10.504108,6.448947
-9.334702,7.249161
-7.767726,7.522777
-6.654907,7.833724
-5.465243,7.814456
-4.375207,7.701999
-3.260294,7.366542
-2.220517,6.950204
-1.233604,6.469398
-0.261626,5.628747
0.508220,4.446974
1.008395,2.944993
0.650946,1.225332
0.326534,-0.846487
0.224600,-2.514029
-1.176674,-2.979402
-2.452102,-2.799150
-3.318429,-3.365535
-3.455856,-6.091629
-2.008607,-10.144071
-1.248571,-12.805837
-1.002403,-13.688367
-0.632396,-13.535545
-9.262221,-3.003580
-9.397326,-3.511873
-10.278727,-3.103181
-10.692612,-0.314828
-10.310991,3.513525
-10.019896,4.271076
-10.964520,3.272446
-12.417659,2.818095
-13.118144,3.983447
-12.748196,4.541626
-12.511960,5.579583
-11.962909,6.566786
-11.644742,7.776603
-11.309556,8.290151
-10.283341,7.612829
-9.754432,6.582674
-9.724315,5.335239
-10.500666,4.171512
-10.896293,2.483814
-11.083580,0.840773
-11.460430,-0.658562
-12.208682,-1.751908
-12.603569,-2.329114
-12.112948,-2.036605
-11.754953,0.460331
-10.378446,3.556990
-9.179057,5.309744
-8.782113,5.131513
-9.216729,4.775386
-11.156629,4.663721
-12.626826,4.167426
-13.383079,3.626032
-13.771336,3.522376
-13.860187,3.740661
-13.123216,3.822986
-12.383787,4.479758
-11.474343,5.099746
-10.333302,5.810518
-9.367091,6.548141
-7.740818,6.483229
-6.554731,6.761709
-5.440486,6.902714
-4.373547,6.860153
-3.257561,6.544764
-2.242298,5.997762
-1.514109,5.449742
-0.736166,4.676553
-0.054751,3.597441
0.496405,2.276155
0.118435,0.878974
-0.216452,-0.684346
-0.139448,-1.952800
-1.547295,-2.212671
-2.628655,-2.190998
-3.525625,-3.066337
-3.294731,-6.096472
-1.728673,-10.324003
-1.054042,-13.147259
-0.939702,-14.201071
-1.050428,-14.087695
-8.425976,-2.219696
-8.742178,-2.880619
-9.984431,-2.679574
-10.125288,-1.171636
-9.559608,2.447483
-8.981810,5.625268
-9.637430,5.173574
-11.796050,3.830478
-12.223383,3.872251
-11.941103,4.485018
-12.041808,5.289502
-11.849588,6.210479
-11.289470,7.052259
-10.584304,7.469076
-9.800071,7.138056
-9.413028,6.352119
-8.995441,5.122726
-9.555467,4.060127
-9.917028,2.627522
-9.825671,1.096925
-10.065460,-0.298698
-10.850916,-1.367493
-11.387830,-2.269530
-11.161970,-2.774617
-11.563397,-1.686463
-11.078408,1.056920
-9.606468,4.290615
-8.285675,6.078777
-7.789212,6.119712
-8.252856,6.125266
-9.085397,5.066127
-9.499569,4.156354
-10.358596,4.456511
-10.898082,4.250065
-10.503593,4.156185
-10.207710,4.540738
-9.738226,4.874299
-8.803117,5.522154
-8.232378,5.883037
-7.169104,5.757128
-6.017052,5.900364
-5.088654,6.056807
-4.297591,6.115928
-3.412209,5.945993
-2.517652,5.387665
-1.925573,4.746036
-1.278967,3.948904
-0.836860,3.005467
-0.374153,1.890052
-0.708322,0.782481
-0.915463,-0.464225
-0.990093,-1.333013
-2.257424,-1.406565
-2.765902,-1.658589
-3.508333,-2.860818
-3.019238,-6.197936
-1.551033,-10.456168
-1.105668,-13.339466
-1.309930,-14.432218
-1.833504,-14.279988
-7.324800,-1.604392
-8.147010,-2.119812
-9.183845,-2.455690
-8.976665,-2.282737
-8.557309,0.797397
-8.280586,6.219822
-8.418715,7.350232
-10.541784,5.718599
-11.797602,4.935183
-11.968556,4.825599
-12.315981,5.355969
-12.005886,5.839591
-11.198993,6.326846
-10.474116,6.838391
-9.481958,6.605555
-8.801765,5.816912
-8.351206,4.844064
-8.798933,3.992076
-8.958942,2.722602
-8.688361,1.349858
-8.754496,0.112225
-9.332627,-0.818241
-9.819098,-1.640728
-9.710484,-2.487972
-10.448372,-2.492956
-10.614717,-1.188665
-10.110801,1.724059
-8.815267,5.449754
-7.402078,6.607191
-6.645882,6.221907
-6.524714,4.724015
-6.243480,3.766074
-6.680481,3.744465
-6.753071,3.897459
-6.562496,4.542755
-6.668316,5.174643
-6.561939,5.890276
-5.993223,6.415123
-5.752884,5.866209
-5.452576,5.961143
-4.561689,5.930703
-3.944283,5.743906
-3.520536,5.680264
-2.885516,5.420112
-2.313313,4.880504
-1.926384,4.284276
-1.438912,3.509333
-1.372235,2.687510
-1.076156,1.678498
-1.484777,0.796254
-1.748012,-0.167373
-1.843145,-0.754503
-2.526343,-0.876011
-2.799187,-1.261086
-3.654583,-2.664194
-3.300886,-6.098967
-1.750376,-10.552855
-1.342271,-13.476110
-2.038837,-14.447260
-3.295677,-13.916425
-6.775793,-0.711161
-7.449616,-1.519910
-8.360652,-2.049106
-8.376063,-2.611609
-8.063001,-0.856260
-7.796605,4.648537
-7.254907,8.630923
-8.399508,7.900126
-10.604128,6.614163
-11.303233,5.797561
-11.221705,5.259068
-11.087620,5.396954
-10.742144,5.779717
-10.175507,6.080978
-8.986452,5.703807
-8.485311,5.295324
-8.353455,4.791997
-8.461825,4.140047
-7.999015,2.804046
-7.526213,1.565399
-7.495624,0.500650
-7.962852,-0.237894
-8.657654,-0.626310
-8.406258,-1.701998
-9.086089,-1.878111
-9.933301,-1.216036
-10.185740,0.435926
-9.576237,2.984200
-8.289486,5.090567
-6.846294,5.934793
-6.382470,4.911090
-5.755072,3.706543
-4.930599,3.406470
-4.203066,3.726877
-3.306542,4.325427
-2.531772,5.104402
-1.992768,6.408485
-1.604567,7.347038
-1.477143,7.101517
-1.807803,7.736908
-1.712549,7.755921
-1.761304,6.870847
-1.468657,6.231978
-1.037804,5.681986
-0.937104,5.147927
-0.816723,4.472188
-0.867939,3.706002
-1.214396,2.882138
-0.969427,1.777223
-1.564599,1.017744
-1.963335,0.215935
-1.996013,-0.274719
-2.537985,-0.471230
-3.015675,-0.944897
-3.682152,-2.661638
-3.482917,-6.177650
-2.024374,-10.756667
-1.760062,-13.524775
-2.710005,-14.386247
-4.562891,-13.593288
-6.090071,0.118864
-6.666483,-0.787564
-7.653684,-1.420123
-8.077573,-2.228887
-7.794374,-1.733344
-7.553539,2.815625
-6.523030,8.796294
-6.527413,9.745189
-8.671878,8.425188
-10.002208,6.913918
-9.898619,5.560461
-9.952374,5.296027
-9.889639,5.258396
-9.657316,5.483693
-8.894066,5.311908
-8.492364,5.199255
-7.990132,4.699066
-7.210445,3.725286
-6.901241,2.846104
-6.781013,1.956066
-6.759088,1.011680
-6.791790,0.136506
-7.478046,-0.042265
-7.943019,-0.352999
-8.180690,-0.762399
-9.100668,-0.476566
-9.526011,0.041582
-9.541269,1.135814
-9.391518,3.123947
-8.450439,4.267251
-8.131930,2.982924
-7.421167,2.663438
-5.643181,3.272378
-4.439282,3.601893
-3.065193,3.946767
-1.510366,4.436896
0.123515,5.531114
1.613386,6.559791
2.741249,7.369078
3.427591,8.586839
3.434142,9.366069
2.770564,8.606548
2.381551,7.986169
2.140935,7.533911
1.854373,6.802712
1.291309,6.049003
0.347145,5.509736
0.098874,4.252835
0.014854,2.946810
-1.244573,2.376877
-1.673382,1.307768
-1.765474,0.532914
-2.614627,0.185386
-3.133244,-0.660995
-3.492746,-2.650140
-3.222931,-6.315244
-2.155729,-10.722751
-2.311213,-13.286245
-3.347420,-14.206217
-5.219463,-13.678155
-5.475361,1.144627
-6.155727,0.129472
-7.157259,-0.722087
-7.744493,-1.771631
-7.675867,-2.085754
-7.645370,1.153140
-6.730774,7.496886
-5.776312,10.603374
-6.714490,10.067980
-8.919107,8.762997
-9.196364,6.613383
-9.142780,5.521256
-9.269176,5.091280
-8.961882,4.946445
-8.357833,4.824422
-7.618905,4.561503
-6.706362,3.971030
-6.040302,3.382064
-6.145570,3.168605
-5.966385,2.475739
-6.065576,1.645166
-6.007671,0.512310
-6.127059,-0.021755
-7.351494,0.609992
-8.020144,0.583746
-8.132446,-0.583160
-8.552868,-0.404010
-9.525545,1.000898
-9.514819,1.754442
-8.685969,1.861386
-8.189354,1.149024
-7.304876,0.991310
-5.803949,1.795365
-4.951813,2.415289
-3.997508,2.719971
-2.202296,3.444384
0.371138,4.808759
2.464513,5.511051
4.122053,6.340119
5.647238,7.451866
6.952659,8.543789
7.562195,9.241988
7.708029,9.784191
7.171078,9.623200
6.204136,8.755905
4.716122,8.568320
2.941025,8.132688
2.334830,6.467482
1.355337,5.469835
-0.007695,4.420693
-0.791224,3.067572
-1.568780,2.237685
-2.183508,1.255107
-2.715904,-0.110525
-3.159878,-2.389028
-2.918410,-6.173007
-2.262336,-10.406252
-2.923199,-12.826602
-4.086603,-13.845029
-6.036696,-13.242258
-4.843193,2.728649
-5.378504,1.258857
-6.563006,0.217550
-7.190898,-1.291572
-7.322172,-2.242217
-7.497311,-0.287634
-7.009434,5.192490
-5.593623,10.353559
-5.406531,11.187963
-7.430646,9.916225
-8.162156,7.375595
-8.400706,5.954721
-8.694346,5.152555
-8.170628,4.370335
-7.522613,3.920083
-6.770037,3.684947
-6.066220,3.541149
-5.754695,3.512558
-5.467658,3.154851
-4.935140,2.238419
-5.420176,1.788084
-5.964823,1.298530
-5.976191,0.699141
-7.032629,1.061024
-7.968277,1.258184
-8.047071,0.019104
-8.385084,0.135332
-9.052376,1.347715
-8.749271,1.412688
-7.791128,1.122008
-6.842656,1.033180
-5.459469,0.523593
-4.192176,0.213469
-3.148390,-0.018391
-1.978657,-0.165845
-0.591741,0.674407
1.173681,2.516133
2.727522,3.657483
4.014550,4.732352
5.541404,5.967376
7.517630,7.234851
8.768517,8.279328
9.689494,9.318916
10.415282,10.105396
10.231833,10.439217
9.224607,10.950848
7.472116,10.355210
6.034137,9.261856
4.110344,8.783214
2.132611,6.933467
0.539929,5.453331
-0.622452,4.020927
-1.326008,2.342707
-2.367258,0.852074
-2.927460,-1.783630
-2.736859,-5.740257
-2.413384,-9.923215
-3.518780,-12.311216
-4.700617,-13.318559
-6.613021,-12.603661
-3.618792,3.767585
-4.490635,2.520860
-6.268994,1.622597
-7.045567,-0.302354
-7.311319,-1.784580
-7.398969,-0.916878
-7.097213,3.277187
-6.054801,9.269634
-5.364238,11.857966
-6.508204,11.072148
-7.849648,8.932792
-8.406096,7.156446
-8.206196,5.171010
-7.764983,3.827113
-7.442552,3.264671
-6.620886,2.918701
-5.809111,2.946082
-5.335712,3.165551
-4.859975,2.957639
-4.929926,2.771896
-5.639791,2.593716
-6.207622,2.192601
-6.800207,1.921679
-7.696702,2.043566
-8.174269,1.870903
-8.429265,1.237516
-8.498477,1.168643
-8.259344,1.409384
-7.655600,1.240230
-6.305783,0.717674
-4.769284,0.110639
-3.052283,-0.618691
-1.601065,-1.446824
0.354010,-2.022072
2.192193,-1.583979
3.656438,-1.017177
5.055916,0.130918
6.284924,1.491469
6.921934,2.621335
7.831174,3.957983
8.988816,5.573641
9.126911,6.194082
9.597256,7.359967
10.997812,9.503863
11.892621,10.741858
11.908710,11.676910
11.135379,11.953903
9.883202,11.647951
8.120400,11.323785
5.546587,10.416340
2.875598,9.089335
0.741553,6.763736
-0.588392,4.507928
-1.783536,2.211243
-2.408392,-0.980997
-2.475329,-5.102886
-2.472468,-9.293908
-3.879646,-11.727037
-5.116478,-12.661836
-7.026882,-11.814067
-3.106207,5.194512
-4.217252,4.275618
-5.979714,3.194541
-6.547221,0.626853
-7.282052,-1.220648
-7.803128,-1.048179
-7.771246,2.032417
-7.039463,7.832574
-5.518044,11.679357
-5.459214,11.928018
-7.252342,10.311804
-8.090133,7.875274
-8.094129,5.391885
-8.144408,3.813515
-7.574085,2.653795
-6.594304,2.088061
-5.933168,2.444918
-5.462601,3.117749
-5.419163,3.605004
-6.046417,3.994164
-6.585394,3.514128
-7.086359,2.849766
-7.938483,3.001377
-8.362001,3.132502
-8.655750,2.884283
-8.904688,2.328346
-8.494624,1.781867
-7.603291,1.225109
-6.449295,0.149302
-4.496695,-0.875235
-2.561918,-1.825562
-0.367063,-2.523499
1.748369,-3.273581
3.922176,-3.597215
6.093188,-2.989194
7.778970,-3.074881
9.303533,-1.976342
10.704085,0.416528
11.386207,0.878734
12.275592,1.890708
13.062972,3.889262
13.342818,4.916606
13.607984,6.118441
13.886346,8.457468
13.957798,10.327534
13.653202,11.750667
13.210489,12.732259
12.177010,13.115649
10.713770,12.989678
8.693843,12.505310
6.441736,11.616277
3.756705,10.306530
1.256415,7.848233
-0.646072,4.407284
-1.839504,0.580971
-2.205439,-4.045445
-2.404598,-8.449786
-3.881706,-11.048112
-5.206678,-11.932313
-7.285169,-10.872663
-2.764960,6.499355
-3.744124,5.782274
-5.561365,4.710571
-6.424842,1.971461
-7.470042,-0.323885
-8.164895,-1.015497
-8.167737,0.771045
-7.790992,5.839978
-6.335589,11.327575
-5.638863,13.020650
-7.009011,11.617686
-7.966666,8.779499
-8.526606,6.325861
-8.372677,3.932356
-7.607131,1.988720
-7.064106,1.346529
-6.787966,1.884203
-6.616351,3.185175
-7.057702,4.573725
-7.634161,5.198309
-7.972417,4.443538
-8.477599,3.319794
-8.915836,3.175585
-8.995541,3.324111
-9.175039,3.128625
-9.057082,2.834081
-8.226392,1.666938
-6.797839,0.113719
-5.223138,-1.608083
-2.996207,-3.109544
-0.568177,-4.985911
1.857132,-5.596023
4.318769,-5.225669
6.497482,-5.187841
8.424404,-4.629526
9.848614,-4.600028
11.193698,-3.476263
12.551742,-1.140135
13.315081,-0.537555
14.237139,0.676604
15.106152,2.789610
15.599993,4.453753
16.168907,6.349768
16.725582,8.226376
16.539066,10.037753
15.986199,11.582706
15.425076,13.085193
14.469404,14.492459
12.923453,14.837847
10.980012,14.449143
8.852568,13.563524
6.278890,12.151270
3.834636,9.737086
1.491642,6.958020
-0.630112,2.618973
-1.590517,-2.716848
-2.145720,-7.399564
-3.705554,-10.170420
-5.160863,-10.973649
-7.428227,-9.752323
-3.097034,8.273662
-3.553014,7.210272
-5.268544,6.266623
-6.526161,3.703021
-7.374196,0.725910
-8.455471,-0.736342
-8.577051,-0.195539
-8.389982,3.725730
-7.251434,9.932966
-6.213711,13.507568
-6.658406,12.628666
-7.764855,10.144752
-8.364608,7.119531
-8.124420,3.820579
-8.203646,1.754621
-8.349183,0.958387
-8.341002,1.445427
-8.386980,3.245157
-8.780764,4.900595
-9.077012,5.464407
-9.220499,4.599352
-9.465447,3.755808
-9.353844,3.531979
-9.497584,3.546701
-9.519062,2.668876
-8.834072,1.510692
-7.817598,0.002206
-5.894825,-1.917251
-3.790488,-4.525047
-1.697536,-6.142031
0.439337,-7.542231
2.355505,-8.322882
4.253795,-8.142296
6.017341,-8.211559
7.521494,-7.731510
8.787009,-7.101818
9.864896,-6.048936
10.880946,-4.628687
11.691123,-3.406369
12.693409,-2.037191
13.710022,-0.435446
14.505888,1.282358
15.164206,3.397283
15.776244,5.603434
16.079584,7.870532
16.030693,10.364124
15.996829,13.001108
15.819835,15.366468
14.871185,16.737347
13.324574,16.941189
11.031700,16.127567
8.234165,14.339191
5.744084,11.558967
3.236920,8.896209
0.695971,4.490125
-0.678435,-1.204538
-1.683187,-6.130661
-3.420392,-9.007918
-5.172835,-9.634303
-7.525780,-8.410044
-3.577081,9.481135
-3.702771,8.347344
-4.675478,7.184716
-5.850986,4.846278
-6.804550,1.844345
-8.912689,0.256500
-9.325105,-0.428772
-9.307709,1.930747
-8.548721,7.351079
-6.846639,11.795843
-5.810206,12.484829
-6.946766,10.835751
-7.488616,7.677734
-7.943698,4.476956
-8.806224,2.057170
-9.371558,0.650055
-9.848255,1.001379
-9.808164,2.689036
-9.777943,4.197114
-9.728260,5.313074
-9.807391,5.400260
-9.600380,4.636620
-9.257311,4.478843
-9.579133,3.911930
-9.472219,2.373239
-8.246020,0.206634
-6.743672,-2.143476
-4.883596,-4.219709
-3.486690,-6.476512
-2.100217,-8.723272
-0.453692,-10.240054
1.164274,-11.220150
2.794031,-11.401767
4.142203,-11.051981
5.345804,-10.216853
6.481144,-9.139440
7.352108,-7.854445
8.177900,-6.489396
9.082790,-5.150145
9.949224,-3.696061
10.688333,-2.168374
11.472480,-0.642852
12.175720,1.120006
12.730945,3.027055
13.304317,5.025776
13.517458,7.331668
13.660388,10.065023
13.911432,13.050255
13.650486,16.026321
13.289175,18.164833
12.142057,18.551744
9.819481,17.315180
7.224768,14.685838
4.587213,11.850168
2.077131,6.785158
0.209459,0.709551
-1.305139,-4.350244
-2.833059,-7.577644
-4.890647,-8.109722
-7.596003,-6.864939
-4.144069,9.332301
-4.069202,9.038687
-4.467193,8.297481
-5.949961,6.798666
-6.786042,3.615369
-8.573616,1.231274
-9.302406,-0.445145
-9.734472,0.561125
-9.371922,4.758731
-7.584596,9.853853
-5.659554,12.401051
-6.152797,11.776348
-6.720491,9.046711
-7.508825,5.920914
-8.481315,2.884997
-9.507487,0.821525
-10.380502,0.284417
-10.363510,1.183090
-10.163429,3.028060
-9.504337,5.041315
-9.041061,6.532804
-9.138673,6.152032
-9.168666,4.956068
-9.265989,3.705014
-8.707867,1.868271
-7.271780,-0.648256
-6.144043,-3.365485
-5.268928,-5.978051
-5.066403,-7.949706
-4.060933,-10.514219
-1.795958,-12.528995
0.098946,-12.868866
1.811646,-12.372280
3.217315,-11.684396
4.279251,-10.339508
5.242798,-8.937002
6.107161,-7.545753
6.829768,-6.048218
7.512733,-4.517932
8.236242,-3.000427
8.762143,-1.429646
9.278977,0.029993
9.808294,1.573992
10.075534,3.119127
10.416645,4.647190
10.537020,6.353330
10.899330,8.276341
11.184494,10.699300
11.008130,13.463680
10.755433,16.460739
10.417908,18.764584
9.353154,19.335110
7.691770,17.521463
5.444753,14.458480
3.084171,8.831862
0.661914,2.873031
-1.425853,-1.921565
-2.913362,-5.500942
-5.356155,-5.987988
-7.894362,-5.069035
-4.893029,8.812342
-4.304605,9.173587
-3.805461,8.795286
-5.415362,8.200006
-6.227565,5.302684
-7.400033,2.347186
-8.838948,0.262172
-9.825460,-0.072683
-9.848774,2.567725
-8.320545,7.619732
-6.029342,11.874000
-4.965775,12.203099
-5.566623,10.241302
-6.018777,7.360921
-6.711480,4.160461
-8.236911,1.936980
-9.300636,0.443076
-9.515959,0.067181
-9.823518,1.354077
-9.608971,3.960318
-8.989263,5.767045
-9.190251,6.210555
-8.803706,4.564211
-8.247423,2.809214
-7.606464,0.912249
-6.584425,-2.004610
-6.573811,-4.361512
-6.813429,-6.961581
-6.128983,-9.434466
-3.879595,-11.974491
-1.365713,-13.466418
-0.116314,-13.230654
0.552917,-12.306327
1.488066,-11.922622
2.426650,-10.642754
2.845756,-8.801284
3.382835,-7.411044
3.730569,-5.964465
4.058747,-4.415009
4.630837,-2.910518
5.316179,-1.379947
5.973680,0.262866
6.542682,2.077316
6.802491,3.871605
7.133898,5.478874
7.161912,7.177317
7.660590,8.542597
7.955832,10.260317
8.044567,12.233345
7.921133,14.649570
7.355433,17.514917
6.940073,19.596403
6.437882,19.087503
4.995629,16.412893
3.031614,10.708699
0.625418,4.713888
-1.329664,-0.250296
-2.879889,-3.699816
-6.077372,-3.545498
-8.389548,-3.014766
-5.162194,7.763382
-4.242068,8.822770
-3.106060,9.282164
-4.349502,8.865379
-5.214642,6.802115
-6.299080,4.160251
-7.979369,1.725396
-9.312295,0.116880
-10.047811,0.954269
-9.062144,4.518463
-6.957935,9.600879
-4.601464,11.474570
-4.496237,10.518466
-4.401924,8.374163
-4.852983,6.035522
-6.391214,4.028506
-7.403913,1.937258
-8.144587,0.581742
-8.906590,0.509489
-8.653987,1.556668
-8.061189,3.005725
-8.363104,4.593697
-7.870190,3.896824
-7.284543,2.200153
-7.232318,0.430778
-7.080527,-2.424430
-7.265624,-4.984673
-6.847077,-7.881304
-5.472883,-10.609131
-3.528656,-13.019456
-2.381945,-14.461559
-2.186197,-14.945469
-2.289096,-13.894868
-1.659737,-12.715489
-0.973104,-11.090137
-1.343337,-9.123105
-1.453772,-7.975236
-1.286065,-7.003983
-0.822913,-5.930708
-0.177272,-4.444360
0.677188,-2.777593
1.507456,-0.866582
2.131305,1.231091
2.647479,3.306741
3.231302,5.257244
3.513216,7.274909
3.859910,8.928152
4.108755,10.539056
4.441960,12.149596
4.559331,14.002704
4.212590,16.228067
3.670583,18.493572
3.513553,19.235209
3.014617,17.210247
1.835293,12.022379
-0.181696,6.173193
-1.891951,1.452504
-3.167254,-1.970671
-6.295880,-1.863610
-8.821331,-1.217776
-5.163717,6.974567
-4.041818,8.069870
-2.573836,9.085852
-3.435089,9.377507
-4.152092,8.299417
-5.043734,6.198448
-6.542747,3.613365
-7.875011,1.216477
-8.992948,0.161788
-8.966878,1.624139
-8.087559,5.899187
-6.148890,9.552456
-4.564372,9.184117
-3.893146,8.226570
-4.068776,8.028882
-4.454362,5.867507
-4.883048,3.532681
-6.282101,2.168678
-6.981763,1.049486
-6.651728,0.689349
-6.790456,1.860681
-7.477961,3.779709
-7.328731,3.899105
-6.645270,1.770593
-6.505614,-0.611596
-7.280973,-2.430266
-7.617978,-4.656043
-6.609798,-8.413465
-5.358701,-12.164572
-4.740325,-14.482497
-4.766140,-15.213465
-4.640914,-15.414371
-4.729639,-13.803286
-4.569476,-11.822695
-4.714240,-10.224799
-5.587725,-8.916146
-5.716266,-8.113252
-5.160633,-7.117392
-4.310756,-6.007601
-3.485607,-4.434586
-2.685566,-2.669587
-2.121526,-0.624855
-1.777905,1.207007
-1.350918,3.156005
-0.890017,5.218935
-0.574460,7.290615
-0.276325,9.121855
-0.050514,10.827275
0.317091,12.351341
0.582068,13.951482
0.529220,15.745324
0.187350,17.606487
-0.016739,18.620281
-0.294345,17.757185
-0.972019,13.153183
-1.639472,7.115638
-3.128917,3.045574
-4.393789,0.091109
-7.092480,0.181884
-9.265216,0.548187
-5.041700,7.359714
-3.896353,7.545266
-2.313040,8.352471
-2.468826,9.349603
-2.826349,9.289887
-3.422188,8.008831
-4.591877,5.796124
-5.857414,3.276612
-7.228678,1.040713
-7.973909,0.318013
-7.943612,2.274314
-7.269292,6.020041
-5.880368,7.667688
-4.353207,8.342448
-3.918776,8.656943
-3.391874,6.374689
-3.464481,4.660268
-4.669509,3.611019
-5.115366,2.229645
-5.144889,1.292271
-5.671263,1.766446
-6.094924,2.776372
-6.494889,3.252552
-6.482850,2.013644
-6.277026,-0.553385
-7.173020,-2.371818
-7.362525,-5.016586
-6.759280,-8.879630
-5.868521,-13.149437
-5.552254,-15.430776
-6.113982,-14.999365
-6.390274,-14.399296
-6.433276,-13.115693
-7.131048,-10.962484
-8.434329,-9.117683
-9.154652,-8.296025
-8.905976,-7.750806
-8.192847,-7.057784
-7.986897,-5.707150
-7.958189,-3.837996
-7.618165,-2.156007
-7.241856,-0.323022
-6.968469,1.514254
-6.528530,3.483190
-5.890843,5.466479
-5.422684,7.442794
-4.994343,9.362261
-4.530940,11.174719
-3.992405,12.734601
-3.656143,14.265321
-3.567653,15.704124
-3.514725,16.785423
-3.532727,17.097454
-3.730435,16.521034
-3.897965,13.381406
-3.539175,7.592452
-4.307010,3.830633
-5.552012,1.802357
-7.986458,2.089678
-9.685839,2.178410
-4.296867,7.799474
-3.881125,7.871142
-2.473071,7.807887
-1.633687,8.536815
-1.626111,9.346173
-2.148644,9.313343
-2.909476,7.973262
-3.849143,5.775958
-5.163221,3.294984
-6.342529,1.213614
-6.733482,0.659266
-6.762077,2.623201
-6.411684,5.853138
-5.101953,8.208447
-4.266167,7.498154
-3.555627,6.377833
-3.484664,6.022755
-3.647099,4.889294
-3.808423,3.636777
-4.318740,2.698556
-4.738574,2.284452
-4.899676,2.336165
-5.522134,2.558582
-6.063138,1.902257
-6.064906,-0.210362
-6.665132,-2.583207
-6.473193,-6.169809
-6.562282,-9.710909
-6.704831,-12.779051
-6.885705,-14.804554
-7.876975,-14.542535
-8.686369,-13.449638
-8.791609,-12.606983
-9.873022,-10.654427
-11.536202,-8.712398
-12.223946,-8.083508
-12.679514,-7.634175
-12.847367,-7.391635
-13.247416,-6.218927
-13.452542,-4.442171
-13.480829,-2.392313
-13.402377,-0.196072
-13.054877,1.513441
-12.421305,3.333022
-11.621625,5.158429
-11.008069,7.020929
-10.460529,8.908604
-9.769983,10.649528
-9.067263,12.203911
-8.505356,13.728472
-8.095124,15.088980
-7.556461,16.112482
-7.040838,16.546301
-6.480613,15.529227
-6.256538,12.150830
-5.630328,7.543587
-5.688801,4.570093
-6.754585,3.358739
-8.892396,3.723923
-9.979429,3.552755
-3.677271,6.918433
-3.534686,8.441663
-2.748263,8.006418
-1.630177,8.135469
-1.326520,9.216665
-1.095342,9.437789
-1.110676,8.776606
-1.626942,7.772617
-2.480982,6.048679
-3.802045,4.009223
-4.525802,1.830792
-5.093305,1.279941
-5.426125,2.744356
-5.023740,5.304678
-4.474026,6.163774
-3.767935,6.623429
-3.254560,6.464524
-3.015932,5.417721
-3.314296,4.736109
-3.965951,3.873688
-4.572940,3.181929
-4.953606,2.816034
-5.429000,2.643381
-5.432034,1.530334
-5.400264,-0.201208
-5.871868,-2.747164
-6.232009,-6.167526
-6.965237,-9.284073
-7.684763,-11.736965
-8.179039,-13.953821
-9.222219,-14.405777
-10.365616,-12.870631
-10.987727,-11.231326
-12.470334,-9.516867
-14.331592,-7.797746
-15.391735,-7.114604
-16.466314,-6.855437
-17.632702,-6.339018
-18.338379,-5.496347
-18.574858,-4.338438
-18.843609,-2.421133
-18.933226,-0.149189
-18.624483,1.637153
-17.888109,3.320166
-17.154694,5.045354
-16.374281,6.740800
-15.558720,8.511542
-14.627434,10.225299
-13.708268,11.818107
-12.867000,13.333013
-12.365307,14.797563
-11.917126,15.725728
-11.174857,15.459103
-9.707078,13.522681
-8.495266,10.526145
-7.115404,7.178011
-6.874788,5.247459
-8.158222,4.634352
-9.742213,4.823338
-9.973350,4.448588
-3.629349,5.734531
-3.420563,8.198810
-2.967203,8.694835
-2.214339,8.725979
-1.343203,8.810967
-0.449112,8.753564
-0.095721,8.650497
-0.139421,8.261328
-0.284137,7.257564
-0.918799,6.023135
-1.634955,4.317933
-2.610477,2.901307
-3.348117,2.152372
-3.472641,2.715830
-3.712030,4.134842
-3.662705,5.691753
-3.244431,5.825430
-3.314035,5.587400
-3.638453,5.202296
-3.979980,4.147948
-4.479215,3.414176
-4.797655,2.867946
-5.196351,2.538625
-5.514265,1.774443
-5.265382,-0.190988
-5.724929,-2.566018
-6.615355,-5.385337
-6.990671,-9.165354
-7.800621,-11.949458
-9.113174,-12.843692
-10.622746,-12.648337
-11.735528,-11.463550
-12.406135,-9.775998
-14.622067,-7.794631
-16.791445,-6.263552
-18.011810,-5.988122
-19.417805,-6.087204
-21.215979,-5.500180
-22.586468,-4.588188
-23.299311,-3.862900
-23.779472,-2.372481
-23.852585,-0.392060
-23.483173,1.582739
-22.693829,3.447207
-21.938675,5.164457
-20.990875,6.828990
-20.007809,8.585443
-19.073011,10.156657
-18.127996,11.439777
-17.144882,12.515393
-16.359455,13.444362
-15.554066,13.817420
-14.182721,13.179377
-11.756882,11.248995
-9.901663,9.155409
-8.909256,7.333261
-9.228071,6.023007
-9.987515,5.136261
-10.425910,5.058617
-9.853045,4.664594
-4.270928,4.933332
-3.755612,6.831450
-3.386499,7.846411
-2.910472,7.665825
-1.855061,7.562666
-1.067331,8.652231
-0.255176,8.487120
0.585679,7.828814
1.023798,7.256883
1.087203,6.636645
0.649047,6.054575
0.036835,5.253988
-0.596798,4.083275
-1.157895,3.226890
-2.105031,3.409362
-2.320127,3.896116
-2.335278,4.361147
-2.667843,4.489338
-3.057735,4.163195
-3.506555,3.523412
-3.830599,2.893374
-3.853931,2.314560
-4.364725,2.167795
-5.326787,2.169563
-4.980516,0.102953
-5.431623,-2.145474
-6.092646,-5.151521
-6.099573,-9.340379
-7.534524,-11.646579
-9.677001,-11.487862
-11.924423,-10.246645
-13.012609,-9.740739
-13.391830,-8.225193
-16.117945,-5.745630
-18.997150,-3.762849
-20.373671,-4.057875
-22.276117,-4.020977
-24.213848,-3.750958
-25.607311,-3.699474
-26.643084,-3.515559
-27.399563,-2.625103
-27.879719,-1.049076
-27.910057,0.648071
-27.386477,2.261356
-26.662525,3.900726
-25.733791,5.503390
-24.690216,7.162367
-23.711540,8.609418
-22.672464,9.754548
-21.377748,10.705154
-19.823465,11.339038
-17.994955,11.500783
-15.770583,10.912381
-13.164334,9.339124
-11.406542,7.523752
-10.913259,6.153498
-11.065452,5.329842
-10.671319,4.853713
-10.265585,4.913697
-9.505373,4.724176
-5.054479,3.637298
-4.116847,4.875892
-3.857786,6.486241
-3.810790,7.020852
-2.798056,7.440204
-1.723012,8.641096
-0.764423,7.702330
0.402530,6.881579
1.194050,6.534731
1.740270,6.209780
2.036881,5.966245
1.972110,6.051718
1.643494,5.827873
1.142930,5.372940
0.412978,4.913847
0.169037,4.252392
-0.192606,4.144132
-0.730831,4.137767
-1.236132,3.963359
-1.638782,3.547807
-2.051807,3.043132
-2.269350,2.457300
-2.714711,1.961777
-3.453089,1.481857
-3.717678,0.021284
-4.402341,-1.893236
-5.209172,-4.630681
-5.784800,-8.240005
-7.712616,-10.139886
-9.822140,-10.480854
-12.320937,-8.977840
-13.743811,-7.912796
-14.284734,-6.342852
-16.969507,-3.884073
-19.788126,-2.202992
-21.437677,-2.296852
-23.793484,-1.757224
-25.560492,-1.896999
-26.884535,-2.331703
-28.440870,-2.132940
-29.481670,-1.753600
-30.058493,-1.033597
-30.162127,-0.062258
-29.975393,1.077749
-29.474020,2.483001
-28.848108,4.075866
-27.750021,5.498404
-26.524601,6.911465
-25.187462,8.109174
-23.286543,8.953271
-21.217705,9.456556
-18.980143,9.487515
-16.523222,8.713077
-14.377700,7.378385
-12.998968,6.219491
-12.223028,5.559672
-11.360336,5.185493
-10.035074,4.949884
-8.988598,4.994726
-8.032029,5.019383
-5.739497,2.124039
-4.876795,3.569282
-4.607478,5.327246
-4.353691,6.864349
-3.421297,7.692310
-2.299583,7.527730
-1.712589,6.945316
-0.771078,6.472804
0.276635,6.057062
0.956769,5.754947
1.765664,5.419806
2.321708,5.808223
2.573874,6.285281
2.768862,6.288490
2.827093,6.092201
2.716137,5.700424
2.671991,5.414739
2.440896,5.249534
1.993141,4.992197
1.732600,4.463628
1.052916,4.083382
0.439911,3.469413
-0.291847,2.778867
-1.277668,2.060619
-2.132960,0.754506
-2.967023,-1.209402
-3.925069,-3.783747
-5.067962,-6.733627
-7.239721,-8.493675
-9.681591,-8.804102
-12.428157,-7.050550
-14.081298,-5.621312
-14.955205,-4.129069
-17.427204,-1.963632
-19.988375,-0.738983
-21.933336,-0.648108
-24.207220,-0.345864
-25.622744,-0.731705
-26.952520,-0.855083
-28.491291,-0.471354
-29.432854,-0.290893
-30.332344,0.251054
-30.411165,0.440140
-30.391352,1.220932
-30.007696,2.341468
-29.415478,3.659817
-28.091499,4.657455
-26.493719,5.737985
-25.082697,6.811602
-23.202581,7.542595
-21.113884,7.836027
-18.715120,7.551098
-16.339287,6.849479
-14.788475,6.036779
-13.659023,5.876201
-12.155662,5.704354
-10.586397,5.451051
-9.067420,5.294247
-7.568625,4.813473
-6.011065,4.789732
-6.521349,1.419041
-5.946612,3.017102
-5.436686,4.198850
-4.872231,5.239187
-4.255439,6.144916
-3.272350,6.180881
-2.629066,5.890466
-1.749458,5.475045
-0.649742,5.220635
-0.115246,5.148884
0.641394,4.943213
1.649496,5.091696
2.313362,5.664886
3.199656,5.864879
4.198123,5.977012
4.524670,6.279491
5.002609,6.334632
5.469540,6.024828
5.426672,5.810423
5.318150,5.460153
4.710882,5.146631
3.736009,4.895635
2.764820,4.343594
1.576187,3.665140
0.378185,2.406533
-0.911338,0.417192
-2.320830,-2.283355
-3.786251,-5.140051
-6.302394,-6.719091
-9.171225,-6.787747
-12.196893,-4.905244
-14.045110,-3.331778
-15.201629,-2.023709
-17.532454,-0.132425
-20.086304,1.118057
-22.109306,1.253795
-23.507505,0.505542
-24.550512,-0.062462
-25.969557,-0.143512
-27.097107,-0.198329
-27.411291,-0.454003
-28.240021,0.064728
-28.527689,0.496497
-28.593790,1.185468
-28.214827,1.988250
-27.485516,2.861476
-26.303217,3.697476
-24.773962,4.537218
-23.519653,5.407740
-21.959293,6.072353
-20.388376,6.485737
-18.666708,6.475319
-16.572252,5.723696
-15.226885,5.522113
-13.672606,5.463658
-11.699356,4.531761
-10.130271,3.865778
-8.653097,3.963368
-6.905966,3.831866
-4.802600,4.071428
-7.151924,1.076920
-6.620698,2.496912
-6.052024,3.375664
-5.478364,4.141759
-4.989723,4.803787
-4.302023,5.141500
-3.676591,4.980441
-3.052156,4.754059
-1.963893,4.586864
-1.245042,4.704845
-0.192145,4.461102
1.131963,4.225914
2.168868,4.372706
3.382036,4.796771
4.843302,5.256904
5.927456,5.930367
6.811157,6.729829
7.577676,6.565542
7.999530,6.628667
8.090531,6.777825
7.822443,6.524758
7.085624,6.433834
6.241638,5.965580
5.009209,5.251505
3.500948,4.326128
1.748739,2.673563
-0.166941,-0.216432
-2.041045,-3.138391
-5.084888,-4.459894
-8.304851,-4.429769
-11.563821,-2.583587
-13.567831,-1.009555
-14.904029,0.217097
-17.042568,1.998201
-19.149559,3.074709
-20.759895,3.004963
-21.662371,1.992447
-22.602270,1.432543
-23.953896,1.383907
-24.816732,1.022178
-24.898321,0.345136
-25.419390,0.501405
-25.573626,0.687019
-25.546829,1.158739
-25.210075,1.756644
-24.563528,2.396926
-23.659679,3.050228
-22.436731,3.676752
-21.412407,4.466758
-19.877794,4.771639
-18.702263,5.328045
-18.012112,6.456663
-16.489458,5.630304
-15.377946,4.736915
-14.151630,4.399755
-12.585198,3.606506
-11.350883,2.701389
-9.621783,2.327961
-7.511453,2.304744
-5.153735,2.509590
-8.107819,0.398089
-7.455253,1.606438
-7.079930,2.806259
-6.427022,3.381418
-5.796963,3.957010
-5.026148,4.247491
-4.150387,3.975356
-3.437717,3.925180
-2.494403,4.015788
-1.369112,4.119247
0.201074,3.891651
1.760243,3.526200
3.438832,3.193800
5.084149,3.750512
6.511298,4.700066
8.131794,5.241159
9.499606,5.974854
10.393032,6.358744
11.119152,6.985251
11.370461,7.661431
11.243106,7.821897
10.654755,8.090941
9.781363,7.894647
8.473314,7.260169
6.818324,6.526349
4.841937,5.084234
2.412618,2.304377
-0.100044,-0.419563
-3.682228,-1.641188
-7.176832,-1.789908
-10.656865,-0.097619
-12.893106,1.432630
-14.263018,2.538538
-16.135469,4.198842
-17.554159,4.701367
-18.947956,4.564616
-19.840117,3.924566
-20.383133,3.147105
-21.031527,2.960665
-21.431864,2.498597
-21.719841,2.067346
-22.061813,2.504192
-21.990669,2.401099
-21.932981,2.507239
-21.654020,2.837636
-21.156105,3.164401
-20.449024,3.369353
-19.568497,3.537591
-19.075193,4.303246
-18.315582,4.716733
-17.486704,5.027424
-16.852367,5.350786
-15.771062,3.948204
-15.214209,3.039146
-14.658666,2.449354
-13.398558,1.050979
-12.109900,-0.345286
-10.417981,-1.324798
-8.559817,-1.822439
-6.506006,-1.797176
-8.481287,-0.262483
-8.061627,1.222276
-7.906138,2.616596
-7.263890,2.952425
-6.513689,3.348529
-5.927778,3.671642
-4.775877,3.135614
-3.451747,2.844849
-2.155644,2.738540
-0.411780,2.683949
1.723428,2.425084
3.796140,2.164072
5.966000,2.046954
7.936268,2.703152
9.450240,3.056405
10.921536,3.527097
12.322118,4.287763
13.335607,5.132980
14.232367,6.383880
14.596192,7.081487
14.501629,8.038420
13.924444,9.041040
13.027674,9.654300
11.637587,9.353713
9.917773,8.647690
7.718947,7.744679
4.836483,5.496767
1.822898,3.028039
-2.104779,1.698713
-5.851151,1.142890
-9.541607,2.517648
-12.008488,3.888352
-13.323791,4.680705
-15.033789,6.168034
-16.031641,6.103700
-16.876276,5.477193
-17.568314,5.001953
-18.021029,4.051293
-18.419188,3.526428
-18.750822,3.289456
-19.130695,1.975808
-19.227320,1.873472
-18.825350,1.873034
-18.553690,1.775145
-18.208694,1.889772
-17.659155,2.237285
-16.978930,3.001878
-16.330240,3.043574
-16.012512,3.552257
-15.821994,3.826445
-15.419783,3.726779
-15.200626,3.690632
-14.807807,2.866765
-14.416449,1.946678
-13.373818,0.418114
-11.881513,-1.258902
-10.635974,-2.580634
-9.059921,-3.710487
-7.390479,-4.345670
-5.698545,-4.264546
-9.025287,-0.202325
-8.923244,1.571872
-8.805840,2.524294
-8.392662,2.848898
-7.379791,2.672313
-6.704178,2.761374
-5.593016,2.395180
-3.734190,1.599555
-1.634514,0.956649
0.969040,0.368827
3.441386,-0.239560
5.840500,-0.321486
8.131639,-0.449157
10.215170,0.277078
12.109716,1.032527
13.586452,1.882567
14.785551,2.988574
15.775858,3.986893
16.628633,5.556657
16.839653,6.763235
16.767744,8.226052
16.372431,9.770401
15.524392,11.044227
14.064036,11.304950
12.077445,11.199265
9.660838,10.429337
6.590724,8.805774
3.274795,6.971944
-0.782785,5.559731
-4.578168,4.388692
-8.374456,5.283452
-11.023349,6.327427
-12.211082,6.563743
-13.546568,7.460748
-14.365568,7.012576
-14.924025,5.958144
-15.492702,5.326260
-16.224468,4.450123
-16.859774,3.806828
-17.326496,3.551267
-17.826735,1.826670
-17.897928,1.339706
-17.599615,1.359141
-17.046389,1.151480
-16.603542,1.515159
-15.650703,2.068624
-14.323432,3.118161
-13.611231,3.605191
-12.953857,3.905410
-12.429537,3.812604
-12.051042,3.356010
-11.982191,2.918079
-11.789227,2.142551
-11.009168,0.742773
-9.708483,-1.033317
-8.216430,-2.669947
-6.885088,-4.095105
-5.672186,-5.104772
-4.585087,-5.471643
-3.515033,-4.993802
-9.500003,-0.386512
-9.392409,1.435297
-9.163783,2.069312
-8.923088,2.331132
-7.973359,2.120217
-6.873302,1.519831
-5.613495,0.670920
-3.514101,-0.920071
-0.779047,-2.043111
2.388880,-2.632204
5.075928,-3.458521
7.764872,-3.494865
9.988362,-2.957029
11.920954,-2.229298
13.660349,-0.863035
14.959145,0.435600
16.001799,1.781148
16.820353,2.937346
17.477182,4.611732
17.659767,6.595418
17.893867,8.125357
17.714624,9.710191
16.847078,11.486470
15.323645,12.680108
13.320215,13.580388
10.792091,13.421729
7.762304,12.341803
4.433905,10.900304
0.233516,9.614855
-3.520283,7.869522
-7.346346,8.187650
-10.103327,8.748528
-11.166086,8.256474
-12.024711,8.223177
-12.601353,7.454757
-13.395452,6.395439
-14.144084,5.372478
-15.298005,4.351226
-16.233076,3.172416
-16.846523,2.240051
-17.274324,0.859644
-17.231743,-0.088506
-16.892376,-0.678932
-16.162548,-1.185222
-15.838051,-0.848954
-14.857327,-0.387484
-12.983947,-0.065309
-11.707912,1.108986
-10.448267,2.619994
-9.500875,4.038331
-8.954131,4.334681
-8.598415,3.330905
-8.064658,1.993824
-7.283854,0.411705
-6.347134,-1.411972
-5.221882,-3.308046
-4.176757,-5.020682
-3.609357,-6.071464
-3.231017,-6.316230
-2.895755,-5.463323
-9.021754,-1.084422
-8.968766,1.073463
-8.965337,2.034079
-8.758813,1.608521
-8.082340,0.992489
-6.793931,-0.029517
-4.954461,-1.884762
-2.381949,-4.026409
0.626142,-5.265795
3.834733,-5.687241
6.190995,-5.903021
8.505636,-5.883350
10.092661,-4.976065
11.299929,-4.158227
12.529300,-3.149321
13.492890,-1.915174
14.381742,-0.434985
15.303037,0.923106
16.114355,2.663390
16.403013,4.892915
16.742981,6.997770
16.664234,9.083261
15.991023,11.286031
14.737680,13.168651
13.001400,14.701150
10.528097,15.689100
7.543323,15.834295
4.512647,14.582157
0.547650,13.420434
-2.946149,11.327345
-6.635658,11.068120
-9.332808,11.015426
-10.306125,9.842627
-10.972388,9.036682
-11.361901,7.800978
-12.407523,6.786383
-13.422568,5.608342
-15.009425,4.924502
-16.557852,4.079967
-16.865742,2.207417
-16.776855,0.667302
-16.315649,-0.443591
-15.906079,-1.134728
-15.234861,-1.984151
-15.194442,-2.298635
-14.481390,-2.741389
-12.891241,-2.724411
-11.552320,-2.212681
-9.898210,-0.885177
-8.352592,0.968682
-7.432580,2.699779
-6.771365,3.118242
-5.932922,2.270696
-5.241498,0.922079
-4.391677,-1.509878
-3.510426,-4.154730
-3.207564,-5.773443
-3.391992,-6.483912
-3.335936,-6.208843
-3.437585,-4.968298
-8.449000,-1.076414
-8.715744,1.536296
-8.577457,2.436253
-8.022738,1.069631
-7.189960,-0.463550
-6.120171,-1.837245
-4.178854,-4.008305
-1.226176,-6.674453
1.830239,-8.142489
4.208470,-8.456164
5.287641,-8.061477
6.259571,-7.497972
7.241276,-6.579813
8.240609,-5.743558
9.375058,-4.732327
10.312058,-3.394760
11.352301,-1.815742
12.501833,-0.183846
13.536312,1.793002
13.994519,4.171031
14.326324,6.659973
14.322097,9.089741
13.818211,11.581404
12.794665,13.993816
11.374732,15.955607
9.303565,17.277918
6.633326,17.902927
3.881631,17.289484
0.204865,16.526663
-2.942720,14.545610
-6.317629,13.792353
-8.797978,13.051304
-9.585813,11.202942
-10.023584,9.670013
-10.472990,8.165308
-11.759866,7.154560
-12.992911,6.130116
-14.354332,5.500525
-15.383375,4.655927
-15.133999,2.793266
-14.222695,1.173980
-13.229401,0.392034
-12.930547,0.660148
-13.035251,0.493851
-13.410047,-0.172551
-13.132413,-1.777437
-12.294003,-2.694878
-11.651647,-3.416049
-10.397629,-3.239147
-9.057417,-1.934733
-8.026888,-0.042730
-6.924297,1.091146
-5.837963,0.955253
-5.117387,0.103014
-4.395116,-2.181808
-3.496172,-5.107384
-3.123060,-6.335164
-3.322009,-6.930761
-3.571990,-5.812503
-4.244886,-3.766143
-7.740083,-1.128842
-7.933802,1.081677
-7.492685,1.620489
-7.113378,0.693767
-6.327354,-1.361427
-5.127537,-3.689875
-3.194137,-6.434440
-0.775469,-9.169396
0.993237,-10.345440
1.819104,-10.229874
2.334785,-9.895153
3.156567,-8.926249
4.028094,-7.571167
4.931661,-6.408683
6.097140,-5.387573
7.201442,-3.991141
8.413676,-2.530594
9.421858,-0.741534
10.282109,1.501298
10.734985,3.992001
11.106913,6.765880
11.265528,9.568899
10.860706,12.435843
9.861180,15.320086
8.429929,17.738623
6.731307,19.352650
4.774343,20.047256
2.624445,19.783298
-0.560063,19.008495
-3.433957,17.319134
-6.401839,16.213562
-8.524776,14.869045
-9.022505,12.424312
-9.229180,10.321727
-9.844462,8.782245
-11.132745,7.763658
-12.191421,6.789180
-13.354694,6.282668
-13.706713,5.038632
-12.903066,2.695439
-11.634528,0.565241
-10.712790,-0.307840
-10.571447,0.034902
-11.133767,1.086211
-11.654142,1.315326
-11.816992,-0.202395
-11.783751,-1.532536
-11.460967,-2.632524
-10.606307,-3.021976
-9.603826,-2.566578
-8.729030,-1.502621
-7.705790,-0.673246
-6.997645,-0.521436
-6.332023,-1.485304
-5.826817,-3.224692
-5.130893,-5.559075
-4.200908,-6.935446
-3.886492,-6.450012
-4.174263,-4.701421
-5.298236,-2.162895
-7.057070,-1.095186
-6.972765,0.169892
-6.612296,0.701293
-6.446184,-0.078701
-5.720186,-2.498969
-4.730051,-5.231576
-3.070343,-8.598228
-1.679315,-10.954705
-1.223017,-11.542527
-1.322184,-10.747084
-0.470251,-10.271471
0.783270,-9.278583
1.232238,-7.912772
1.782622,-7.096120
2.742223,-6.349649
3.608812,-5.127240
4.343408,-3.763510
4.986549,-2.006581
5.729102,0.270957
6.232341,2.940915
6.694642,6.004509
6.955215,9.340905
6.658152,12.874670
5.913397,16.271202
4.832540,19.050398
3.604398,20.945602
1.993489,21.974068
0.261102,22.052900
-2.228377,21.340799
-4.432034,19.628706
-6.829747,18.195177
-8.470447,16.337559
-8.683883,13.453019
-8.783467,10.984289
-9.159476,9.212922
-10.410321,8.347775
-11.264641,7.535028
-12.086799,6.793221
-12.116980,5.073740
-11.139241,2.040964
-9.975475,-0.538504
-9.968323,-1.354261
-10.533483,-1.249494
-11.445488,-0.491514
-11.965250,-0.169771
-11.662738,-1.127203
-11.776386,-1.565465
-11.492830,-2.115813
-10.725967,-2.448654
-9.784846,-2.154123
-9.205795,-1.349716
-8.484427,-1.055936
-8.169092,-1.343399
-7.626097,-2.934246
-6.991391,-4.817744
-6.192719,-6.249106
-4.858564,-6.964847
-4.310503,-5.706206
-4.984123,-3.557035
-6.580244,-0.692302
-6.602442,-0.937201
-6.739012,-0.025207
-6.530268,0.551845
-6.201253,-0.550751
-5.290181,-3.478685
-4.654512,-6.503602
-4.020386,-9.488520
-3.607614,-11.406162
-3.475254,-12.002917
-3.633940,-11.205807
-2.966017,-10.566929
-2.352790,-9.573300
-2.500865,-8.462473
-1.774254,-8.219035
-1.087529,-7.537238
-0.877958,-6.218070
-0.619848,-4.757969
0.019278,-2.999680
0.787804,-0.658999
1.335490,2.214602
1.816749,5.523879
2.148397,9.184710
1.962645,13.160996
1.357388,17.042347
0.772824,20.002872
0.113171,22.058905
-1.131675,23.345268
-2.316661,23.570316
-4.087858,22.965279
-5.685179,21.312677
-7.503579,19.662933
-8.581349,17.390526
-8.395578,14.151130
-8.213954,11.337301
-8.113975,9.278894
-9.428103,8.471951
-10.380240,7.866009
-10.815310,6.840616
-10.455999,4.588700
-9.561731,1.435402
-9.021360,-0.994265
-9.786457,-1.652433
-10.896776,-1.459607
-12.040125,-0.835723
-12.270700,-0.859319
-11.444820,-1.568304
-11.579234,-2.132428
-11.469974,-2.368960
-10.773898,-2.745199
-9.990764,-2.444375
-9.918023,-1.362737
-9.694263,-1.230856
-9.542124,-2.015325
-9.178616,-3.742886
-8.004675,-5.938221
-6.453444,-7.277050
-5.038321,-7.127430
-5.254127,-4.630942
-6.622366,-1.752492
-8.186857,1.100138
-6.358808,-0.416137
-6.435666,-0.159884
-6.057483,-0.274836
-6.158346,-1.131584
-5.827731,-3.466636
-5.345253,-6.731960
-5.022812,-9.749463
-5.293976,-11.287870
-5.715561,-11.906708
-5.939877,-11.381844
-5.426258,-10.798203
-5.318067,-9.723292
-5.795230,-8.641376
-5.283568,-8.491208
-5.378135,-7.697750
-5.613827,-6.386150
-5.242991,-5.059143
-4.821931,-3.341490
-4.301708,-1.159518
-3.671874,1.558280
-3.237610,4.998985
-3.021624,9.021145
-2.945581,13.185534
-3.263744,17.206635
-3.642477,20.450970
-3.950058,22.814819
-4.670949,24.240585
-5.086152,24.456785
-6.128569,23.921679
-7.115797,22.323402
-8.333024,20.527990
-8.786808,17.926186
-7.959412,14.341668
-7.458357,11.366259
-7.442918,9.454809
-8.640093,8.681720
-9.312517,7.899784
-9.678658,6.964828
-9.229142,4.709432
-8.394147,1.683359
-8.279099,-0.520580
-9.039595,-1.287124
-10.224293,-0.843976
-11.503908,-0.146623
-11.451141,-0.479540
-10.578462,-1.315972
-10.969299,-1.837849
-11.106509,-2.368065
-10.679536,-3.221297
-10.507799,-3.145375
-11.131961,-1.982462
-11.311146,-1.758382
-10.700477,-3.073829
-9.787518,-5.089118
-8.195717,-7.277909
-6.453019,-8.279454
-5.645869,-7.025092
-6.883689,-3.434614
-8.560135,-0.383457
-9.287741,1.142338
-6.479137,0.864456
-6.288431,0.248230
-5.751250,-0.762122
-5.940938,-1.846963
-6.250786,-3.642653
-6.215366,-6.623685
-6.129004,-9.764965
-6.759942,-11.287008
-7.579748,-11.633539
-7.958904,-11.005151
-7.929451,-10.032461
-8.076748,-9.291018
-8.663681,-8.611358
-8.560612,-8.616117
-9.302052,-7.520639
-9.775410,-6.168825
-9.381098,-5.165047
-9.433732,-3.490948
-9.150430,-1.455653
-8.552241,1.053913
-8.284486,4.486327
-8.195871,8.603229
-8.057808,12.907171
-8.054296,17.024052
-8.120091,20.511374
-7.922151,23.020613
-8.010561,24.490871
-7.800292,24.699152
-8.161901,24.197311
-8.530924,22.666197
-9.116838,20.796080
-8.936462,17.991817
-7.640837,14.279798
-7.128165,11.420086
-7.293787,9.677146
-7.818694,8.516675
-7.920490,7.391499
-8.325942,6.693084
-7.752647,4.680968
-6.921201,1.882944
-6.924399,-0.267029
-7.834807,-0.642098
-9.092732,0.260085
-10.301422,0.534896
-10.135248,-0.057173
-9.659404,-0.962795
-10.472526,-1.010898
-11.020599,-1.777119
-11.041537,-3.088832
-11.429050,-3.436772
-11.941450,-3.026361
-11.672132,-3.310911
-10.727004,-4.574332
-9.782811,-6.535902
-8.564382,-8.374654
-7.133179,-8.838925
-7.121352,-6.472421
-9.081677,-2.297287
-10.804756,0.826211
-10.713345,1.284105
-6.562185,1.197653
-6.360742,0.456660
-6.429081,-0.212129
-6.364678,-1.864281
-6.467761,-4.114285
-6.637291,-6.869346
-7.100855,-9.433869
-8.242910,-10.488019
-9.168797,-10.839490
-9.667449,-10.411191
-10.193581,-9.015357
-10.363865,-8.675893
-10.985370,-8.160591
-11.497578,-7.922809
-12.553517,-6.783977
-13.168971,-5.678608
-12.984317,-5.038623
-13.367057,-3.506627
-13.380728,-1.515737
-13.162348,0.885387
-13.187772,4.209462
-13.039759,8.176477
-12.863877,12.507840
-12.603385,16.594137
-12.302261,20.178314
-11.532448,22.718737
-11.000781,24.231064
-10.178114,24.361624
-9.913783,23.854563
-9.735930,22.410641
-9.731237,20.509193
-8.970507,17.622383
-7.447323,14.063930
-6.788223,11.317331
-6.758986,9.493461
-7.039741,8.172410
-7.043715,7.012809
-7.196988,6.020147
-6.535761,4.229529
-6.110098,2.298591
-6.643714,0.618388
-7.458636,0.101118
-8.135290,1.063727
-9.152255,0.831549
-8.988819,0.116896
-8.939027,-0.463829
-9.963096,-0.018543
-10.481960,-1.077126
-10.796757,-2.631254
-11.574014,-3.497182
-12.033980,-3.768792
-11.482073,-4.442698
-10.740858,-5.526221
-10.447069,-7.058621
-9.578276,-8.819622
-8.380292,-8.902424
-9.214111,-5.436304
-11.649847,-1.016167
-13.137100,1.006160
-12.986402,0.599040
-6.561771,0.971658
-6.225898,0.128763
-6.666426,-0.184259
-6.540202,-1.886646
-7.014244,-3.779491
-7.324574,-6.396772
-7.618490,-9.136347
-9.010097,-10.051322
-10.584442,-9.532037
-10.971636,-9.773569
-11.272950,-8.882304
-12.312808,-7.628751
-13.485859,-6.930984
-14.083428,-6.912518
-14.914300,-6.073095
-15.668710,-5.048934
-15.894262,-4.490291
-16.633272,-2.954599
-17.015862,-1.027115
-17.043991,1.130213
-17.260326,4.294257
-17.128815,7.985618
-16.807560,12.067491
-16.285456,15.965485
-15.517953,19.396606
-14.349320,21.809366
-13.312196,23.263687
-11.943071,23.351376
-11.277139,22.896206
-10.685038,21.589392
-10.123478,19.714144
-8.820841,16.839607
-7.103723,13.500831
-6.366022,10.947291
-6.185572,9.123479
-6.256955,7.713300
-6.060124,6.518697
-5.970874,5.338342
-5.576410,3.706415
-5.486467,2.019042
-6.532298,1.113038
-7.306054,0.855934
-7.260461,1.412608
-8.168311,0.917241
-8.065480,0.100814
-8.087397,-0.391889
-8.981339,0.299519
-9.488495,-0.025644
-9.938213,-1.645224
-10.786372,-3.286605
-11.393805,-4.271880
-10.889780,-5.249410
-10.964021,-6.000016
-11.292470,-7.293594
-10.475324,-9.153101
-9.869727,-8.538484
-11.651614,-4.141198
-14.495499,0.114008
-15.613170,0.584896
-15.721900,-0.406811
-6.968872,1.257073
-6.531610,0.208408
-6.975208,-0.252519
-6.952022,-1.806185
-7.631407,-3.347815
-7.986675,-5.839659
-8.185183,-8.640503
-9.410913,-9.766051
-11.495536,-8.840968
-12.073919,-9.073957
-11.818178,-8.694386
-13.517315,-6.760936
-14.947135,-5.943439
-14.912406,-6.743290
-16.122366,-5.590884
-17.530420,-4.036615
-18.128044,-3.515649
-18.989599,-1.989831
-19.626837,0.009808
-19.828588,1.860475
-20.104223,4.762500
-20.003307,8.052110
-19.541082,11.670310
-18.726439,15.151246
-17.635151,18.205603
-16.281187,20.463993
-14.836447,21.750271
-13.099515,21.854292
-12.152911,21.494118
-11.200721,20.348978
-10.129213,18.555595
-8.454313,15.826616
-6.671304,12.801086
-5.955878,10.502184
-5.549173,8.605024
-5.340487,7.083430
-5.065415,5.941632
-5.026001,4.897952
-5.140536,3.530856
-5.247352,1.891443
-6.205488,1.201715
-6.929497,1.342587
-6.560904,1.630930
-7.297506,1.115785
-7.284946,0.249180
-7.356594,-0.209970
-8.358921,0.782778
-9.335885,1.129563
-9.707652,-0.448148
-10.123704,-2.597857
-10.196165,-4.569302
-9.980048,-5.683364
-11.131733,-6.264698
-12.156820,-7.106612
-11.566914,-8.762838
-11.730819,-7.557990
-13.917924,-3.062837
-17.046297,0.772126
-18.130392,0.726220
-18.227800,-0.148430
-7.466164,1.550720
-6.973216,0.276484
-7.599377,-0.203789
-7.785054,-1.525050
-8.168186,-3.194798
-8.405958,-5.507284
-9.004693,-7.728183
-9.915031,-8.972565
-11.872815,-8.260736
-12.789750,-8.048175
-12.324971,-7.952985
-13.850812,-6.396994
-15.365212,-5.324142
-15.798431,-5.658574
-17.477676,-4.365543
-18.811735,-2.935403
-19.426168,-2.462615
-20.258202,-1.130387
-21.023441,0.761418
-21.530912,2.639723
-21.794136,5.237710
-21.602030,8.103109
-21.038731,11.266841
-20.054445,14.334538
-18.819714,16.967047
-17.206469,18.891407
-15.692347,20.039783
-13.833872,20.090971
-12.551635,19.758789
-11.246492,18.741842
-9.763535,17.079859
-7.947044,14.686230
-6.128653,11.996278
-5.385715,9.874927
-4.970410,8.075646
-4.803902,6.679122
-4.732291,5.611817
-4.559687,4.400457
-4.992343,3.263137
-5.361059,2.121114
-5.920135,1.626208
-6.328722,1.702098
-6.054593,1.703762
-6.531151,1.450035
-6.456297,0.519463
-6.720093,0.094580
-7.539868,0.910226
-8.861279,2.078437
-9.421706,1.062906
-9.579958,-1.391241
-9.910983,-3.691608
-9.872994,-5.426305
-11.561243,-5.650244
-13.005582,-6.087913
-12.706508,-7.665621
-13.367031,-6.158789
-15.371263,-1.831734
-18.474171,1.797864
-19.489527,1.502131
-19.417589,0.660927
-8.052155,1.892452
-7.464859,0.309643
-8.165567,-0.380450
-8.463328,-1.406354
-8.513525,-2.999175
-8.593334,-5.150302
-9.402561,-6.905199
-10.305209,-7.851736
-12.122233,-7.002080
-13.611944,-6.329040
-13.497684,-7.026146
-14.604842,-5.494327
-15.722460,-4.192298
-16.551651,-4.035632
-17.985456,-3.350725
-18.928709,-2.556909
-19.917593,-1.638737
-20.945484,-0.174101
-21.688282,1.440561
-22.124727,3.161325
-22.287125,5.466964
-22.125698,8.026540
-21.525967,10.735688
-20.404634,13.301520
-19.046978,15.527710
-17.260403,17.106209
-15.848818,18.104271
-14.073382,18.160187
-12.452293,17.821970
-10.819606,16.934855
-9.048225,15.515100
-7.599125,13.843633
-5.748158,11.262778
-4.981701,9.318878
-4.666490,7.686424
-4.226705,6.195842
-4.195141,5.042011
-4.129908,3.963269
-4.707322,3.072117
-5.032369,2.324687
-5.162134,1.933036
-5.517625,2.048409
-5.602280,2.041808
-5.809047,1.595240
-5.669288,0.657355
-6.102393,0.312364
-6.841624,0.916569
-8.218434,2.417018
-8.953117,2.311478
-8.809160,-0.361377
-9.536765,-2.464237
-10.404005,-4.005776
-12.232993,-4.153971
-13.542759,-4.767515
-13.209620,-6.518493
-14.056525,-4.937794
-16.261118,-0.149001
-19.070206,3.488565
-19.479734,2.477885
-19.016840,1.291521
-8.573672,2.277107
-7.889187,0.522289
-8.719328,-0.479373
-9.023852,-1.404704
-8.922526,-2.719911
-9.066019,-4.651214
-9.671508,-6.307021
-10.702015,-6.638957
-12.269610,-5.586617
-14.013854,-4.557879
-14.299275,-5.686143
-14.444777,-5.081577
-15.603487,-3.254871
-16.753803,-2.397077
-17.447025,-2.648567
-18.476620,-1.836411
-19.708164,-0.935743
-20.629642,0.295080
-21.394365,1.808744
-21.688864,3.329307
-21.760910,5.428616
-21.578222,7.756501
-21.050575,10.132682
-20.045359,12.258089
-18.812811,14.135446
-17.107710,15.400301
-15.592711,16.305986
-13.464122,16.154552
-11.700242,15.882739
-9.920387,15.124230
-7.767179,13.761749
-6.737028,12.709349
-5.409033,10.632810
-4.547236,8.774219
-4.029663,7.142186
-3.731024,5.773580
-3.720081,4.629757
-3.529659,3.654274
-4.123182,2.927095
-4.313289,2.438312
-4.143810,2.095026
-4.601114,2.356125
-4.965579,2.463454
-5.292526,1.993378
-5.455437,1.072958
-6.004078,0.732129
-6.671552,1.240015
-7.804227,2.700334
-8.610890,3.205750
-8.547207,0.940041
-9.237393,-1.144431
-10.449003,-2.601642
-12.251553,-2.688721
-13.556982,-3.050824
-13.458470,-5.010977
-14.245988,-3.831180
-16.452251,1.341260
-18.768864,5.131758
-18.481508,3.191191
-17.735283,1.244900
-8.831975,2.682113
-8.065346,0.911121
-8.961051,-0.212143
-9.344701,-1.208655
-9.311172,-2.494460
-9.724395,-4.133068
-9.721612,-6.044361
-10.710221,-6.081303
-12.328589,-4.420970
-13.968168,-3.565469
-14.181470,-5.024490
-13.947422,-4.809242
-15.374376,-2.605791
-16.929676,-0.690066
-17.188951,-1.361666
-17.925070,-0.906891
-18.917702,-0.036730
-19.659576,0.926992
-20.532463,2.278138
-20.896149,3.533107
-20.805470,5.121178
-20.483732,7.063593
-19.808384,9.004652
-18.823999,10.836397
-17.565195,12.359347
-16.020990,13.424980
-14.195407,14.024308
-11.988901,13.924374
-10.547874,13.923297
-8.907661,13.416564
-6.778888,12.294888
-5.757004,11.295873
-4.781492,9.725654
-3.935428,8.146723
-3.202948,6.636669
-3.034708,5.404107
-3.027087,4.322632
-2.741781,3.463105
-3.337216,2.932667
-3.950995,3.049333
-3.949459,2.770421
-4.500401,3.061114
-4.852187,3.194718
-5.172407,2.838448
-5.302442,1.613078
-5.714039,0.945622
-6.530378,1.381868
-7.369232,2.631350
-8.026210,3.295421
-8.314515,2.301805
-8.930441,0.331513
-9.826417,-1.713482
-11.437882,-1.578436
-12.928758,-1.328143
-13.543741,-3.443435
-14.207342,-2.894031
-15.922484,2.107599
-17.730042,5.863370
-17.180910,3.349153
-16.248899,0.758930
-8.655568,3.093919
-8.169177,1.420315
-9.102920,0.691771
-9.332152,-0.649561
-9.240217,-2.261196
-9.664460,-3.997887
-9.608215,-5.897400
-10.443088,-6.005220
-12.094386,-3.951408
-13.861814,-2.407618
-14.593713,-3.274064
-14.379066,-4.164145
-15.609350,-2.148265
-16.489864,-0.543325
-16.301949,-0.921594
-16.901791,-0.322074
-17.628782,0.788495
-18.123955,1.727880
-18.706881,2.794007
-19.085323,3.894329
-19.036453,5.121716
-18.698029,6.566442
-17.962852,7.971917
-16.914175,9.398350
-15.583041,10.612762
-14.120664,11.542491
-12.291668,12.000248
-10.572973,12.095828
-9.551342,12.439263
-7.798727,11.864517
-6.093934,11.043305
-5.000545,10.175811
-3.946305,8.921803
-3.377209,7.703289
-2.635850,6.336361
-2.350154,5.222644
-2.290884,4.164198
-2.157051,3.438529
-2.429424,2.884281
-3.006655,2.976624
-3.554184,3.242033
-4.140461,3.572026
-4.435465,3.465708
-4.839803,2.978970
-5.198373,2.006818
-5.767397,1.398523
-6.727579,1.646377
-7.319090,2.370362
-7.572454,2.848491
-7.917573,2.404531
-8.482970,0.839739
-9.443296,-0.582759
-11.145434,0.067278
-12.582420,0.754506
-13.750017,-1.549897
-14.258251,-1.865416
-15.192723,2.508240
-16.639851,6.510546
-16.199854,3.750399
-15.340873,0.233272
-7.755994,3.745105
-7.585019,2.677837
-8.203665,1.697922
-8.723908,0.341778
-9.298263,-1.323506
-9.877549,-3.301580
-9.900537,-5.430124
-10.424992,-5.961308
-11.610758,-4.178521
-13.308026,-1.776893
-14.403900,-1.569700
-14.409009,-3.207123
-15.289412,-1.962401
-15.961201,-0.401901
-15.701785,-0.348484
-16.028164,-0.045084
-16.557261,1.019850
-16.751524,1.853908
-16.881121,2.779033
-16.989523,3.924485
-16.806587,5.026762
-16.404572,6.232316
-15.838202,7.456625
-14.834683,8.517940
-13.676127,9.512706
-12.453875,10.310005
-10.963208,10.761308
-9.599169,11.127500
-8.109281,11.053555
-6.374733,10.424726
-5.386178,10.090200
-4.441598,9.428952
-3.206925,8.353002
-2.866348,7.382818
-2.325867,6.161628
-1.763831,5.061458
-1.756160,4.160421
-1.810941,3.609474
-1.894151,3.255603
-2.415415,3.310868
-3.249451,3.795169
-3.787402,4.098742
-3.839125,3.741988
-4.231659,3.167513
-5.027303,2.471544
-5.747915,1.879468
-6.567883,1.714727
-7.048980,1.855004
-7.221168,2.052683
-7.721276,2.024412
-8.297816,1.318749
-9.131978,0.762301
-10.744969,1.981471
-12.153566,2.718604
-13.518287,0.255323
-13.758999,-1.157347
-14.309285,2.170940
-16.028494,6.389217
-16.091019,4.045123
-15.121964,-0.151498
-6.499432,4.023707
-6.223840,3.171045
-6.547544,2.290599
-7.593348,1.948791
-8.771390,0.465747
-9.423731,-2.023378
-9.835040,-4.634865
-10.346555,-5.834755
-11.076271,-4.513887
-12.735201,-1.407953
-14.180317,-0.330823
-14.242577,-2.398337
-14.876661,-1.991473
-15.876712,-0.315841
-15.918296,0.340358
-15.967850,0.626076
-16.054583,1.214066
-16.203745,2.008963
-16.033337,2.633785
-15.586120,3.400600
-15.220415,4.290277
-14.598776,5.321599
-13.858552,6.347175
-12.886795,7.197543
-11.798476,8.011532
-10.663001,8.656958
-9.513819,9.097654
-8.317003,9.354013
-6.926618,9.213120
-5.759868,9.019608
-4.986402,8.744925
-4.060938,8.153927
-3.091006,7.439913
-2.920146,6.921450
-2.572934,6.139156
-1.934332,5.080190
-1.719432,4.352190
-1.648658,3.900028
-1.871055,3.803100
-2.592009,4.134849
-3.164786,4.567392
-3.703825,4.923118
-3.940412,4.669320
-4.105534,3.953508
-4.581429,3.176333
-5.218925,2.545398
-6.096165,2.101681
-6.654102,1.789025
-6.858461,1.563368
-7.444972,1.599475
-8.060413,1.693711
-8.611554,1.815718
-9.906707,3.337095
-11.177000,4.293069
-12.647718,2.265157
-13.415217,0.243408
-14.217429,2.397063
-16.006241,6.216708
-16.021803,4.422532
-14.557478,-0.095811
-5.496690,2.747353
-5.123203,3.259827
-5.240610,3.385280
-5.933842,2.776999
-6.984477,1.407676
-8.215509,-0.360035
-9.324154,-3.238995
-10.005767,-5.351461
-10.602492,-4.738549
-12.221210,-1.097811
-13.992837,1.658160
-14.296844,-0.518404
-14.392987,-1.870148
-15.354757,-0.816778
-15.791023,0.665988
-15.733894,1.379538
-15.607701,1.719614
-15.552739,2.167184
-15.217978,2.612004
-14.519108,3.180033
-14.062391,3.814066
-13.367747,4.500796
-12.521705,5.211993
-11.734300,5.882886
-10.908495,6.611752
-9.905835,7.137107
-8.915090,7.478261
-7.736155,7.605237
-6.808542,7.656913
-5.927933,7.591532
-5.049203,7.394433
-4.342790,7.209716
-3.717340,6.945465
-3.047454,6.420523
-2.244483,5.723855
-1.864856,5.238733
-1.641686,4.782279
-1.519137,4.368497
-1.572441,4.256100
-1.918733,4.488683
-1.980425,4.727747
-2.379763,5.082769
-2.788888,5.188253
-2.995391,4.705984
-3.371679,4.001545
-3.944437,3.389672
-4.836230,2.814306
-5.458753,2.174781
-5.949540,1.602407
-6.788312,1.422094
-7.693390,1.781505
-8.347632,2.301736
-9.578032,4.314859
-10.671322,6.173219
-12.218269,4.730320
-13.292048,1.969788
-14.013232,2.803164
-15.341797,5.838745
-14.758524,4.373997
-13.006763,0.184277
-4.266556,0.419710
-3.973850,1.934251
-3.929706,3.553216
-4.245356,3.992177
-5.263938,3.917333
-6.873642,2.550586
-8.558302,-0.785226
-9.507227,-4.034221
-10.374544,-4.668849
-11.510928,-1.635783
-12.864067,2.246418
-13.528600,1.700785
-13.646306,-0.806127
-14.548814,-0.854211
-15.307038,0.528376
-15.332468,1.319106
-15.103944,1.674698
-14.681594,1.786952
-14.419919,2.467432
-13.704171,3.224995
-13.016095,3.825043
-12.394954,4.390999
-11.523800,4.912260
-10.875929,5.526362
-10.226686,6.161404
-9.306468,6.477160
-8.659329,6.805871
-7.621175,6.864437
-6.806182,6.870910
-6.105342,6.909903
-5.313005,6.952619
-4.419349,6.942127
-3.590033,6.811200
-2.742540,6.203181
-1.752560,5.330523
-1.312138,4.911697
-1.059313,4.661431
-0.875206,4.476148
-0.556913,4.483474
-0.320948,4.571873
-0.141769,4.877498
-0.248871,5.278647
-0.202348,5.261880
-0.398047,5.152858
-1.008537,4.861999
-1.693382,4.380814
-2.578001,3.744001
-3.518168,3.067790
-4.461381,2.349432
-5.415174,1.711139
-6.513917,1.628996
-7.565295,2.336107
-8.892497,4.775691
-10.072552,7.779684
-11.781310,7.150290
-12.698189,3.757123
-13.219802,3.257576
-14.280187,5.028456
-13.499519,3.882010
-11.627790,0.396638
-2.477443,-0.403043
-2.487001,0.647437
-2.572725,2.516096
-2.660878,4.716571
-3.588718,6.217261
-5.127279,5.884610
-7.106646,2.632005
-8.780939,-1.571664
-9.996554,-3.951674
-10.791245,-2.599752
-11.875939,1.511093
-12.527045,3.058046
-12.496116,1.049787
-12.820664,0.070176
-13.454799,0.382707
-13.566782,0.867835
-13.146280,1.125385
-12.653563,1.242632
-12.397883,1.807617
-11.914922,2.623273
-11.222604,3.385510
-11.014265,4.310819
-10.637772,5.137777
-9.958834,5.530411
-9.236955,5.986281
-8.315554,6.151353
-7.769748,6.466279
-7.189456,6.752428
-6.521711,6.777475
-5.786242,6.798832
-4.933108,6.664166
-3.872852,6.305634
-2.940304,5.900891
-2.367364,5.605645
-1.466213,4.999806
-0.562399,4.375996
0.331268,4.044195
1.113360,3.909155
1.772662,4.122598
2.360382,4.374806
3.044673,4.648050
3.338743,5.200092
3.494613,5.381289
3.240107,5.659462
2.515139,5.725347
1.522879,5.511750
0.339660,5.035100
-1.020254,4.448799
-2.528113,3.785071
-3.717782,2.858985
-4.966007,2.317951
-6.333863,2.761300
-7.862739,5.232511
-9.303739,9.023673
-11.256541,9.757029
-12.203369,5.911725
-12.761243,4.084808
-13.595826,4.697657
-12.779152,3.542321
-11.316133,0.612748
-0.467655,0.180713
-0.286758,0.556953
-0.971951,1.711994
-1.439891,3.510421
-1.946836,5.827394
-3.546624,8.011946
-5.278749,6.314130
-7.204262,1.579905
-8.672028,-2.495366
-9.993280,-3.160920
-11.134373,-0.006198
-11.594000,2.875859
-11.210370,2.425463
-10.427535,0.989868
-10.113912,0.045035
-9.645952,0.079896
-8.963004,0.785047
-8.410219,1.280507
-7.956856,1.860353
-7.649100,2.513341
-7.429363,3.243616
-7.652448,4.055816
-7.830561,4.797894
-7.652691,4.978908
-7.665759,5.593296
-7.402887,5.925900
-6.898930,6.060699
-6.363347,6.249541
-5.711280,6.250931
-4.950084,6.157424
-4.167038,5.781661
-3.235917,5.264413
-2.117456,4.672537
-0.874226,4.038309
0.513183,3.507485
1.980698,2.980588
3.541953,2.776792
5.162976,2.673668
6.517826,2.887607
7.239855,3.539202
7.987972,4.166280
8.347763,5.042509
8.196251,5.900181
7.677910,6.622346
6.954857,6.786312
5.635739,6.961157
3.946870,6.761113
2.133150,6.235487
-0.113769,5.639618
-2.000225,4.686746
-3.782797,3.842480
-5.611888,3.849057
-7.398352,5.994681
-8.967414,10.103872
-10.879600,11.860272
-11.758738,7.935432
-12.232720,4.834454
-12.592776,4.183105
-12.013240,2.973080
-11.632087,0.948767
0.421246,0.692865
0.752027,1.228626
0.206180,2.452725
0.005328,3.316183
-0.269940,4.926189
-1.844317,8.293441
-3.631182,9.380661
-5.599020,5.497274
-7.544263,0.352070
-9.308178,-2.491207
-10.436398,-1.698681
-11.135058,0.826360
-10.927798,1.455238
-9.712412,0.312189
-8.558768,-0.817474
-7.000799,-0.972987
-5.325476,-0.150174
-3.964420,0.877549
-2.518061,2.092409
-1.402126,3.380803
-0.954379,3.906575
-1.055283,4.704155
-1.551649,5.900212
-2.285799,5.800049
-3.331185,5.952961
-4.058158,5.879436
-4.115314,5.562558
-3.948323,5.430252
-3.496514,5.198976
-2.787440,4.829284
-1.877852,4.241469
-0.519673,3.577234
1.055894,2.998254
2.958690,2.259963
5.119159,1.597387
7.264929,1.195362
9.196627,1.278609
11.002275,1.468294
12.693178,1.757468
13.594614,2.711632
14.092536,3.885702
14.140429,5.227188
13.723647,6.709150
12.644433,8.171576
11.359262,8.732063
9.554100,9.176538
7.235595,9.250751
4.877595,8.809451
2.197181,8.110924
-0.169102,7.036319
-2.508725,5.932614
-4.725244,5.400885
-6.776556,6.929080
-8.664683,10.937829
-10.607251,13.173991
-11.540292,9.585043
-11.903583,5.425539
-11.869893,3.835561
-11.510830,2.798894
-11.764867,1.633975
1.148421,-0.375392
1.339423,0.879683
1.252939,2.560915
1.059080,3.960449
0.647186,5.359096
-0.040092,7.803054
-1.714570,10.528172
-3.954683,9.587389
-6.177987,4.319936
-8.165460,-0.215904
-9.672728,-1.959574
-10.771988,-1.385247
-10.761885,-1.252248
-9.350776,-2.419327
-7.734266,-3.438027
-5.670847,-3.638448
-3.265756,-3.228147
-1.034675,-2.230030
1.266209,-0.885949
3.097645,1.002651
4.055357,2.707339
4.618177,4.743144
4.949295,7.331352
4.404979,7.774995
3.689950,7.836133
2.781572,7.560953
2.165883,6.678444
1.754492,5.900754
1.826612,5.037899
2.453036,4.231882
3.516900,3.205436
5.111331,2.273086
7.006576,1.337953
9.069586,0.527456
11.421519,-0.047163
13.682251,-0.421756
15.311666,-0.127915
16.467041,0.456434
17.383032,1.200146
17.970907,2.338503
18.121510,3.877444
17.807032,5.662021
17.212236,7.336587
15.922807,8.979391
14.131200,10.507053
11.953908,12.025105
9.526553,12.401891
6.829752,12.196904
3.812609,11.494411
1.035027,10.184232
-1.670339,8.642859
-4.171149,7.463733
-6.686955,8.378307
-9.134434,12.214087
-10.761489,14.832267
-11.478604,11.111090
-11.654480,5.971254
-11.395600,3.711296
-11.118147,2.738074
-11.554379,2.067923
2.918704,-0.688229
2.458158,0.687657
1.954243,2.409383
1.346165,4.465084
0.996022,6.098380
1.045801,7.570538
-0.167314,10.529116
-2.480531,12.430244
-4.384130,8.268929
-6.218204,3.125049
-7.964091,-0.283394
-8.876031,-1.778342
-8.526248,-2.943354
-6.708740,-4.627156
-4.244308,-5.976094
-1.867806,-6.193901
0.466158,-5.669174
2.638955,-4.565608
4.482309,-2.995400
5.912591,-0.909938
6.576813,1.757378
7.589509,3.698144
8.488781,5.577734
8.223875,7.053836
8.208788,7.959281
7.989074,8.373384
7.707475,7.923965
7.698472,6.827341
7.728918,5.644281
8.247260,4.333671
9.187250,2.830724
10.655257,1.509170
12.245215,0.116493
13.783872,-0.942060
15.239239,-1.482013
16.209801,-1.569173
16.886982,-1.366807
17.243080,-0.856252
17.184477,0.060944
16.953154,1.427610
16.596855,3.093390
16.053555,5.012335
15.324053,7.097859
14.408546,9.084543
13.089860,11.142673
11.333190,13.274417
9.219497,14.477763
6.642498,14.983522
3.836711,14.577373
1.038119,13.299035
-1.732921,11.514961
-4.143380,9.794650
-6.734924,10.028117
-9.415511,13.314926
-11.099495,15.975388
-11.592428,12.123308
-11.255452,6.217450
-10.671426,3.508407
-10.818324,2.754410
-11.345485,2.137691
6.402846,-0.018693
5.107322,1.577342
3.848433,2.798392
2.721699,4.277593
1.526590,6.365966
0.869118,8.182269
0.120930,10.757469
-1.658101,13.772028
-3.244719,11.683796
-4.402946,6.319723
-5.524199,1.903688
-5.921468,-1.224854
-4.845473,-3.889470
-2.484500,-6.433619
0.210994,-8.069518
2.486593,-8.257034
4.472852,-7.605078
6.085473,-6.193085
7.124098,-4.123519
7.959801,-1.713754
8.255300,1.188150
8.681866,3.307298
9.443958,4.636379
9.225305,6.330064
9.434917,7.276000
9.664952,7.670352
9.619563,7.726750
10.019547,6.482044
10.202482,5.124884
10.640935,3.387810
11.422959,1.456311
12.218314,-0.099508
12.689232,-1.301755
13.041039,-2.424522
12.927580,-3.027242
12.264727,-3.054111
11.757329,-2.816174
11.265266,-2.044231
10.767872,-0.965352
10.318331,0.521268
9.994116,2.262354
9.706500,4.249755
9.339986,6.477924
8.844902,8.912204
8.204463,11.436832
7.261633,13.906745
5.848015,15.820878
3.982625,17.023554
1.916925,17.107294
-0.419169,16.085030
-2.688163,14.151342
-4.810364,12.108172
-7.277315,11.849473
-9.772676,14.839355
-11.619040,17.206274
-11.842921,12.887053
-11.010303,6.319559
-10.088084,3.299038
-10.533754,2.697374
-11.191384,2.007174
10.143721,1.297652
8.328650,3.582789
6.502906,4.823267
4.424057,5.593613
2.039092,7.137060
0.902269,8.769085
0.472001,10.440006
-0.807407,12.901572
-2.388088,13.035522
-3.162638,8.792400
-3.492963,3.579158
-3.232460,-1.040013
-1.538099,-5.265500
0.753517,-8.650313
2.659592,-10.358455
3.778955,-10.350088
4.876105,-9.379986
5.861598,-7.577612
6.494975,-5.157106
7.108047,-2.552433
7.568081,-0.004911
7.425623,2.666495
7.801020,4.256189
7.816136,5.667248
7.958399,6.413184
8.342283,6.610475
8.085454,6.661806
8.570979,5.344173
8.902603,3.862220
8.863260,2.203511
8.965121,0.237757
8.467700,-1.114774
7.296942,-2.148160
6.153895,-3.024772
5.001112,-3.364259
4.163698,-3.330525
3.786474,-2.906632
3.612182,-1.988957
3.438120,-0.663756
3.183284,1.089934
3.049875,2.994364
2.983901,4.992383
2.871229,7.094143
2.624193,9.383459
2.337974,11.839965
1.953712,14.269378
1.181345,16.437191
-0.054129,18.151545
-1.509442,18.768387
-3.269759,18.098469
-4.756976,16.168629
-6.279470,14.005742
-8.323184,13.608717
-10.419510,16.315966
-12.155828,18.219894
-11.989026,13.118558
-10.826327,6.147060
-9.819719,3.089808
-10.206335,2.509865
-10.890369,1.883182
