U,V
3.900043,-1.05
3.900043,-0.95
4.000043,-0.85
4.000043,-0.75
4.000043,-0.65
4.000043,-0.55
4.000043,-0.45
4.000043,-0.35
4.100043,-0.25
4.100043,-0.15
4.100043,-5.00E-02
4.100043,5.00E-02
4.100043,0.15
4.000043,0.25
4.000043,0.45
4.000043,0.55
4.000043,0.65
4.000043,0.75
4.000043,0.85
4.000043,0.95
3.900043,1.05
3.900043,1.15
3.900043,1.25
3.800043,1.35
3.800043,1.45
3.800043,1.55
3.700043,1.65
3.700043,1.75
3.600043,1.85
3.600043,1.95
3.500043,2.05
3.500043,2.15
3.400043,2.15
3.400043,2.25
3.300043,2.35
3.200043,2.45
3.200043,2.55
3.100043,2.65
3.000043,2.65
3.000043,2.75
2.900043,2.85
2.800043,2.95
2.700043,3.05
2.700043,3.05
2.600043,3.15
2.500043,3.25
2.400043,3.25
2.300043,3.35
2.200043,3.35
2.100043,3.45
2.100043,3.55
2.000043,3.55
1.900043,3.65
1.800043,3.65
1.700043,3.65
1.600043,3.75
1.500043,3.75
1.400043,3.85
1.300043,3.85
1.200043,3.85
1.100043,3.95
1.000043,3.95
0.9000427,3.95
0.8000427,3.95
0.7000427,4.05
0.6000428,4.05
0.4000427,4.05
0.3000427,4.05
3.600043,0.15
3.500043,0.35
3.500043,0.45
3.400043,0.55
3.400043,0.65
3.300043,0.85
3.300043,0.95
3.200043,1.15
3.100043,1.25
3.100043,1.35
3.000043,1.45
2.900043,1.55
2.800043,1.65
2.800043,1.75
2.700043,1.85
2.600043,1.95
2.600043,2.05
2.400043,2.15
2.400043,2.25
2.300043,2.35
2.200043,2.35
2.100043,2.45
2.000043,2.55
1.900043,2.65
1.900043,2.65
1.700043,2.75
1.700043,2.75
1.500043,2.85
1.500043,2.85
1.400043,2.95
1.300043,2.95
1.200043,2.95
1.100043,3.05
1.000043,3.05
1.000043,3.05
0.9000427,3.15
0.8000427,3.05
0.7000427,3.15
0.6000428,3.15
0.5000427,3.15
0.5000427,3.15
0.4000427,3.15
0.3000427,3.15
0.2000427,3.15
0.2000427,3.05
0.1000427,3.05
0.1000427,3.05
4.27E-05,3.05
-1.00E-01,2.95
-1.00E-01,3.05
-1.00E-01,2.95
-0.1999573,2.95
-0.1999573,2.95
-0.2999573,2.95
-0.2999573,2.85
-0.3999573,2.85
-0.3999573,2.75
-0.3999573,2.75
-0.4999573,2.65
-0.3999573,2.65
-0.4999573,2.65
-0.4999573,2.55
-0.4999573,2.45
-0.5999573,2.55
-0.4999573,2.45
-0.4999573,2.45
-0.4999573,2.35
-0.4999573,2.35
0.1000427,1.45
-1.00E-01,1.65
-0.1999573,1.65
-0.2999573,1.85
-0.3999573,1.85
-0.5999573,1.95
-0.6999573,1.95
-0.7999573,2.15
-0.8999573,2.15
-1.099957,2.25
-1.099957,2.25
-1.299957,2.35
-1.299957,2.35
-1.499957,2.45
-1.499957,2.45
-1.699957,2.45
-1.699957,2.55
-1.799957,2.55
-1.899957,2.55
-1.999957,2.55
-2.099957,2.45
-2.199957,2.55
-2.199957,2.65
-2.299957,2.65
-2.399957,2.55
-2.499957,2.65
-2.599957,2.55
-2.599957,2.55
-2.699957,2.45
-2.699957,2.55
-2.799957,2.45
-2.899957,2.55
-2.899957,2.45
-2.999957,2.45
-2.999957,2.35
-2.999957,2.35
-3.099957,2.25
-3.099957,2.35
-3.099957,2.15
-3.099957,2.25
-3.199957,2.05
-3.199957,2.15
-3.199957,1.95
-3.199957,2.05
-3.199957,1.85
-3.099957,1.85
-3.099957,1.75
-3.099957,1.75
-2.999957,1.55
-2.999957,1.55
-2.999957,1.45
-2.899957,1.45
-2.799957,1.25
-2.799957,1.25
-2.699957,1.15
-2.599957,1.05
-2.599957,0.95
-2.499957,0.95
-2.299957,0.75
-2.299957,0.75
-2.099957,0.55
-1.999957,0.55
-1.999957,0.45
-1.799957,0.45
-1.599957,0.25
-1.499957,0.25
-1.399957,0.15
-1.299957,0.15
-5.599957,2.25
-5.699957,2.25
-5.799957,2.25
-5.899957,2.25
-5.999958,2.25
-6.099957,2.25
-6.099957,2.25
-6.199957,2.35
-6.199957,2.25
-6.299957,2.35
-6.299957,2.35
-6.299957,2.35
-6.299957,2.25
-6.399957,2.25
-6.399957,2.25
-6.399957,2.25
-6.399957,2.25
-6.399957,2.25
-6.399957,2.15
-6.499958,2.15
-6.499958,2.15
-6.599957,2.15
-6.599957,2.05
-6.699957,1.95
-6.699957,1.95
-6.799957,1.85
-6.799957,1.75
-6.899957,1.65
-6.899957,1.55
-6.999958,1.45
-6.999958,1.35
-7.099957,1.25
-7.099957,1.05
-7.099957,1.05
-7.099957,0.85
-7.099957,0.75
-6.999958,0.65
-6.999958,0.55
-6.899957,0.35
-6.899957,0.25
-6.799957,0.15
-6.799957,5.00E-02
-6.599957,-5.00E-02
-6.599957,-0.15
-6.399957,-0.25
-6.299957,-0.35
-6.199957,-0.45
-5.999958,-0.55
-5.899957,-0.65
-5.699957,-0.75
-5.499958,-0.85
-5.399957,-0.95
-5.199957,-1.05
-4.999958,-1.15
-4.699957,-1.25
-4.499958,-1.35
-4.299957,-1.55
-4.099957,-1.55
-3.799957,-1.75
-3.599957,-1.75
-3.299957,-1.95
-3.099957,-1.95
-2.799957,-2.05
-2.599957,-2.15
-2.299957,-2.25
-2.099957,-2.25
-1.799957,-2.35
-1.499957,-2.35
-10.59996,1.45
-10.59996,1.45
-10.59996,1.35
-10.59996,1.45
-10.59996,1.35
-10.49996,1.45
-10.49996,1.45
-10.39996,1.65
-10.29996,1.65
-10.19996,1.75
-9.999957,1.75
-9.999957,1.95
-9.799957,1.95
-9.699958,2.15
-9.599957,2.15
-9.499957,2.25
-9.399958,2.25
-9.399958,2.35
-9.399958,2.25
-9.299957,2.35
-9.399958,2.25
-9.399958,2.25
-9.399958,2.05
-9.499957,1.95
-9.599957,1.75
-9.599957,1.65
-9.699958,1.35
-9.799957,1.25
-9.799957,0.85
-9.899958,0.75
-9.899958,0.45
-9.899958,0.25
-9.899958,-5.00E-02
-9.899958,-0.25
-9.899958,-0.55
-9.799957,-0.75
-9.699958,-0.95
-9.599957,-1.15
-9.499957,-1.45
-9.299957,-1.65
-9.199958,-1.85
-8.999957,-1.95
-8.899958,-2.15
-8.599957,-2.25
-8.399958,-2.45
-8.199958,-2.55
-7.999958,-2.75
-7.699957,-2.85
-7.399957,-3.05
-7.199957,-3.05
-6.899957,-3.25
-6.599957,-3.25
-6.299957,-3.45
-5.999958,-3.55
-5.699957,-3.75
-5.399957,-3.75
-5.099957,-3.95
-4.799957,-4.05
-4.399957,-4.25
-4.099957,-4.25
-3.699957,-4.45
-3.299957,-4.55
-2.999957,-4.65
-2.599957,-4.65
-2.299957,-4.75
-1.899957,-4.75
-1.499957,-4.85
-1.199957,-4.65
-12.59996,-0.55
-12.69996,-0.55
-12.59996,-0.55
-12.59996,-0.35
-12.59996,-0.25
-12.59996,-5.00E-02
-12.49996,0.25
-12.39996,0.55
-12.19996,0.75
-12.09996,1.05
-11.89996,1.25
-11.89996,1.55
-11.69996,1.75
-11.59996,2.05
-11.49996,2.15
-11.39996,2.35
-11.29996,2.45
-11.19996,2.55
-11.09996,2.55
-10.99996,2.65
-10.89996,2.45
-10.79996,2.35
-10.69996,2.15
-10.69996,1.95
-10.59996,1.65
-10.59996,1.35
-10.49996,0.95
-10.49996,0.65
-10.49996,0.25
-10.49996,-5.00E-02
-10.39996,-0.45
-10.39996,-0.65
-10.29996,-1.05
-10.19996,-1.35
-10.09996,-1.65
-9.999957,-1.85
-9.799957,-2.25
-9.699958,-2.45
-9.399958,-2.75
-9.299957,-2.95
-8.999957,-3.25
-8.899958,-3.45
-8.599957,-3.65
-8.399958,-3.85
-8.199958,-4.05
-7.899957,-4.25
-7.699957,-4.45
-7.399957,-4.55
-7.099957,-4.75
-6.899957,-4.85
-6.599957,-5.05
-6.299957,-5.15
-5.899957,-5.35
-5.599957,-5.55
-5.299957,-5.75
-4.999958,-5.85
-4.599957,-6.05
-4.199957,-6.15
-3.799957,-6.35
-3.499957,-6.45
-3.099957,-6.65
-2.699957,-6.65
-2.199957,-6.75
-1.799957,-6.85
-1.299957,-6.85
-0.8999573,-6.75
-0.4999573,-6.75
-1.00E-01,-6.55
-12.89996,-2.25
-12.89996,-2.25
-12.89996,-2.05
-12.99996,-1.75
-12.99996,-1.45
-12.99996,-0.95
-12.99996,-0.55
-12.89996,5.00E-02
-12.69996,0.45
-12.59996,1.05
-12.39996,1.35
-12.19996,1.75
-11.99996,1.95
-11.79996,2.25
-11.59996,2.25
-11.49996,2.35
-11.29996,2.35
-11.19996,2.35
-10.99996,2.25
-10.79996,2.15
-10.49996,1.85
-10.19996,1.75
-9.999957,1.35
-9.799957,1.05
-9.599957,0.65
-9.499957,0.35
-9.399958,-5.00E-02
-9.199958,-0.25
-9.199958,-0.65
-9.099957,-0.85
-8.999957,-1.25
-8.799957,-1.35
-8.699958,-1.75
-8.499957,-1.95
-8.399958,-2.35
-8.199958,-2.45
-7.999958,-2.85
-7.799957,-3.05
-7.699957,-3.45
-7.499958,-3.65
-7.299957,-4.05
-7.099957,-4.25
-6.999958,-4.55
-6.699957,-4.75
-6.499958,-5.05
-6.299957,-5.25
-6.099957,-5.55
-5.799957,-5.65
-5.599957,-5.95
-5.299957,-6.05
-4.999958,-6.35
-4.699957,-6.45
-4.399957,-6.75
-4.199957,-6.85
-3.899957,-7.15
-3.499957,-7.25
-3.199957,-7.55
-2.899957,-7.65
-2.499957,-7.85
-2.099957,-7.95
-1.799957,-8.150001
-1.299957,-8.150001
-0.8999573,-8.35
-0.3999573,-8.25
0.1000427,-8.25
0.5000427,-8.05
0.9000427,-7.95
1.300043,-7.65
-10.59996,-2.75
-10.79996,-2.75
-10.99996,-2.55
-11.19996,-2.25
-11.29996,-1.75
-11.49996,-1.25
-11.59996,-0.75
-11.49996,-0.15
-11.29996,0.35
-11.09996,0.75
-10.69996,1.05
-10.39996,1.25
-9.999957,1.25
-9.699958,1.25
-9.299957,1.05
-8.999957,0.95
-8.699958,0.75
-8.399958,0.55
-8.099957,0.35
-7.799957,0.25
-7.499958,-5.00E-02
-7.199957,-0.25
-6.899957,-0.55
-6.699957,-0.65
-6.499958,-0.85
-6.299957,-0.95
-6.199957,-1.15
-6.099957,-1.25
-5.999958,-1.35
-5.899957,-1.45
-5.799957,-1.65
-5.699957,-1.75
-5.599957,-2.05
-5.499958,-2.25
-5.299957,-2.45
-5.199957,-2.75
-5.099957,-3.05
-4.999958,-3.35
-4.899957,-3.65
-4.799957,-3.95
-4.699957,-4.25
-4.599957,-4.65
-4.399957,-4.95
-4.299957,-5.25
-4.099957,-5.55
-3.899957,-5.75
-3.699957,-6.05
-3.499957,-6.35
-3.199957,-6.55
-2.999957,-6.85
-2.699957,-7.05
-2.499957,-7.25
-2.199957,-7.55
-1.999957,-7.65
-1.699957,-7.95
-1.399957,-8.05
-1.099957,-8.25
-0.7999573,-8.45
-0.3999573,-8.650001
-1.00E-01,-8.650001
0.3000427,-8.85
0.7000427,-8.85
1.100043,-8.85
1.500043,-8.650001
1.900043,-8.55
2.300043,-8.35
2.600043,-8.05
2.900043,-7.65
-8.699958,-2.75
-8.899958,-2.55
-9.099957,-2.25
-9.299957,-1.85
-9.399958,-1.45
-9.299957,-0.95
-9.099957,-0.65
-8.899958,-0.25
-8.399958,-0.15
-7.899957,-5.00E-02
-7.399957,-0.25
-6.799957,-0.35
-6.299957,-0.75
-5.799957,-0.95
-5.399957,-1.25
-4.999958,-1.45
-4.599957,-1.75
-4.299957,-1.85
-4.099957,-1.95
-3.799957,-1.95
-3.499957,-2.15
-3.299957,-2.05
-3.099957,-2.15
-2.999957,-2.05
-2.799957,-2.15
-2.699957,-1.95
-2.499957,-2.05
-2.499957,-1.95
-2.299957,-2.05
-2.199957,-1.95
-2.099957,-2.05
-1.899957,-2.15
-1.799957,-2.35
-1.699957,-2.45
-1.599957,-2.75
-1.499957,-2.95
-1.499957,-3.25
-1.399957,-3.35
-1.399957,-3.65
-1.399957,-3.85
-1.399957,-4.15
-1.299957,-4.45
-1.299957,-4.75
-1.299957,-5.05
-1.199957,-5.35
-1.099957,-5.75
-1.099957,-6.15
-0.8999573,-6.45
-0.7999573,-6.85
-0.5999573,-7.15
-0.3999573,-7.55
-1.00E-01,-7.75
0.1000427,-8.05
0.4000427,-8.25
0.7000427,-8.45
1.000043,-8.55
1.300043,-8.75
1.600043,-8.75
1.900043,-8.85
2.100043,-8.75
2.400043,-8.85
2.700043,-8.650001
3.000043,-8.55
3.300043,-8.25
3.500043,-8.05
3.700043,-7.65
4.000043,-7.25
4.100043,-6.75
-7.199957,-1.85
-7.299957,-1.65
-7.199957,-1.45
-6.999958,-1.25
-6.599957,-1.05
-6.199957,-0.95
-5.699957,-0.95
-5.199957,-1.05
-4.599957,-1.25
-4.099957,-1.45
-3.499957,-1.85
-2.999957,-2.15
-2.599957,-2.55
-2.199957,-2.85
-1.799957,-3.15
-1.499957,-3.35
-1.199957,-3.45
-0.9999573,-3.45
-0.6999573,-3.45
-0.4999573,-3.35
-0.1999573,-3.35
4.27E-05,-3.25
0.3000427,-3.15
0.5000427,-3.05
0.8000427,-3.05
1.000043,-2.95
1.300043,-2.95
1.400043,-2.85
1.700043,-2.75
1.800043,-2.65
2.000043,-2.65
2.000043,-2.65
2.200043,-2.65
2.200043,-2.65
2.200043,-2.65
2.100043,-2.75
2.100043,-2.85
2.000043,-2.95
2.000043,-3.05
1.900043,-3.35
1.800043,-3.55
1.700043,-3.85
1.700043,-4.15
1.600043,-4.45
1.700043,-4.95
1.700043,-5.35
1.700043,-5.75
1.800043,-6.15
1.900043,-6.65
2.000043,-7.05
2.100043,-7.55
2.300043,-7.85
2.400043,-8.150001
2.600043,-8.35
2.800043,-8.650001
3.000043,-8.650001
3.200043,-8.75
3.400043,-8.650001
3.600043,-8.55
3.700043,-8.35
3.800043,-8.150001
3.900043,-7.85
4.000043,-7.55
4.000043,-7.15
4.100043,-6.75
4.100043,-6.35
4.100043,-5.85
4.000043,-5.45
-4.899957,-1.25
-4.699957,-1.35
-4.499958,-1.55
-4.099957,-1.55
-3.799957,-1.85
-3.299957,-2.05
-2.999957,-2.45
-2.599957,-2.65
-2.299957,-3.05
-1.899957,-3.25
-1.599957,-3.75
-1.099957,-3.95
-0.6999573,-4.35
-1.00E-01,-4.45
0.3000427,-4.65
0.8000427,-4.75
1.200043,-4.85
1.600043,-4.75
2.000043,-4.75
2.500043,-4.55
2.900043,-4.55
3.300043,-4.45
3.700043,-4.45
4.200043,-4.25
4.500043,-4.25
4.900043,-4.05
5.100043,-3.85
5.300043,-3.55
5.400043,-3.35
5.400043,-3.05
5.400043,-2.75
5.300043,-2.45
5.100043,-2.25
4.900043,-2.05
4.600043,-1.95
4.400043,-1.85
4.100043,-1.95
3.900043,-2.05
3.700043,-2.25
3.600043,-2.45
3.500043,-2.85
3.500043,-3.15
3.500043,-3.65
3.600043,-4.05
3.700043,-4.55
3.800043,-4.95
3.900043,-5.55
4.100043,-5.95
4.200043,-6.45
4.400043,-6.85
4.500043,-7.35
4.700043,-7.55
4.800043,-7.85
4.900043,-8.05
5.000043,-8.150001
5.000043,-8.150001
5.100043,-8.150001
5.100043,-7.95
5.100043,-7.65
5.000043,-7.35
5.000043,-7.05
4.900043,-6.55
4.800043,-6.15
4.700043,-5.75
4.600043,-5.25
4.500043,-4.85
4.400043,-4.45
4.300043,-4.05
-1.599957,-1.05
-1.499957,-1.25
-1.399957,-1.55
-1.199957,-1.85
-1.099957,-2.15
-0.9999573,-2.45
-0.6999573,-2.95
-0.4999573,-3.35
-1.00E-01,-3.75
0.3000427,-4.15
0.8000427,-4.65
1.200043,-4.95
1.800043,-5.35
2.300043,-5.65
2.800043,-5.85
3.300043,-5.85
3.800043,-6.05
4.300043,-6.05
4.900043,-6.05
5.400043,-6.05
6.000043,-6.05
6.500043,-5.95
7.000043,-5.75
7.400043,-5.45
7.700043,-5.15
7.900043,-4.65
8.100043,-4.25
8.000043,-3.65
7.900043,-3.05
7.800043,-2.45
7.600043,-1.95
7.200043,-1.45
6.900043,-1.05
6.500043,-0.75
6.100043,-0.55
5.700043,-0.55
5.300043,-0.55
5.000043,-0.75
4.700043,-1.15
4.500043,-1.65
4.400043,-2.35
4.400043,-2.85
4.500043,-3.55
4.600043,-4.25
4.700043,-4.85
5.000043,-5.35
5.200043,-5.85
5.500043,-6.25
5.800043,-6.75
6.100043,-6.95
6.300043,-7.25
6.500043,-7.35
6.700043,-7.45
6.800043,-7.45
6.900043,-7.35
7.000043,-7.25
7.000043,-6.95
6.900043,-6.75
6.900043,-6.35
6.800043,-6.05
6.700043,-5.65
6.500043,-5.35
6.500043,-4.95
6.300043,-4.55
6.200043,-4.25
6.100043,-3.85
6.100043,-3.65
6.000043,-3.35
1.400043,-0.65
1.400043,-1.05
1.300043,-1.55
1.300043,-1.95
1.400043,-2.45
1.500043,-2.95
1.800043,-3.55
2.100043,-3.95
2.600043,-4.65
3.100043,-5.05
3.600043,-5.65
4.200043,-6.05
4.600043,-6.45
5.100043,-6.65
5.500043,-6.95
6.000043,-7.05
6.500043,-7.25
7.200043,-7.25
7.800043,-7.35
8.400043,-7.15
9.000043,-7.15
9.500043,-6.85
9.900043,-6.55
10.20004,-5.95
10.40004,-5.45
10.40004,-4.65
10.40004,-3.95
10.30004,-3.15
10.20004,-2.55
10.00004,-1.75
9.800043,-1.15
9.500043,-0.65
9.300043,-0.15
9.000043,0.25
8.800043,0.45
8.500043,0.55
8.100043,0.45
7.800043,0.25
7.500043,-0.25
7.200043,-0.85
6.900043,-1.65
6.700043,-2.45
6.600043,-3.25
6.600043,-4.05
6.700043,-4.85
6.900043,-5.45
7.000043,-6.05
7.300043,-6.45
7.600043,-6.75
7.800043,-6.95
8.100043,-7.05
8.300043,-6.95
8.500043,-6.95
8.600043,-6.75
8.800043,-6.65
8.900043,-6.35
9.000043,-6.15
9.000043,-5.85
9.000043,-5.55
9.000043,-5.15
8.900043,-4.85
8.800043,-4.55
8.700043,-4.15
8.600043,-3.95
8.600043,-3.65
8.400043,-3.45
8.400043,-3.35
8.400043,-3.15
3.300043,-0.35
3.100043,-0.85
3.100043,-1.55
3.100043,-2.15
3.400043,-2.95
3.800043,-3.65
4.300043,-4.35
4.900043,-5.05
5.500043,-5.75
6.000043,-6.25
6.500043,-6.75
7.000043,-7.05
7.400043,-7.45
7.900043,-7.65
8.500043,-7.85
9.100043,-8.05
9.800043,-8.150001
10.40004,-8.150001
11.00004,-8.150001
11.50004,-7.85
11.90004,-7.65
12.20004,-7.25
12.50004,-6.75
12.60004,-6.15
12.80004,-5.45
12.70004,-4.65
12.70004,-3.95
12.50004,-3.15
12.50004,-2.45
12.30004,-1.75
12.30004,-1.15
12.20004,-0.55
12.20004,-5.00E-02
12.10004,0.35
12.00004,0.65
11.80004,0.75
11.70004,0.75
11.50004,0.65
11.20004,0.25
10.90004,-0.25
10.70004,-0.95
10.40004,-1.65
10.10004,-2.65
9.900043,-3.55
9.800043,-4.35
9.700043,-5.15
9.800043,-5.75
9.800043,-6.15
9.900043,-6.45
10.00004,-6.65
10.20004,-6.75
10.30004,-6.75
10.40004,-6.75
10.60004,-6.55
10.80004,-6.45
10.90004,-6.25
11.10004,-5.95
11.10004,-5.55
11.20004,-5.25
11.10004,-4.85
11.10004,-4.45
10.90004,-4.15
10.80004,-3.85
10.70004,-3.65
10.60004,-3.35
10.50004,-3.25
10.60004,-3.15
10.60004,-3.05
4.700043,-0.35
4.700043,-1.05
4.900043,-2.05
5.200043,-2.85
5.800043,-3.85
6.500043,-4.65
7.100043,-5.65
7.800043,-6.35
8.400043,-7.05
9.000043,-7.45
9.600043,-7.95
10.20004,-8.05
10.70004,-8.35
11.30004,-8.45
12.00004,-8.650001
12.50004,-8.650001
13.00004,-8.85
13.50004,-8.650001
13.80004,-8.55
14.00004,-8.25
14.30004,-7.95
14.50004,-7.45
14.70004,-6.95
14.70004,-6.15
14.80004,-5.35
14.70004,-4.55
14.60004,-3.75
14.50004,-2.85
14.50004,-2.15
14.40004,-1.35
14.30004,-0.75
14.20004,-0.25
14.20004,0.15
14.10004,0.55
14.10004,0.75
14.10004,0.85
14.10004,0.75
14.10004,0.75
14.10004,0.35
14.00004,-5.00E-02
13.80004,-0.65
13.70004,-1.35
13.50004,-2.25
13.30004,-3.15
13.20004,-4.05
13.10004,-4.85
13.00004,-5.45
12.90004,-5.85
12.80004,-6.15
12.80004,-6.35
12.70004,-6.45
12.70004,-6.55
12.80004,-6.55
12.90004,-6.55
13.00004,-6.45
13.20004,-6.15
13.30004,-5.85
13.30004,-5.35
13.30004,-4.85
13.10004,-4.25
13.00004,-3.75
12.70004,-3.25
12.50004,-3.05
12.40004,-2.85
12.40004,-2.85
12.40004,-2.85
12.50004,-3.05
12.80004,-3.15
6.200043,-0.85
6.500043,-1.95
7.000043,-3.15
7.600043,-4.35
8.400043,-5.45
9.200043,-6.45
10.00004,-7.35
10.70004,-8.05
11.50004,-8.650001
12.20004,-8.95
13.00004,-9.150001
13.60004,-9.150001
14.20004,-9.150001
14.50004,-9.05
14.90004,-8.95
15.10004,-8.75
15.40004,-8.650001
15.50004,-8.45
15.80004,-8.25
15.90004,-7.85
16.00004,-7.35
16.10004,-6.75
16.20004,-6.05
16.10004,-5.35
16.10004,-4.55
16.00004,-3.75
16.00004,-2.95
15.80004,-2.25
15.80004,-1.55
15.60004,-0.95
15.60004,-0.45
15.40004,5.00E-02
15.30004,0.35
15.10004,0.55
15.10004,0.65
15.10004,0.65
15.20004,0.45
15.40004,0.35
15.60004,5.00E-02
15.80004,-0.35
15.90004,-0.95
16.10004,-1.55
16.20004,-2.35
16.30004,-3.05
16.20004,-3.85
16.20004,-4.45
16.10004,-4.95
15.90004,-5.25
15.70004,-5.55
15.50004,-5.75
15.20004,-5.85
14.90004,-5.95
14.70004,-5.95
14.60004,-5.85
14.60004,-5.75
14.50004,-5.35
14.40004,-4.95
14.30004,-4.45
14.20004,-3.85
14.00004,-3.15
13.90004,-2.65
13.80004,-2.35
13.70004,-2.15
13.80004,-2.25
13.90004,-2.55
14.10004,-2.85
14.50004,-3.35
14.90004,-3.75
8.300043,-1.55
8.800043,-2.95
9.400043,-4.55
10.20004,-5.95
11.10004,-7.35
12.00004,-8.35
12.80004,-9.150001
13.70004,-9.75
14.50004,-10.15
15.30004,-10.25
16.00004,-10.15
16.50004,-9.95
16.80004,-9.75
17.00004,-9.25
17.20004,-9.05
17.20004,-8.650001
17.40004,-8.45
17.50004,-7.95
17.60004,-7.55
17.60004,-6.95
17.60004,-6.35
17.60004,-5.65
17.50004,-4.85
17.40004,-4.15
17.30004,-3.45
17.10004,-2.75
17.00004,-2.15
16.80004,-1.65
16.70004,-1.15
16.60004,-0.65
16.50004,-0.25
16.20004,0.15
16.10004,0.35
15.90004,0.55
15.70004,0.45
15.70004,0.35
15.70004,0.15
15.80004,-5.00E-02
15.90004,-0.45
16.10004,-0.65
16.30004,-1.15
16.60004,-1.55
16.80004,-2.15
17.00004,-2.65
17.00004,-3.25
17.00004,-3.75
17.00004,-4.25
16.90004,-4.55
16.70004,-4.85
16.40004,-4.95
16.00004,-5.05
15.60004,-5.15
15.20004,-5.25
14.90004,-5.25
14.60004,-5.05
14.40004,-4.75
14.10004,-4.35
13.80004,-3.75
13.70004,-3.15
13.60004,-2.65
13.60004,-2.45
13.90004,-2.25
14.30004,-2.45
14.70004,-2.75
15.10004,-3.35
15.60004,-3.85
16.20004,-4.55
16.80004,-5.15
10.90004,-2.35
11.40004,-4.05
12.10004,-5.85
12.70004,-7.45
13.50004,-8.85
14.20004,-9.95
15.00004,-10.65
15.80004,-11.15
16.50004,-11.45
17.10004,-11.45
17.70004,-11.35
18.20004,-11.05
18.80004,-10.75
19.10004,-10.25
19.40004,-9.75
19.50004,-9.05
19.60004,-8.45
19.60004,-7.75
19.60004,-6.95
19.50004,-6.15
19.20004,-5.25
18.90004,-4.55
18.50004,-3.75
18.10004,-3.15
17.70004,-2.55
17.30004,-2.15
16.90004,-1.75
16.60004,-1.35
16.30004,-1.05
16.00004,-0.85
15.90004,-0.55
15.70004,-0.25
15.60004,-5.00E-02
15.40004,0.15
15.40004,5.00E-02
15.30004,5.00E-02
15.30004,-0.15
15.30004,-0.35
15.40004,-0.65
15.40004,-0.95
15.40004,-1.25
15.50004,-1.45
15.50004,-1.85
15.50004,-2.15
15.30004,-2.55
15.20004,-3.05
15.10004,-3.45
15.00004,-3.75
14.90004,-3.95
14.60004,-4.15
14.30004,-4.25
13.90004,-4.45
13.60004,-4.35
13.30004,-4.35
13.10004,-4.25
12.90004,-4.15
12.70004,-3.95
12.60004,-3.65
12.60004,-3.45
12.80004,-3.15
13.20004,-2.95
13.70004,-2.95
14.30004,-3.25
14.90004,-3.85
15.70004,-4.65
16.50004,-5.55
17.40004,-6.55
18.40004,-7.45
13.50004,-2.95
14.00004,-4.85
14.40004,-6.85
14.90004,-8.45
15.40004,-9.95
15.90004,-10.85
16.50004,-11.55
17.10004,-11.95
17.70004,-12.15
18.30004,-12.25
18.90004,-12.25
19.70004,-12.05
20.40004,-11.75
20.90004,-11.15
21.20004,-10.55
21.20004,-9.55
21.10004,-8.650001
21.00004,-7.45
20.70004,-6.35
20.30004,-5.25
19.70004,-4.05
19.00004,-3.25
18.40004,-2.45
17.60004,-1.95
17.00004,-1.45
16.30004,-1.25
15.70004,-0.95
15.10004,-0.85
14.60004,-0.75
14.30004,-0.65
14.00004,-0.65
13.80004,-0.65
13.80004,-0.65
13.90004,-0.55
13.90004,-0.65
14.10004,-0.55
14.30004,-0.75
14.50004,-0.85
14.60004,-1.05
14.70004,-1.15
14.70004,-1.35
14.70004,-1.45
14.50004,-1.65
14.40004,-1.75
14.20004,-2.05
14.00004,-2.25
13.80004,-2.45
13.70004,-2.75
13.40004,-2.95
13.10004,-3.15
12.80004,-3.15
12.50004,-3.25
12.20004,-3.15
12.10004,-3.15
11.90004,-3.15
11.80004,-3.35
11.70004,-3.55
11.70004,-3.75
11.70004,-3.95
12.00004,-4.05
12.50004,-4.15
13.20004,-4.35
14.00004,-4.85
15.00004,-5.45
16.00004,-6.55
17.20004,-7.75
18.40004,-9.150001
19.80004,-10.45
16.10004,-3.15
16.50004,-5.15
16.70004,-7.15
16.80004,-8.75
16.90004,-9.95
17.00004,-10.95
17.30004,-11.65
17.80004,-12.15
18.40004,-12.55
19.10004,-12.65
19.70004,-12.65
20.30004,-12.35
20.70004,-11.85
20.80004,-11.25
20.90004,-10.45
20.80004,-9.45
20.80004,-8.25
20.60004,-6.95
20.40004,-5.65
19.90004,-4.35
19.40004,-3.15
18.50004,-2.25
17.80004,-1.45
16.90004,-0.95
16.20004,-0.45
15.40004,-0.15
14.70004,0.15
14.00004,0.25
13.40004,0.35
12.70004,0.25
12.20004,5.00E-02
11.90004,-0.15
11.70004,-0.45
11.70004,-0.75
11.80004,-0.95
12.10004,-1.15
12.50004,-1.35
12.90004,-1.45
13.30004,-1.55
13.60004,-1.55
13.70004,-1.65
13.80004,-1.65
13.90004,-1.75
14.00004,-1.85
14.10004,-2.05
14.10004,-2.15
14.10004,-2.25
14.10004,-2.35
14.00004,-2.35
13.70004,-2.35
13.40004,-2.35
13.10004,-2.25
12.80004,-2.15
12.40004,-2.15
12.20004,-2.15
11.90004,-2.55
11.70004,-2.95
11.50004,-3.55
11.30004,-4.15
11.20004,-4.75
11.70004,-5.45
12.50004,-5.95
13.50004,-6.55
14.70004,-7.35
16.00004,-8.650001
17.30004,-10.25
18.70004,-12.05
20.30004,-13.85
18.60004,-3.25
18.90004,-5.35
18.90004,-7.15
18.80004,-8.55
18.40004,-9.650001
18.20004,-10.65
18.20004,-11.35
18.50004,-11.95
19.00004,-12.45
19.60004,-12.45
20.00004,-12.25
20.10004,-11.85
20.00004,-11.05
19.80004,-10.25
19.80004,-9.35
19.80004,-8.45
19.90004,-7.35
20.00004,-6.35
20.10004,-4.95
19.80004,-3.65
19.30004,-2.55
18.50004,-1.55
17.60004,-0.65
16.70004,-0.15
15.80004,0.45
14.90004,0.75
14.10004,1.15
13.30004,1.35
12.40004,1.55
11.70004,1.55
11.00004,1.55
10.50004,1.15
10.20004,0.65
10.10004,-5.00E-02
10.20004,-0.65
10.50004,-1.15
10.80004,-1.65
11.30004,-1.75
11.70004,-1.95
12.10004,-1.95
12.40004,-2.05
12.60004,-1.95
12.90004,-2.15
13.40004,-2.25
13.70004,-2.45
14.10004,-2.45
14.40004,-2.55
14.70004,-2.45
14.70004,-2.45
14.60004,-2.25
14.50004,-2.05
14.30004,-1.85
14.00004,-1.65
13.60004,-1.45
13.20004,-1.55
13.00004,-1.75
12.70004,-2.35
12.40004,-3.05
12.00004,-4.05
11.70004,-4.95
11.90004,-5.95
12.40004,-6.65
13.20004,-7.65
14.30004,-8.85
15.60004,-10.75
17.00004,-12.65
18.50004,-14.85
20.40004,-17.15
20.80004,-2.15
20.70004,-4.75
20.50004,-6.75
20.10004,-8.150001
19.60004,-9.35
19.20004,-10.15
19.00004,-10.85
19.00004,-11.45
19.40004,-11.95
19.70004,-11.95
19.90004,-11.65
19.80004,-10.95
19.40004,-10.05
19.00004,-9.150001
18.90004,-8.150001
19.00004,-7.25
19.30004,-6.45
19.50004,-5.55
19.50004,-4.45
19.20004,-3.25
18.50004,-2.15
17.60004,-0.95
16.70004,-5.00E-02
15.70004,0.95
14.80004,1.55
13.80004,2.05
13.00004,2.35
12.10004,2.45
11.20004,2.45
10.40004,2.45
9.800043,2.35
9.400043,2.05
9.400043,1.45
9.500043,0.75
9.800043,-0.15
10.10004,-0.85
10.40004,-1.55
10.70004,-1.95
11.10004,-2.25
11.50004,-2.35
11.90004,-2.55
12.40004,-2.75
12.90004,-3.05
13.60004,-3.15
14.20004,-3.35
14.70004,-3.25
15.20004,-3.15
15.60004,-2.85
15.70004,-2.55
15.80004,-2.15
15.80004,-1.85
15.70004,-1.55
15.40004,-1.15
14.90004,-1.05
14.50004,-1.15
14.10004,-1.35
13.80004,-2.05
13.30004,-2.95
12.70004,-4.05
12.20004,-5.15
12.00004,-6.25
12.10004,-7.25
12.70004,-8.55
13.60004,-10.15
14.90004,-12.25
16.20004,-14.65
17.80004,-17.45
19.70004,-20.55
22.40004,-0.25
21.90004,-3.05
21.30004,-5.35
20.80004,-7.15
20.20004,-8.45
19.80004,-9.35
19.50004,-10.05
19.50004,-10.65
19.50004,-11.25
19.70004,-11.35
19.70004,-11.25
19.40004,-10.65
19.00004,-9.650001
18.50004,-8.55
18.30004,-7.55
18.30004,-6.55
18.50004,-5.95
18.50004,-5.15
18.30004,-4.35
17.80004,-3.35
17.20004,-2.25
16.60004,-0.75
16.00004,0.75
15.30004,2.15
14.60004,3.15
13.80004,3.85
12.90004,3.85
12.10004,3.65
11.30004,3.15
10.40004,2.85
9.800043,2.45
9.500043,2.05
9.700043,1.45
10.10004,0.85
10.50004,-5.00E-02
11.00004,-0.75
11.30004,-1.55
11.70004,-2.05
12.10004,-2.45
12.60004,-2.85
13.30004,-3.45
14.10004,-3.95
15.10004,-4.45
16.10004,-4.55
16.90004,-4.55
17.60004,-4.15
18.20004,-3.75
18.60004,-3.15
18.80004,-2.55
18.90004,-1.75
18.70004,-1.05
18.40004,-0.45
17.80004,-0.15
17.10004,-5.00E-02
16.40004,-0.15
15.70004,-0.45
14.80004,-1.05
14.10004,-2.05
13.30004,-3.35
12.70004,-4.75
12.30004,-6.15
12.30004,-7.55
12.60004,-9.150001
13.30004,-10.95
14.30004,-13.45
15.40004,-16.25
16.60004,-19.75
18.40004,-23.45
23.70004,1.45
23.00004,-0.95
22.20004,-3.15
21.40004,-5.05
20.80004,-6.65
20.40004,-7.85
20.20004,-8.85
20.00004,-9.650001
20.00004,-10.25
19.80004,-10.55
19.40004,-10.65
18.90004,-10.25
18.40004,-9.55
17.90004,-8.75
17.80004,-7.85
17.70004,-7.05
17.60004,-6.35
17.60004,-5.65
17.60004,-4.75
17.60004,-3.35
17.50004,-1.45
17.40004,0.75
17.10004,2.95
16.40004,4.85
15.80004,5.85
15.00004,6.35
14.40004,5.95
13.90004,5.25
13.40004,4.25
12.80004,3.45
12.20004,2.65
11.80004,1.95
11.90004,1.25
12.30004,0.45
12.80004,-0.35
13.30004,-1.15
13.70004,-1.85
14.20004,-2.55
15.00004,-3.35
15.90004,-4.15
17.00004,-4.95
18.30004,-5.45
19.50004,-5.75
20.60004,-5.75
21.60004,-5.55
22.30004,-5.15
23.00004,-4.55
23.50004,-3.75
23.80004,-2.95
23.80004,-1.85
23.50004,-0.95
22.90004,5.00E-02
22.20004,0.75
21.10004,1.35
19.90004,1.55
18.60004,1.45
17.20004,0.75
15.70004,-0.25
14.60004,-1.75
13.70004,-3.45
13.10004,-5.35
12.80004,-7.15
12.80004,-9.150001
13.10004,-11.25
13.60004,-14.05
14.40004,-17.15
15.40004,-21.15
16.90004,-25.55
24.80004,2.45
24.30004,0.45
23.40004,-1.35
22.50004,-3.05
21.70004,-4.65
21.30004,-6.05
21.00004,-7.15
20.90004,-8.05
20.60004,-8.75
20.20004,-9.150001
19.60004,-9.25
18.90004,-9.25
18.30004,-9.05
17.80004,-8.75
17.60004,-8.35
17.40004,-7.75
17.50004,-7.05
17.80004,-5.95
18.20004,-4.35
18.60004,-2.15
18.70004,0.55
18.40004,3.35
17.70004,5.65
16.70004,7.35
15.90004,7.95
15.30004,7.95
15.20004,7.25
15.40004,6.35
15.40004,5.15
15.30004,4.05
15.00004,2.85
14.90004,1.85
15.00004,0.85
15.40004,-5.00E-02
15.80004,-1.15
16.30004,-1.95
16.90004,-2.95
17.70004,-3.85
18.90004,-4.95
20.30004,-5.85
21.80004,-6.45
23.20004,-6.75
24.20004,-6.85
25.10004,-6.75
26.00004,-6.65
26.90004,-6.15
27.80004,-5.65
28.70004,-4.75
29.30004,-3.65
29.60004,-2.15
29.50004,-0.45
29.10004,1.25
28.10004,2.75
26.60004,3.85
24.80004,4.25
22.80004,4.25
20.70004,3.65
18.70004,2.55
16.80004,0.85
15.20004,-1.25
14.10004,-3.55
13.40004,-6.05
13.00004,-8.45
12.90004,-10.95
13.20004,-13.95
13.70004,-17.35
14.40004,-21.95
15.70004,-27.25
25.80004,3.45
25.30004,1.55
24.50004,-0.15
23.60004,-1.65
22.80004,-3.05
22.20004,-4.35
21.90004,-5.35
21.60004,-6.25
21.20004,-6.85
20.70004,-7.15
20.10004,-7.35
19.20004,-7.55
18.60004,-7.95
18.00004,-8.25
17.90004,-8.45
18.10004,-8.05
18.60004,-7.05
19.10004,-5.35
19.50004,-3.05
19.60004,-0.45
19.20004,2.25
18.40004,4.75
17.50004,6.55
16.50004,7.75
15.80004,7.95
15.40004,7.75
15.70004,7.05
16.20004,6.35
16.80004,5.25
17.20004,4.05
17.50004,2.65
17.80004,1.35
18.20004,0.15
18.60004,-0.95
19.10004,-2.15
19.70004,-3.15
20.50004,-4.35
21.60004,-5.55
22.90004,-6.65
24.50004,-7.35
25.90004,-7.65
26.90004,-7.65
27.90004,-7.95
29.20004,-7.95
30.60004,-7.45
31.70004,-6.85
32.80005,-6.25
34.00004,-5.35
35.30005,-4.15
36.50004,-2.55
37.20004,-0.45
37.10004,1.95
35.90004,4.15
33.90004,5.85
31.50004,6.95
28.80004,7.55
25.90004,7.35
22.90004,6.35
20.30004,4.65
17.90004,2.35
16.10004,-0.55
14.70004,-3.65
13.80004,-6.75
13.10004,-9.95
13.00004,-13.25
13.10004,-16.85
13.40004,-21.85
14.20004,-28.05
28.40004,5.15
27.40004,3.35
26.30004,1.65
25.10004,5.00E-02
24.10004,-1.55
23.40004,-2.75
22.90004,-3.75
22.40004,-4.45
21.90004,-5.05
21.40004,-5.25
20.70004,-5.55
19.90004,-5.95
19.00004,-6.75
18.60004,-7.65
18.80004,-8.150001
19.50004,-7.75
20.40004,-6.35
20.90004,-4.15
21.10004,-1.75
20.80004,0.75
20.20004,2.95
19.30004,5.05
18.40004,6.35
17.50004,7.15
17.00004,7.25
16.90004,7.05
17.20004,6.45
17.70004,5.85
18.40004,4.85
19.10004,3.75
19.70004,2.25
20.40004,0.95
20.80004,-0.45
21.30004,-1.75
21.90004,-3.05
22.70004,-4.15
23.50004,-5.55
24.50004,-6.95
26.00004,-8.25
27.80004,-8.75
29.00004,-9.05
30.10004,-9.45
31.80004,-9.85
34.30005,-9.55
36.20004,-8.85
37.30005,-8.25
38.90004,-7.55
40.90004,-6.35
43.00004,-5.15
44.80005,-3.65
46.40004,-1.45
47.20004,1.75
46.40004,5.25
44.30005,8.55
40.80005,10.35
36.80005,11.05
32.70004,10.65
28.70004,9.85
25.10004,8.35
22.00004,6.25
19.40004,3.55
17.20004,0.25
15.30004,-3.65
14.00004,-7.65
13.20004,-11.75
12.90004,-15.75
12.60004,-20.95
12.60004,-27.55
34.00004,7.05
32.60004,6.05
30.90004,4.85
28.90004,3.35
27.10004,1.65
25.60004,-5.00E-02
24.40004,-1.65
23.60004,-2.95
23.00004,-3.75
22.40004,-4.25
21.60004,-4.55
20.70004,-5.15
20.10004,-6.15
19.80004,-7.25
20.40004,-7.65
21.50004,-7.15
22.70004,-5.55
23.50004,-3.25
23.80004,-0.85
23.50004,1.55
22.90004,3.65
21.90004,5.25
21.00004,6.05
20.30004,6.45
20.10004,6.35
20.10004,6.15
20.00004,5.75
20.10004,5.15
20.30004,4.25
20.80004,3.15
21.40004,2.05
21.80004,0.85
22.00004,-0.65
22.50004,-2.15
23.50004,-3.65
24.30004,-5.05
24.90004,-6.75
25.90004,-8.45
28.00004,-9.75
30.20004,-10.45
31.60004,-11.35
33.60004,-12.55
37.40004,-13.05
41.20004,-12.65
43.30005,-12.05
44.90004,-11.45
47.80005,-10.25
50.60004,-8.35
51.60004,-6.55
52.30005,-4.85
55.00004,-1.95
58.00004,2.95
58.00004,8.75
54.90004,13.45
50.10004,15.45
45.70004,15.85
41.60004,15.35
37.30005,14.65
32.80005,13.05
28.50004,10.75
24.70004,7.75
21.40004,4.45
18.40004,0.55
15.90004,-3.85
14.30004,-8.55
13.30004,-13.35
12.40004,-18.95
11.50004,-25.85
40.20004,9.25
38.50004,9.05
36.30005,8.45
33.90004,7.45
31.30004,5.95
28.90004,4.05
26.70004,1.95
25.00004,-5.00E-02
23.90004,-1.65
23.20004,-2.75
22.60004,-3.55
22.20004,-4.55
21.90004,-5.65
21.90004,-6.75
22.50004,-7.25
23.90004,-6.65
25.50004,-5.05
26.70004,-2.55
27.10004,5.00E-02
26.80004,2.45
25.90004,4.25
24.80004,5.25
24.20004,5.55
24.10004,5.65
24.20004,5.65
24.20004,5.75
23.70004,5.45
23.20004,4.85
23.00004,3.85
23.10004,2.95
23.00004,2.05
22.80004,0.85
22.70004,-0.95
23.40004,-2.85
24.80004,-4.75
25.90004,-6.45
26.50004,-8.45
28.10004,-10.25
30.90004,-11.45
33.30005,-12.25
34.90004,-13.95
38.20004,-15.75
43.70004,-16.75
47.90004,-16.75
49.60004,-16.45
51.90004,-15.35
55.80005,-13.45
58.00004,-10.75
57.30005,-7.95
57.30005,-4.75
60.50004,-0.75
64.20004,4.35
63.90004,9.650001
60.40004,14.45
56.40004,17.75
53.20004,19.85
50.10004,20.95
46.00004,21.15
41.00004,19.75
36.00004,17.05
31.40004,13.35
27.20004,9.25
23.00004,4.95
19.20004,0.35
16.40004,-4.65
14.40004,-9.95
12.80004,-15.95
11.10004,-23.15
47.60004,10.15
45.30005,11.25
42.30005,11.55
38.80005,11.15
35.40004,9.85
32.20004,7.95
29.40004,5.75
27.00004,3.55
25.20004,1.35
24.20004,-0.75
24.10004,-2.45
24.30004,-3.95
24.30004,-5.35
24.30004,-6.65
25.10004,-7.15
26.80004,-6.35
28.70004,-4.25
29.50004,-1.55
29.30004,0.65
28.70004,2.35
28.20004,3.45
27.90004,4.05
28.30004,4.65
29.10004,5.55
29.40004,6.65
28.80004,7.35
27.80004,6.95
27.00004,5.95
26.60004,4.65
26.20004,3.55
25.50004,2.25
24.90004,0.45
24.90004,-2.05
26.00004,-4.55
27.70004,-6.75
28.80004,-8.45
29.80004,-10.45
32.20004,-12.25
35.70004,-13.85
38.30005,-15.45
40.80005,-17.25
45.00004,-18.35
49.50004,-18.95
52.00004,-19.35
53.70004,-18.85
56.20004,-17.05
58.50004,-14.35
58.60004,-11.55
57.50004,-7.95
58.00004,-3.85
60.40004,-5.00E-02
62.30005,3.35
61.90004,6.95
60.20004,11.05
58.50004,15.55
56.80005,19.45
54.90004,22.25
51.80005,24.25
47.50004,24.65
42.50004,23.55
37.60004,20.35
33.00004,16.15
28.50004,11.05
24.20004,5.65
20.20004,-5.00E-02
16.90004,-5.65
14.10004,-11.85
11.40004,-19.05
54.40004,8.85
52.80005,11.55
49.70004,13.55
45.50004,14.55
40.70004,13.75
36.10004,11.75
32.60004,8.95
29.80004,6.15
27.80004,3.45
26.50004,0.75
26.30004,-1.75
26.60004,-3.65
26.60004,-5.35
26.70004,-6.95
28.30004,-7.45
30.50004,-5.95
31.70004,-3.05
31.50004,-0.25
30.40004,0.75
30.00004,0.95
31.00004,1.35
32.10004,2.45
33.30005,4.35
34.30005,6.85
34.20004,8.85
33.10004,9.75
31.90004,8.85
31.10004,7.05
30.80004,5.15
30.30004,3.55
29.50004,1.75
28.80004,-0.75
29.10004,-3.85
30.60004,-6.65
32.50004,-8.85
33.60004,-10.35
34.80005,-12.15
37.40004,-14.25
40.90004,-16.95
44.20004,-19.55
48.30005,-21.15
52.50004,-20.95
54.00004,-20.75
54.10004,-20.45
55.20004,-19.05
56.80005,-16.15
56.70004,-12.85
55.00004,-8.95
53.80005,-4.55
53.90004,-0.45
54.60004,2.65
54.60004,5.05
54.40004,7.25
54.60004,10.25
54.80005,13.75
55.10004,17.65
55.20004,21.25
54.60004,24.45
52.20004,26.65
48.30005,27.35
43.20004,25.75
38.00004,22.55
33.10004,17.85
28.80004,12.25
24.70004,5.95
20.70004,-0.35
16.90004,-6.75
13.00004,-13.85
54.30005,5.55
54.70004,9.150001
54.00004,12.35
51.70004,15.05
47.30005,16.25
42.00004,15.55
37.40004,12.45
34.00004,8.95
32.00004,5.45
30.60004,2.35
29.70004,-0.35
29.00004,-2.95
28.60004,-5.45
29.10004,-7.55
31.50004,-7.85
33.70004,-5.85
33.70004,-3.15
32.40004,-1.35
31.20004,-1.05
32.00004,-1.55
34.80005,-0.85
36.80005,1.65
37.40004,4.65
37.50004,7.25
37.40004,8.85
36.70004,9.45
36.10004,8.35
36.10004,6.25
36.50004,4.05
36.60004,2.25
35.90004,0.45
35.30005,-2.05
35.50004,-5.15
36.80005,-7.95
38.90004,-10.05
40.60004,-11.65
41.90004,-13.45
44.00004,-15.75
46.60004,-18.55
49.20004,-21.15
52.90004,-22.75
55.60004,-23.05
54.80005,-21.75
52.50004,-19.05
51.50004,-15.05
50.90004,-11.25
49.10004,-7.35
46.50004,-3.25
45.00004,0.35
44.20004,3.35
43.50004,5.75
42.70004,7.45
42.90004,9.150001
43.70004,11.25
45.00004,13.85
46.50004,17.05
48.50004,20.35
50.30005,23.55
51.20004,26.15
50.50004,28.05
47.80005,28.05
43.60004,26.35
38.40004,22.65
32.90004,17.85
28.30004,11.75
24.40004,5.35
20.70004,-1.05
16.40004,-7.75
49.40004,2.65
50.90004,6.85
52.20004,10.35
52.80005,13.65
51.30005,16.15
47.80005,17.15
43.20004,15.55
39.20004,12.45
36.60004,8.650001
34.80005,5.05
33.30005,1.75
32.00004,-1.55
31.30004,-4.75
32.10004,-6.95
34.20004,-6.85
35.40004,-5.15
34.60004,-4.15
33.30005,-4.05
33.40004,-4.15
35.40004,-3.95
38.30005,-2.15
39.50004,1.05
39.00004,3.75
38.80005,5.25
39.30005,6.05
39.60004,6.55
40.00004,5.75
41.20004,4.15
42.70004,1.95
44.00004,0.25
44.20004,-1.05
43.80005,-2.25
43.30005,-4.35
43.50004,-6.95
45.10004,-9.95
47.10004,-12.75
48.70004,-15.45
50.50004,-17.95
51.80005,-19.65
52.30005,-20.45
52.60004,-21.05
52.30005,-20.85
49.70004,-18.95
46.30005,-15.15
43.60004,-10.25
41.40004,-6.35
39.60004,-3.25
38.00004,-0.35
36.60004,2.05
35.00004,4.25
34.00004,5.85
33.50004,6.75
34.00004,7.95
34.90004,9.95
36.20004,12.45
37.60004,15.45
39.40004,18.45
41.60004,21.55
44.40004,24.45
46.90004,27.45
48.20004,29.15
47.70004,29.45
44.40004,27.25
39.00004,23.05
32.90004,16.95
27.90004,10.25
24.20004,3.85
20.60004,-2.25
42.60004,1.65
44.70004,5.85
45.80005,9.650001
47.30005,12.85
48.70004,15.15
48.90004,16.65
47.30005,16.55
44.60004,14.95
41.40004,11.75
38.50004,7.65
36.50004,3.35
35.40004,-0.65
35.20004,-3.65
35.60004,-4.95
35.80005,-4.25
35.10004,-3.45
33.90004,-4.15
33.60004,-5.65
35.60004,-6.75
38.70004,-6.15
40.60004,-3.45
40.50004,-0.45
39.90004,1.05
40.10004,1.75
41.00004,2.45
41.50004,2.95
42.40004,2.65
43.60004,1.45
45.60004,-0.95
48.30005,-3.35
50.90004,-4.35
52.20004,-4.15
51.70004,-4.15
50.70004,-5.25
50.80005,-7.85
51.30005,-11.05
51.40004,-14.55
51.60004,-18.15
51.90004,-20.15
50.60004,-20.45
47.70004,-19.05
44.20004,-16.45
40.70004,-13.15
37.60004,-9.45
34.90004,-5.45
32.50004,-3.15
31.20004,-1.55
30.10004,-0.35
28.90004,1.45
27.30004,3.65
26.00004,5.25
25.50004,5.85
26.40004,5.85
28.40004,6.75
30.60004,8.85
32.00004,11.95
33.00004,15.05
34.20004,18.25
36.40004,21.35
39.00004,24.55
41.90004,27.45
44.40004,29.75
45.50004,30.15
43.90004,28.35
39.20004,23.15
33.40004,15.75
28.70004,8.25
25.10004,1.85
35.40004,2.35
37.70004,4.85
38.80005,7.45
40.10004,10.35
42.40004,13.05
44.80005,15.45
46.60004,16.55
47.00004,16.65
44.90004,14.35
41.70004,10.25
39.10004,5.05
38.10004,-5.00E-02
38.30005,-2.85
38.40004,-3.65
37.40004,-3.05
36.00004,-3.25
35.20004,-4.75
36.10004,-6.75
39.40004,-8.25
43.10004,-7.35
44.00004,-4.55
43.20004,-2.25
43.00004,-1.55
43.60004,-0.95
44.20004,-0.15
44.40004,0.45
44.50004,0.35
44.70004,-0.45
45.50004,-3.15
48.20004,-6.25
52.30005,-8.05
55.80005,-7.95
56.90004,-7.25
56.90004,-6.55
56.60004,-6.05
55.30005,-5.95
51.90004,-7.05
48.40004,-9.75
46.60004,-12.05
43.80005,-12.25
38.00004,-10.75
32.20004,-8.150001
28.00004,-4.65
24.90004,-1.75
22.90004,1.75
21.60004,4.25
20.80004,4.75
20.20004,3.65
19.80004,3.25
19.10004,3.85
17.90004,4.75
16.80004,5.35
17.60004,4.85
20.40004,4.55
24.30004,5.85
26.90004,8.650001
28.10004,11.95
29.00004,15.05
30.50004,17.85
32.30005,20.75
34.70004,23.65
37.40004,26.75
40.70004,29.05
43.10004,30.45
42.70004,28.65
39.50004,22.85
34.70004,14.15
30.60004,6.15
30.00004,2.35
31.50004,3.65
32.80005,4.65
34.70004,6.45
36.80005,9.05
38.60004,11.75
40.70004,13.95
42.80005,15.35
43.40004,14.95
42.20004,12.45
40.30005,7.55
39.40004,2.05
40.00004,-1.85
40.80005,-3.85
40.90004,-4.55
40.80005,-5.25
41.20004,-6.35
42.60004,-7.55
45.50004,-8.05
48.10004,-7.15
48.60004,-5.65
48.00004,-4.45
48.40004,-3.75
49.40004,-2.85
50.00004,-1.85
50.00004,-1.25
49.70004,-1.45
49.40004,-2.35
49.30005,-4.15
50.30005,-6.55
53.10004,-8.75
56.00004,-10.35
58.50004,-11.25
61.10004,-11.15
63.20004,-9.150001
62.80005,-6.35
59.20004,-3.95
55.80005,-1.95
55.00004,0.35
52.80005,2.55
47.10004,5.05
39.60004,7.15
31.80004,8.45
23.40004,8.150001
16.00004,7.95
10.10004,7.95
6.700043,7.55
5.700043,6.55
6.600043,4.95
7.700043,3.75
8.600043,3.45
8.900043,3.85
9.400043,3.65
11.40004,3.15
15.60004,3.85
19.80004,6.15
22.10004,9.45
23.30004,12.55
24.70004,14.95
26.60004,17.05
29.00004,19.65
31.30004,22.85
33.80005,25.35
36.50004,27.35
38.90004,28.65
39.90004,27.55
38.80005,21.25
36.70004,12.35
26.70004,0.45
27.40004,1.75
28.70004,2.75
30.70004,4.15
32.80005,5.55
34.00004,7.05
35.10004,8.650001
37.00004,10.25
39.00004,11.05
40.10004,10.65
39.80005,7.75
39.80005,3.15
41.30005,-1.95
43.60004,-5.55
45.60004,-7.05
46.70004,-7.55
47.40004,-8.05
48.70004,-8.150001
50.30005,-7.95
51.50004,-7.45
51.80005,-7.55
52.00004,-7.65
53.20004,-7.15
54.80005,-5.75
55.50004,-4.25
55.00004,-3.45
54.70004,-4.15
55.50004,-5.25
56.10004,-6.25
56.60004,-7.25
57.90004,-9.150001
60.10004,-11.55
63.00004,-13.65
66.80004,-14.65
70.10004,-13.95
70.90005,-11.65
68.50005,-7.95
66.30004,-2.95
65.60004,3.05
63.70004,8.85
60.10004,14.15
55.60004,18.75
49.00004,22.05
39.70004,22.65
28.00004,20.15
15.30004,15.35
3.500043,9.650001
-4.099957,5.55
-6.099957,2.85
-5.599957,0.55
-2.999957,-0.55
4.27E-05,-5.00E-02
2.100043,0.95
3.800043,1.35
7.200043,1.65
11.40004,3.25
14.90004,6.45
17.00004,10.15
18.50004,12.55
20.60004,14.05
23.50004,15.85
26.10004,19.15
28.20004,22.05
30.10004,23.85
32.20004,24.95
34.30005,26.45
36.70004,25.35
38.70004,19.65
23.70004,-1.45
24.70004,-0.35
25.70004,0.85
27.30004,2.25
29.50004,3.15
31.10004,3.95
32.20004,4.75
33.40004,5.55
35.30005,5.65
37.10004,5.25
37.80005,3.55
38.10004,0.65
39.80005,-3.85
42.70004,-8.25
46.10004,-10.75
48.60004,-11.15
49.40004,-10.75
50.40004,-10.55
51.80005,-10.35
52.70004,-10.15
53.40004,-10.25
54.30005,-10.25
56.00004,-9.95
57.60004,-8.95
57.70004,-7.65
56.00004,-6.75
54.70004,-6.65
55.40004,-7.15
56.60004,-7.95
56.80005,-8.75
57.60004,-10.35
59.60004,-12.95
62.00004,-15.25
64.50005,-16.45
66.20004,-16.25
66.00005,-14.45
63.50004,-10.85
59.90004,-5.85
57.00004,0.35
53.80005,7.25
50.40004,13.45
48.00004,19.05
46.90004,25.25
44.90004,32.05
39.20004,36.15
29.80004,34.95
16.50004,26.35
2.800043,14.85
-7.299957,5.85
-12.89996,-0.65
-13.09996,-5.15
-10.19996,-7.25
-5.799957,-5.85
-1.999957,-3.25
1.200043,-1.65
4.800043,-0.25
8.400043,2.45
11.00004,6.45
13.10004,10.15
15.60004,12.35
18.40004,13.35
20.80004,15.55
22.80004,19.15
24.70004,21.75
26.40004,21.75
27.40004,21.25
29.20004,21.75
32.30005,21.45
20.70004,-2.05
21.90004,-1.55
22.70004,-0.85
23.80004,0.15
25.90004,0.95
28.30004,1.65
29.90004,2.35
30.90004,2.95
32.40004,2.45
34.30005,1.15
35.40004,-0.85
35.80005,-2.95
36.30005,-5.75
37.80005,-9.45
41.50004,-13.25
45.80005,-15.15
48.10004,-14.85
49.50004,-14.15
51.40004,-14.15
53.10004,-13.65
54.20004,-12.75
55.30005,-11.55
56.70004,-10.35
57.60004,-9.35
56.90004,-8.85
54.70004,-8.150001
52.60004,-7.25
52.30005,-6.75
52.80005,-6.55
52.30005,-6.55
52.10004,-6.85
52.50004,-8.150001
52.40004,-9.55
51.80005,-10.35
50.50004,-9.85
48.50004,-9.05
45.60004,-7.85
42.80005,-6.65
42.80005,-3.95
43.00004,1.55
40.30005,7.95
37.80005,12.95
37.90004,19.15
37.60004,28.75
34.40004,39.35
30.00004,46.85
23.60004,43.95
13.40004,31.55
0.4000427,16.95
-10.69996,5.65
-16.39996,-3.45
-17.19996,-11.45
-13.19996,-14.15
-7.899957,-11.35
-3.299957,-6.75
0.6000428,-3.65
3.900043,-1.25
6.600043,2.45
9.100043,6.95
11.70004,10.35
14.40004,11.45
16.30004,12.85
17.70004,15.85
19.20004,19.55
20.90004,20.15
22.20004,17.95
22.70004,15.85
24.00004,16.35
17.00004,-2.35
18.40004,-2.75
19.60004,-2.75
20.40004,-2.15
21.90004,-1.15
24.00004,-0.45
26.30004,-0.25
28.00004,5.00E-02
29.40004,-0.25
31.20004,-1.55
33.00004,-3.65
34.30005,-5.45
34.70004,-6.75
35.00004,-8.35
37.20004,-11.55
41.20004,-15.25
44.60004,-17.05
46.20004,-17.15
47.50004,-16.75
48.70004,-16.05
49.30005,-14.55
49.50004,-12.45
49.90004,-10.45
49.90004,-8.95
49.30005,-8.35
48.10004,-8.05
46.90004,-7.35
46.60004,-6.55
47.00004,-5.45
46.80005,-3.85
46.30005,-1.95
45.80005,-0.55
45.20004,0.45
44.20004,1.45
42.30005,2.65
39.90004,3.05
36.30005,1.75
32.80005,-0.55
33.50004,-1.05
36.20004,2.15
35.60004,8.35
32.70004,13.15
32.90004,16.45
33.20004,23.15
28.60004,34.25
22.50004,45.65
19.00004,50.55
14.90004,43.65
6.000043,28.05
-4.999958,14.05
-13.29996,3.25
-17.19996,-8.05
-16.09996,-17.65
-11.99996,-20.25
-6.599957,-14.45
-1.699957,-7.95
1.800043,-3.95
4.300043,-0.45
6.600043,3.65
8.700043,7.45
10.80004,9.25
12.60004,10.25
13.70004,12.45
14.40004,16.15
15.50004,18.25
17.00004,16.65
18.30004,12.75
18.90004,10.65
12.60004,-3.15
14.20004,-4.25
16.00004,-5.05
17.40004,-4.85
18.40004,-3.95
19.70004,-2.85
21.80004,-2.55
24.10004,-2.45
25.90004,-2.95
27.70004,-4.15
29.90004,-6.05
32.40004,-7.75
33.80005,-8.95
34.50004,-9.25
35.10004,-10.55
37.30005,-13.65
39.90004,-17.05
40.90004,-18.65
40.50004,-18.35
40.20004,-17.25
40.10004,-15.85
39.50004,-13.95
38.80005,-12.25
38.20004,-10.75
37.80005,-9.75
37.40004,-8.95
37.10004,-8.25
37.10004,-7.45
37.50004,-6.55
37.50004,-4.95
36.90004,-3.15
36.20004,-1.35
36.30005,0.35
36.30005,2.35
35.60004,4.35
34.30005,5.95
33.00004,5.85
31.90004,4.95
32.40004,5.35
33.90004,8.45
32.00004,14.55
27.70004,19.15
28.20004,19.75
31.50004,23.75
27.70004,33.85
19.60004,44.75
15.40004,51.85
13.50004,50.05
8.000043,36.95
-0.8999573,21.55
-9.199958,8.85
-13.79996,-3.05
-14.09996,-16.75
-12.29996,-25.85
-7.999958,-22.35
-2.799957,-13.35
1.200043,-6.85
3.800043,-2.65
5.500043,1.15
6.000043,5.05
6.800043,7.05
8.700043,7.65
10.50004,9.25
11.00004,13.25
11.50004,15.65
12.60004,14.15
14.30004,10.25
15.70004,7.45
9.000043,-3.75
10.00004,-5.45
12.10004,-6.85
14.20004,-7.45
15.60004,-6.85
16.50004,-5.65
17.70004,-4.95
19.60004,-4.75
21.70004,-5.25
23.50004,-6.35
25.80004,-8.25
28.40004,-10.05
30.80004,-11.85
32.20004,-13.15
32.30005,-13.65
32.30005,-14.45
33.20004,-16.55
33.70004,-18.35
32.60004,-18.25
31.30004,-16.65
30.40004,-14.15
29.40004,-11.85
28.70004,-10.55
28.00004,-9.75
27.50004,-9.25
27.00004,-8.650001
26.70004,-7.95
26.70004,-7.25
27.20004,-6.55
27.70004,-5.85
27.60004,-4.95
27.30004,-4.05
27.50004,-2.75
27.80004,-1.05
27.10004,0.95
25.10004,3.25
24.90004,4.95
26.20004,6.25
27.90004,7.05
28.90004,9.45
27.80004,14.65
24.30004,20.35
24.90004,23.15
28.80004,27.85
25.60004,36.05
17.80004,44.35
13.90004,50.95
12.90004,51.55
10.00004,42.05
4.200043,28.45
-2.799957,13.75
-7.199957,-5.00E-02
-7.799957,-14.75
-7.499958,-26.85
-5.399957,-26.65
-1.799957,-18.35
1.900043,-10.45
4.400043,-5.05
4.800043,-0.65
3.400043,3.55
3.200043,5.65
5.300043,6.35
7.500043,8.25
8.200043,12.15
9.100043,13.05
10.50004,9.95
12.20004,6.45
14.10004,5.05
7.100043,-4.35
7.500043,-6.15
9.100043,-8.05
11.30004,-9.25
13.30004,-9.05
14.40004,-7.65
14.80004,-6.65
15.90004,-6.55
17.70004,-7.05
19.50004,-8.25
21.70004,-10.35
24.20004,-12.15
26.20004,-13.85
27.80004,-15.85
28.20004,-17.25
27.40004,-17.35
26.60004,-17.05
26.40004,-16.55
25.80004,-14.75
24.50004,-11.55
23.20004,-7.55
21.90004,-4.65
21.10004,-3.25
20.30004,-3.05
19.40004,-3.35
18.50004,-4.25
17.90004,-4.95
17.90004,-5.55
18.90004,-5.85
20.50004,-5.55
22.00004,-4.45
22.90004,-2.85
23.40004,-0.95
24.00004,1.05
23.60004,2.85
21.80004,4.25
20.50004,6.05
20.50004,7.65
22.00004,7.75
23.30004,8.150001
24.70004,11.05
23.50004,16.25
24.10004,23.05
26.00004,30.15
23.00004,35.15
16.90004,40.65
13.80004,47.55
13.40004,49.55
12.90004,42.65
10.80004,32.35
6.100043,18.55
2.200043,2.05
1.200043,-13.45
0.6000428,-25.25
0.1000427,-26.85
1.100043,-20.75
3.200043,-13.05
4.700043,-6.75
3.700043,-2.05
1.100043,1.85
0.8000427,4.25
2.900043,6.25
4.500043,9.150001
5.200043,12.25
7.800043,10.15
10.70004,4.95
12.50004,2.15
14.60004,2.35
6.800043,-5.45
7.200043,-7.25
8.700043,-9.25
10.60004,-10.35
12.70004,-9.75
14.00004,-7.85
14.20004,-6.65
14.40004,-6.95
15.60004,-7.85
16.70004,-8.85
18.70004,-11.25
21.40004,-13.75
23.00004,-15.05
23.70004,-16.35
24.20004,-17.95
24.00004,-18.55
23.00004,-17.15
21.90004,-14.15
20.80004,-10.25
19.40004,-6.45
18.10004,-3.75
16.70004,-1.85
15.50004,-0.55
14.40004,0.25
13.20004,0.65
11.80004,0.35
10.80004,-0.55
10.30004,-1.95
10.80004,-3.65
12.30004,-4.95
14.60004,-4.55
16.60004,-2.75
17.80004,-0.35
18.00004,1.95
17.40004,4.05
17.50004,5.45
17.60004,6.55
17.20004,7.75
19.00004,7.75
20.60004,8.95
22.90004,10.25
23.90004,12.55
24.30004,19.45
23.40004,26.85
20.90004,30.75
17.60004,35.35
15.50004,42.55
16.00004,45.45
16.90004,39.65
16.70004,31.35
15.30004,19.75
13.70004,3.95
12.80004,-11.35
10.40004,-21.35
6.800043,-22.55
4.700043,-17.95
4.900043,-11.55
4.900043,-6.45
2.600043,-2.85
4.27E-05,0.55
4.27E-05,3.75
1.300043,6.75
2.200043,9.35
4.100043,9.85
9.100043,5.35
13.10004,5.00E-02
14.90004,-1.25
17.60004,-0.75
7.100043,-6.45
8.300043,-8.75
10.30004,-10.65
12.30004,-10.85
14.20004,-9.45
15.40004,-7.25
15.40004,-6.45
15.50004,-7.45
16.00004,-8.55
16.30004,-8.55
17.10004,-9.95
19.10004,-12.55
20.70004,-14.25
21.10004,-14.35
21.10004,-14.15
21.10004,-13.65
20.50004,-12.35
19.10004,-9.95
17.30004,-7.25
15.50004,-4.95
14.00004,-3.75
12.40004,-2.85
10.80004,-1.75
9.200043,-0.65
7.700043,0.25
6.200043,0.75
5.000043,0.55
4.200043,-0.15
3.900043,-1.75
4.200043,-3.75
5.700043,-5.05
8.000043,-4.65
10.40004,-3.45
11.80004,-1.45
11.60004,1.05
12.70004,3.65
14.50004,5.25
15.50004,6.05
17.20004,6.35
18.50004,8.95
20.90004,10.05
23.60004,11.05
24.70004,15.75
23.30004,21.95
21.70004,26.65
19.80004,31.75
18.40004,37.85
19.90004,40.75
21.30004,35.05
21.30004,26.95
22.00004,17.55
22.90004,5.55
21.90004,-6.05
17.90004,-13.25
12.30004,-13.85
8.600043,-10.85
7.200043,-7.55
5.200043,-5.15
2.200043,-2.45
0.6000428,1.15
1.100043,4.25
1.900043,6.35
3.400043,6.55
7.500043,4.45
13.10004,-0.65
16.50004,-3.65
18.40004,-3.65
22.20004,-4.45
9.100043,-7.15
11.00004,-10.45
13.70004,-11.25
15.70004,-10.35
17.20004,-8.95
18.10004,-7.55
18.20004,-7.65
18.70004,-8.75
19.40004,-9.35
19.10004,-8.650001
18.70004,-8.45
19.10004,-9.45
20.10004,-10.55
20.70004,-10.25
20.90004,-8.650001
20.70004,-7.15
20.00004,-6.15
18.80004,-5.25
17.20004,-4.45
15.20004,-3.45
13.50004,-2.55
11.90004,-1.65
10.40004,-0.85
8.500043,-5.00E-02
6.400043,0.35
4.000043,0.45
1.800043,-5.00E-02
4.27E-05,-0.75
-0.8999573,-1.95
-0.8999573,-3.55
-0.2999573,-5.15
0.6000428,-6.05
3.400043,-6.35
6.800043,-4.75
8.300043,-1.95
10.10004,0.95
13.20004,3.65
15.40004,4.75
16.10004,3.95
16.50004,5.55
18.60004,8.45
21.80004,11.25
24.40004,14.55
25.50004,18.45
25.00004,22.85
22.80004,27.35
21.70004,32.15
24.50004,34.65
27.20004,30.05
27.40004,22.25
27.50004,14.25
27.30004,6.35
25.60004,-0.35
21.90004,-4.65
17.60004,-5.65
14.40004,-4.75
12.00004,-3.55
9.400043,-1.95
7.700043,0.45
7.300043,2.75
8.100043,3.85
9.200043,3.75
11.70004,2.15
15.50004,-0.95
18.50004,-4.25
19.90004,-5.15
22.80004,-6.15
27.70004,-9.150001
13.10004,-7.85
15.50004,-11.35
17.90004,-10.65
19.00004,-9.150001
20.00004,-9.25
20.80004,-9.35
21.60004,-9.75
23.10004,-10.05
24.00004,-9.85
23.50004,-8.95
23.00004,-8.45
23.10004,-8.150001
23.80004,-7.95
24.40004,-7.15
24.70004,-6.05
24.10004,-4.85
22.80004,-3.75
21.00004,-2.65
18.90004,-1.75
16.50004,-1.15
14.30004,-0.85
12.40004,-0.55
10.90004,-5.00E-02
9.200043,0.75
7.200043,1.55
4.900043,1.95
2.100043,1.35
-1.099957,-5.00E-02
-3.599957,-2.25
-4.499958,-4.25
-4.199957,-5.95
-3.599957,-7.25
-1.599957,-7.65
1.500043,-5.95
4.200043,-3.75
7.800043,-1.35
12.30004,1.85
15.10004,4.05
15.30004,1.75
14.90004,1.35
15.80004,5.65
17.80004,11.15
21.20004,14.25
24.60004,16.95
26.00004,19.75
25.40004,21.95
27.20004,23.35
32.10004,25.25
35.70004,24.05
37.10004,19.55
37.10004,13.55
35.80005,7.95
33.80005,3.75
31.30004,1.15
28.40004,0.45
26.00004,0.85
23.50004,1.95
21.30004,3.05
19.90004,3.45
19.00004,3.25
18.90004,2.55
19.90004,1.65
21.30004,-0.55
22.30004,-3.45
22.30004,-5.05
23.30004,-5.85
27.50004,-9.55
32.40004,-14.15
18.50004,-8.05
20.70004,-10.55
21.50004,-9.75
21.30004,-9.650001
22.20004,-11.05
23.30004,-11.85
24.90004,-11.55
26.60004,-10.65
27.10004,-9.75
26.70004,-9.25
26.90004,-8.95
27.70004,-8.45
28.20004,-7.45
27.90004,-6.25
27.00004,-5.25
25.50004,-3.65
23.50004,-1.05
20.80004,1.45
18.20004,2.75
15.60004,2.85
13.00004,1.85
10.60004,0.75
8.600043,0.45
6.900043,1.35
5.500043,3.25
4.300043,4.95
2.400043,4.95
-0.4999573,3.25
-3.599957,-0.15
-5.899957,-4.25
-6.299957,-7.45
-5.299957,-9.45
-3.899957,-9.85
-2.199957,-8.55
1.200043,-6.55
6.700043,-4.25
11.80004,-0.35
14.40004,3.45
14.70004,2.15
13.20004,0.65
12.10004,3.75
13.20004,8.05
16.20004,10.65
20.50004,12.55
25.90004,13.75
29.70004,14.05
36.40004,13.45
43.30005,14.95
45.60004,17.45
47.30005,17.45
48.80005,14.65
48.60004,11.45
47.50004,8.75
45.40004,7.05
42.20004,6.25
38.80005,5.85
35.50004,5.75
32.60004,5.55
30.30004,5.05
28.50004,4.15
27.30004,2.85
26.50004,1.05
25.60004,-1.25
24.50004,-3.35
24.70004,-4.75
27.20004,-7.65
31.60004,-13.55
34.70004,-18.35
22.40004,-7.45
24.60004,-9.25
24.10004,-10.05
23.60004,-11.65
24.30004,-13.15
25.50004,-13.45
26.80004,-12.45
27.60004,-10.85
27.40004,-10.15
27.30004,-9.85
28.00004,-9.35
28.40004,-8.25
27.70004,-7.05
26.00004,-5.45
24.10004,-3.15
22.20004,0.35
19.90004,4.35
17.50004,7.35
15.70004,7.85
13.90004,7.15
11.50004,5.65
9.300043,3.75
7.200043,2.55
5.300043,3.15
3.900043,5.35
2.900043,7.65
1.400043,8.05
-0.5999573,6.85
-2.799957,3.35
-5.199957,-1.95
-6.499958,-7.35
-5.799957,-10.95
-4.799957,-12.65
-3.199957,-12.05
0.7000427,-9.85
6.700043,-6.65
10.70004,-1.85
12.60004,3.15
13.40004,4.15
12.10004,2.75
10.20004,2.45
11.30004,3.95
14.60004,4.85
20.40004,4.45
29.60004,3.95
35.60004,4.65
42.50004,6.25
49.20004,9.35
50.60004,12.65
52.30005,14.75
54.40004,14.95
55.40004,14.85
55.30005,14.65
53.80005,14.65
50.90004,14.25
47.30005,13.55
43.30005,12.15
39.40004,10.15
36.40004,7.55
34.20004,5.45
32.20004,3.75
30.30004,1.65
28.30004,-0.45
27.20004,-1.95
28.30004,-4.55
31.10004,-9.95
33.80005,-17.05
34.80005,-20.55
25.00004,-6.25
27.40004,-8.75
27.30004,-10.75
27.00004,-12.25
26.90004,-12.75
26.70004,-12.55
26.50004,-11.75
26.00004,-11.15
25.70004,-10.85
26.10004,-10.05
26.20004,-8.35
25.20004,-6.65
23.30004,-5.25
21.50004,-3.45
20.10004,-0.25
18.00004,3.95
15.20004,7.75
13.30004,9.650001
13.40004,9.25
12.70004,9.05
10.80004,8.650001
9.000043,7.25
7.600043,5.75
5.900043,5.85
4.500043,7.65
3.300043,9.35
2.100043,9.55
0.8000427,8.75
-0.9999573,5.65
-3.299957,0.95
-4.899957,-5.65
-5.399957,-11.05
-4.699957,-13.25
-3.099957,-13.45
0.9000427,-11.95
6.000043,-8.55
8.500043,-3.45
9.400043,1.25
11.40004,3.65
11.90004,2.75
10.20004,0.15
11.60004,-0.55
17.60004,-1.85
25.00004,-3.95
33.30005,-3.35
36.50004,-0.45
39.00004,3.55
43.20004,7.05
44.40004,8.85
46.60004,10.35
49.10004,11.45
49.80005,12.75
50.30005,13.95
49.50004,15.45
47.90004,16.95
45.90004,18.25
43.90004,18.35
41.30005,17.35
38.90004,13.75
37.20004,9.150001
35.70004,6.15
34.20004,4.65
32.80005,3.25
31.80004,1.05
31.90004,-4.35
33.00004,-12.05
34.00004,-18.35
33.20004,-19.55
29.70004,-4.65
31.40004,-7.75
30.90004,-9.650001
29.90004,-10.35
28.50004,-10.35
26.90004,-10.15
25.60004,-10.25
24.50004,-10.25
24.10004,-9.55
24.20004,-7.75
23.30004,-5.25
21.60004,-2.85
20.00004,-0.75
19.20004,1.35
18.00004,3.35
15.10004,5.75
11.70004,8.05
10.70004,8.95
12.20004,8.95
11.90004,10.15
9.700043,11.15
8.200043,10.35
7.100043,8.85
6.100043,8.650001
5.100043,9.45
4.100043,10.15
3.600043,10.15
3.700043,9.75
2.400043,7.75
4.27E-05,3.85
-2.399957,-3.45
-3.999957,-9.95
-3.899957,-12.65
-2.199957,-13.25
1.300043,-12.45
4.900043,-9.150001
5.800043,-4.55
6.500043,-1.05
8.700043,1.65
10.10004,1.35
9.800043,-3.45
13.50004,-6.25
21.70004,-8.150001
28.10004,-9.75
32.60004,-7.35
32.90004,-2.75
33.00004,1.85
36.40004,4.35
36.40004,4.75
37.60004,5.65
40.30005,6.25
40.20004,7.05
40.20004,7.85
39.90004,9.05
39.10004,10.55
38.30005,12.25
38.10004,14.05
37.90004,16.75
37.20004,17.65
37.20004,15.45
37.00004,11.75
36.30005,8.45
35.40004,5.75
34.40004,2.25
33.30005,-4.75
33.40004,-13.55
33.50004,-17.85
31.70004,-15.95
32.60004,-2.95
32.70004,-5.95
31.30004,-7.75
29.30004,-8.45
27.50004,-8.55
26.10004,-8.650001
24.90004,-8.650001
23.60004,-8.35
22.30004,-6.85
21.20004,-4.45
20.10004,-1.75
18.90004,1.35
18.40004,4.35
17.80004,6.15
16.00004,6.45
12.70004,7.25
10.50004,8.05
11.20004,8.150001
12.90004,9.25
11.60004,12.25
8.800043,14.25
6.900043,13.45
5.600043,11.05
5.200043,10.05
5.400043,10.05
4.500043,9.45
3.900043,9.35
4.400043,10.05
5.000043,10.15
4.100043,7.15
1.700043,-0.25
-0.3999573,-7.45
-1.099957,-11.25
-0.5999573,-12.65
1.500043,-11.95
2.800043,-8.55
3.100043,-4.75
4.500043,-2.65
5.800043,-0.15
6.300043,-0.45
9.900043,-8.150001
17.10004,-12.15
23.10004,-10.55
26.20004,-10.55
29.20004,-9.85
28.70004,-6.15
27.60004,-0.85
32.50004,0.95
34.10004,1.05
32.90004,2.65
34.90004,3.35
35.70004,3.65
35.10004,4.45
34.50004,5.55
34.40004,7.05
34.40004,8.55
35.10004,9.45
35.50004,10.95
34.70004,12.65
34.50004,13.85
35.00004,13.75
34.60004,11.65
34.40004,7.15
34.00004,1.95
33.10004,-5.55
32.70004,-13.75
32.20004,-15.35
29.60004,-11.45
32.10004,-3.25
30.30004,-5.25
28.60004,-6.75
27.20004,-7.65
26.00004,-7.85
25.10004,-7.75
23.60004,-7.65
21.90004,-7.05
19.90004,-5.65
18.40004,-3.05
18.20004,5.00E-02
18.20004,3.45
18.10004,5.85
17.40004,7.25
15.20004,7.65
12.10004,7.95
10.40004,8.05
12.30004,8.25
13.80004,10.45
10.80004,14.05
7.200043,16.75
6.000043,16.35
5.200043,12.95
5.700043,11.35
6.500043,10.95
5.200043,9.35
3.100043,7.95
3.100043,8.45
5.300043,9.75
6.600043,8.75
5.600043,3.05
3.800043,-4.15
1.900043,-9.35
0.7000427,-11.75
1.300043,-11.35
1.700043,-8.45
2.300043,-5.55
4.500043,-3.75
5.300043,-1.95
5.300043,-3.75
10.70004,-13.05
18.00004,-15.85
20.70004,-10.65
22.10004,-9.35
24.90004,-10.25
23.50004,-7.65
20.20004,-2.95
25.20004,-1.85
29.20004,-2.35
26.60004,-0.45
27.60004,0.65
30.30004,1.45
30.70004,3.05
30.60004,5.25
30.60004,8.45
30.20004,10.95
31.40004,10.75
33.40004,9.35
33.30005,6.85
33.00004,5.95
33.00004,8.35
32.40004,10.45
32.10004,8.35
32.50004,3.15
31.80004,-4.25
30.20004,-10.65
28.00004,-11.35
24.70004,-8.150001
27.90004,-4.65
27.70004,-6.95
26.30004,-7.55
25.30004,-7.75
24.60004,-7.65
23.00004,-7.15
20.70004,-6.35
18.40004,-5.35
17.10004,-3.85
17.00004,-1.35
18.10004,1.65
18.60004,4.15
18.50004,5.85
17.80004,7.75
15.70004,9.35
12.70004,9.75
10.70004,8.650001
12.50004,9.05
14.70004,11.05
10.80004,13.25
6.700043,16.35
6.100043,17.45
6.800043,13.85
7.900043,11.95
9.000043,12.15
7.600043,10.45
4.400043,7.75
2.900043,6.85
4.700043,7.55
6.900043,7.45
7.300043,4.05
6.000043,-1.45
3.600043,-6.75
1.500043,-9.55
1.400043,-8.85
1.900043,-6.95
3.200043,-5.35
5.700043,-4.25
6.900043,-4.35
7.400043,-8.55
11.20004,-16.65
14.90004,-17.15
16.40004,-12.15
18.20004,-10.45
18.50004,-9.75
15.20004,-7.25
12.60004,-4.25
15.60004,-3.45
18.30004,-3.55
16.00004,-1.65
16.80004,-0.15
19.60004,0.65
21.10004,1.95
22.10004,3.65
21.40004,5.95
20.40004,8.05
22.70004,8.75
26.70004,8.45
28.90004,6.05
30.60004,3.45
32.30005,3.25
32.40004,5.05
31.00004,5.85
31.00004,3.25
31.00004,-2.45
29.20004,-7.25
26.20004,-8.75
23.70004,-8.55
19.20004,-3.85
23.50004,-7.55
23.60004,-7.85
22.20004,-7.35
20.70004,-6.85
19.00004,-5.85
17.20004,-4.45
15.60004,-2.85
16.00004,-1.15
17.60004,0.95
18.80004,3.25
19.20004,4.95
18.90004,6.65
18.10004,8.95
15.70004,10.75
13.20004,11.85
11.50004,10.35
13.80004,9.650001
16.40004,10.25
13.10004,11.25
8.800043,14.45
7.800043,16.45
9.500043,13.35
11.30004,11.25
12.90004,12.15
12.50004,11.75
9.800043,9.35
7.300043,7.45
6.800043,6.55
7.200043,5.45
7.100043,3.05
5.900043,-0.45
3.600043,-4.15
1.600043,-5.85
1.000043,-4.85
1.100043,-3.95
2.500043,-4.35
5.400043,-4.95
7.200043,-7.35
8.700043,-13.45
11.30004,-19.45
11.80004,-17.85
12.50004,-13.65
14.70004,-11.95
14.20004,-10.85
11.60004,-9.25
10.60004,-6.95
11.20004,-4.45
11.20004,-2.55
9.800043,0.25
11.10004,1.55
13.80004,0.95
15.20004,0.45
15.80004,5.00E-02
14.50004,-5.00E-02
14.90004,0.95
18.30004,2.05
21.20004,3.15
22.00004,3.15
23.90004,2.45
27.60004,1.65
29.50004,1.35
27.70004,1.75
27.60004,1.65
28.50004,-0.65
26.70004,-2.95
22.70004,-4.15
19.60004,-5.45
13.70004,-3.75
17.30004,-6.05
17.40004,-6.05
15.90004,-5.85
14.40004,-5.35
13.30004,-4.75
13.30004,-4.25
13.50004,-2.85
14.70004,-1.25
16.30004,0.45
17.70004,2.75
18.10004,5.05
18.00004,6.75
17.00004,9.150001
15.50004,11.25
14.70004,12.15
14.30004,10.25
15.50004,8.150001
16.80004,8.25
13.90004,9.05
11.10004,11.55
10.90004,14.65
14.00004,13.95
17.00004,11.85
17.40004,12.05
16.90004,12.55
16.10004,11.85
14.20004,10.55
11.80004,8.650001
9.800043,6.15
8.000043,2.95
6.000043,-0.15
3.800043,-2.45
1.700043,-3.25
0.9000427,-2.95
0.6000428,-3.45
1.900043,-4.55
4.900043,-6.35
7.000043,-10.95
8.800043,-17.85
11.20004,-21.15
10.80004,-17.85
11.10004,-13.95
13.10004,-11.75
13.50004,-10.55
12.60004,-9.95
12.50004,-7.65
12.50004,-4.05
12.10004,-1.35
11.90004,0.85
14.60004,0.75
17.90004,-1.25
18.90004,-2.95
19.00004,-4.05
18.10004,-3.65
18.80004,-1.95
21.30004,-0.95
21.80004,-0.95
19.70004,-1.25
18.50004,-0.75
19.40004,0.15
19.70004,5.00E-02
18.20004,-0.15
18.20004,0.75
17.90004,1.05
14.40004,0.45
10.00004,-0.35
8.300043,-1.95
12.40004,-4.85
12.60004,-4.75
11.60004,-4.85
11.20004,-5.45
10.90004,-5.35
10.30004,-5.05
10.70004,-4.65
11.10004,-2.85
10.90004,-1.15
11.90004,-5.00E-02
14.10004,1.85
15.00004,4.35
16.10004,5.75
16.00004,7.95
16.40004,10.35
16.60004,10.95
17.60004,8.55
17.60004,6.35
16.10004,7.15
13.20004,7.55
12.90004,8.45
14.30004,12.25
17.40004,14.45
20.40004,13.85
20.20004,13.05
18.70004,13.45
18.40004,13.45
17.30004,12.45
14.60004,10.65
12.80004,8.45
11.20004,5.15
9.100043,1.75
6.900043,-0.65
4.900043,-2.15
3.700043,-3.45
2.800043,-4.65
3.100043,-5.35
5.400043,-7.75
7.200043,-14.05
8.600043,-19.65
11.00004,-19.95
12.10004,-17.05
13.10004,-14.65
14.10004,-11.85
13.70004,-9.35
13.80004,-7.95
15.00004,-5.95
15.90004,-3.45
16.00004,-1.85
16.40004,-0.85
19.30004,-1.85
22.30004,-3.95
22.40004,-5.45
22.10004,-5.75
22.10004,-3.85
22.80004,-0.55
25.00004,1.45
25.70004,1.65
23.40004,0.25
20.20004,-0.15
17.20004,0.25
14.50004,0.35
12.50004,0.15
11.60004,0.15
10.10004,-0.65
7.500043,-2.55
6.000043,-4.55
7.800043,-6.25
11.60004,-4.65
10.70004,-3.65
10.30004,-4.15
11.00004,-5.35
11.20004,-5.45
10.60004,-4.85
10.20004,-3.55
9.300043,-1.05
7.800043,1.15
8.100043,2.05
10.70004,1.75
11.80004,2.15
13.50004,3.45
15.10004,5.85
17.70004,8.25
18.80004,8.95
19.00004,7.35
19.50004,6.05
18.10004,7.35
15.70004,7.45
16.60004,6.85
18.30004,8.35
18.90004,11.05
20.60004,12.95
21.10004,13.65
19.40004,14.35
18.00004,13.85
16.80004,12.45
15.00004,10.65
13.80004,9.150001
13.00004,6.65
11.70004,3.65
10.20004,1.05
8.600043,-1.35
7.100043,-3.45
5.600043,-4.65
5.400043,-5.75
7.200043,-9.85
8.800043,-16.75
9.700043,-19.85
12.10004,-18.15
14.80004,-16.65
16.20004,-14.95
16.00004,-11.65
15.90004,-8.85
17.20004,-6.85
18.80004,-5.55
19.50004,-4.65
19.80004,-4.05
21.00004,-2.85
23.70004,-2.45
25.40004,-3.05
24.70004,-3.45
24.10004,-2.75
24.50004,-0.65
25.60004,2.05
27.70004,4.15
28.80004,5.05
27.60004,4.25
25.10004,3.05
22.00004,1.85
18.70004,0.85
16.50004,5.00E-02
14.90004,-0.65
13.60004,-2.65
12.40004,-5.85
12.20004,-8.45
12.60004,-9.55
11.10004,-2.85
10.40004,-1.45
10.10004,-2.25
10.40004,-4.35
10.20004,-4.65
9.500043,-3.35
8.900043,-1.75
7.800043,0.55
6.500043,3.25
6.600043,4.55
8.100043,2.65
9.400043,0.65
11.10004,1.05
13.00004,3.05
16.90004,5.05
19.30004,6.55
19.60004,6.95
21.10004,6.75
20.90004,6.95
20.20004,6.85
21.90004,5.75
23.30004,5.55
22.80004,8.45
22.40004,12.35
22.10004,13.95
20.20004,14.35
17.80004,13.85
16.40004,12.25
15.20004,10.65
13.80004,9.05
12.40004,6.25
11.60004,3.35
10.60004,1.15
9.500043,-0.75
8.500043,-2.35
7.600043,-3.55
8.200043,-6.25
10.30004,-12.65
11.70004,-19.15
12.40004,-19.75
14.20004,-17.25
16.80004,-16.15
18.20004,-14.15
18.10004,-10.85
18.60004,-8.45
20.00004,-6.85
21.00004,-6.55
22.00004,-6.65
23.30004,-5.95
25.60004,-3.95
28.20004,-2.35
29.00004,-1.65
28.30004,-0.95
27.90004,0.35
28.10004,1.85
28.10004,3.35
28.20004,4.45
28.20004,5.35
27.80004,5.35
27.10004,4.25
25.20004,2.45
22.70004,0.85
20.60004,-0.25
19.20004,-0.55
17.50004,-1.55
16.00004,-4.25
14.90004,-7.15
14.00004,-8.25
11.20004,-2.55
10.10004,-1.15
8.900043,-1.15
7.900043,-2.85
7.900043,-3.55
8.400043,-2.35
8.800043,-0.65
8.400043,1.35
7.500043,4.05
6.400043,5.05
5.500043,3.25
5.300043,0.85
7.200043,5.00E-02
9.100043,0.75
12.50004,1.95
15.10004,3.15
16.10004,5.15
18.40004,6.35
20.40004,5.55
20.60004,5.55
23.50004,6.25
24.60004,7.55
24.70004,12.55
24.90004,17.75
24.20004,17.45
21.70004,15.25
18.90004,14.15
17.70004,13.35
16.50004,12.25
14.40004,10.75
12.70004,7.75
12.10004,4.45
11.90004,2.45
11.30004,1.05
10.80004,-0.85
10.90004,-3.65
12.40004,-8.85
14.30004,-16.05
15.10004,-20.15
15.30004,-18.65
16.70004,-16.25
18.70004,-15.15
20.40004,-12.65
21.00004,-9.75
21.70004,-8.35
22.90004,-7.75
24.40004,-7.85
25.80004,-7.75
26.40004,-6.95
27.40004,-5.35
28.90004,-3.95
29.60004,-2.65
29.50004,-1.15
29.10004,0.75
28.80004,2.55
28.30004,3.75
27.80004,4.15
27.50004,4.45
27.70004,4.65
27.70004,4.25
26.30004,2.55
24.10004,0.35
21.70004,-1.15
19.50004,-0.95
17.60004,-0.25
16.10004,-1.25
15.30004,-4.35
15.30004,-6.15
10.00004,-3.75
9.400043,-2.95
8.300043,-1.45
6.500043,-1.55
6.700043,-2.65
8.700043,-1.65
9.200043,0.65
9.000043,2.95
8.500043,5.45
6.500043,6.35
3.600043,4.15
1.900043,1.35
3.500043,-5.00E-02
5.000043,-0.25
6.300043,-0.35
8.700043,0.15
10.00004,2.15
12.40004,4.45
15.00004,4.25
15.20004,3.75
16.90004,5.95
18.80004,9.150001
19.90004,14.65
23.90004,21.05
25.40004,21.65
23.10004,18.45
20.40004,16.35
19.90004,15.85
18.90004,14.75
16.40004,12.85
14.90004,10.15
15.30004,7.35
15.50004,5.35
15.20004,3.25
14.90004,-0.65
15.50004,-5.85
16.90004,-12.35
17.90004,-18.55
17.90004,-19.65
18.20004,-17.05
19.40004,-15.25
20.90004,-14.05
22.10004,-11.45
22.90004,-9.150001
23.70004,-8.650001
25.30004,-8.45
27.20004,-8.05
28.00004,-7.35
26.90004,-6.85
26.40004,-6.15
27.10004,-4.75
28.00004,-2.65
28.40004,-0.45
28.20004,1.75
27.60004,3.35
27.20004,4.35
27.00004,4.35
27.10004,4.25
27.50004,4.15
27.40004,3.95
26.40004,2.85
24.90004,0.75
23.00004,-1.35
21.00004,-1.95
19.00004,-0.65
17.40004,-0.35
16.70004,-2.75
15.90004,-4.25
7.700043,-0.85
6.900043,-0.95
6.700043,0.55
4.400043,1.05
4.500043,0.45
6.900043,1.85
5.400043,4.15
3.100043,5.45
3.700043,6.35
3.700043,7.95
1.700043,7.65
0.4000427,4.45
1.100043,1.65
1.500043,0.15
1.000043,-1.15
1.700043,-1.75
3.600043,-0.85
5.500043,0.65
7.400043,1.75
7.000043,1.75
7.500043,3.45
9.200043,6.55
12.30004,10.75
19.10004,17.65
24.50004,22.35
24.00004,21.75
21.20004,18.75
20.80004,17.65
20.60004,15.85
18.50004,13.15
17.70004,10.35
18.70004,7.75
19.00004,5.45
18.20004,2.35
18.50004,-3.05
19.80004,-9.35
20.80004,-14.85
20.80004,-18.25
20.50004,-17.75
20.50004,-15.55
21.10004,-14.45
21.90004,-13.45
22.30004,-11.65
22.40004,-10.25
23.00004,-9.85
24.10004,-9.05
25.20004,-7.85
25.10004,-6.95
24.10004,-6.45
23.80004,-5.55
24.50004,-3.75
25.30004,-1.55
25.70004,0.65
25.40004,2.55
24.50004,3.75
23.30004,4.55
22.50004,4.35
22.50004,3.85
22.90004,3.25
22.90004,2.85
22.30004,2.55
21.50004,1.95
21.10004,0.85
20.10004,0.35
18.20004,0.95
16.40004,1.15
15.30004,-0.65
13.80004,-2.05
8.700043,3.15
6.200043,3.05
4.600043,4.35
1.500043,5.45
2.100043,5.45
6.400043,5.65
3.500043,6.25
-2.299957,6.55
-3.299957,5.85
-1.799957,7.75
-1.199957,10.35
-0.7999573,8.25
-0.3999573,4.35
-0.9999573,1.95
-2.299957,-0.15
-2.899957,-1.65
-1.699957,-2.25
0.1000427,-2.35
1.400043,-1.35
0.7000427,-0.55
-1.00E-01,0.45
1.900043,2.85
5.800043,6.65
13.10004,12.35
21.80004,19.95
25.10004,22.75
22.70004,19.55
22.00004,17.95
22.90004,15.85
21.60004,12.45
20.70004,9.35
21.60004,6.55
21.70004,3.65
20.90004,-0.15
21.80004,-6.15
23.70004,-12.15
24.10004,-15.55
23.50004,-16.65
22.80004,-15.85
22.20004,-14.55
22.10004,-13.85
22.30004,-13.15
21.60004,-12.65
20.90004,-11.95
21.00004,-10.95
21.60004,-9.650001
21.80004,-8.45
21.70004,-7.85
21.50004,-7.05
22.00004,-5.95
22.80004,-4.45
23.80004,-2.65
24.20004,-0.75
23.60004,1.65
21.80004,3.55
19.50004,4.65
17.70004,4.25
16.80004,3.45
16.70004,2.55
16.40004,2.05
15.70004,2.05
15.20004,2.55
15.20004,2.75
14.90004,2.95
13.60004,3.15
12.20004,3.25
11.20004,1.85
10.00004,0.25
11.70004,4.15
8.200043,4.85
5.600043,6.65
3.100043,8.55
5.000043,7.45
9.900043,4.85
6.500043,3.35
-1.599957,3.35
-5.899957,2.95
-5.299957,6.25
-3.499957,10.55
-2.699957,9.05
-1.899957,4.75
-2.799957,2.25
-4.399957,1.05
-4.899957,-0.45
-4.399957,-2.25
-4.099957,-3.75
-3.099957,-3.75
-3.299957,-3.25
-3.999957,-2.95
-1.999957,-1.15
1.200043,2.85
6.700043,6.95
16.70004,14.65
24.80004,21.45
25.20004,19.85
24.40004,16.95
26.40004,14.45
26.70004,10.85
25.60004,7.65
26.00004,4.75
26.40004,1.45
26.10004,-2.75
26.60004,-7.85
27.30004,-11.75
26.50004,-13.25
25.20004,-13.45
24.30004,-13.25
23.50004,-13.15
22.80004,-13.15
21.90004,-13.35
20.40004,-13.45
19.40004,-13.05
19.90004,-11.95
20.40004,-10.75
20.30004,-10.45
20.20004,-10.35
20.80004,-10.05
21.80004,-9.25
23.20004,-7.85
24.00004,-5.45
23.30004,-2.05
21.20004,1.85
18.70004,4.65
16.40004,5.85
14.80004,5.55
13.70004,4.85
12.90004,3.55
11.90004,2.45
11.00004,2.05
10.30004,2.45
10.20004,2.85
9.900043,3.25
9.000043,4.25
7.400043,5.25
6.200043,4.65
5.200043,3.15
13.60004,5.75
10.70004,7.65
8.800043,9.650001
8.600043,10.85
10.10004,8.25
11.90004,4.45
7.200043,1.15
-0.5999573,-1.25
-4.699957,-0.95
-4.299957,4.85
-3.899957,9.95
-5.399957,8.85
-5.399957,4.65
-6.199957,2.25
-7.499958,1.45
-6.799957,0.15
-5.499958,-2.45
-5.599957,-4.85
-6.099957,-5.05
-6.799957,-5.45
-6.999958,-5.95
-4.599957,-4.85
-1.799957,-0.65
1.700043,2.45
10.10004,8.25
21.30004,17.85
26.90004,19.75
27.20004,16.05
29.40004,12.65
31.50004,9.55
31.00004,6.65
31.00004,3.95
31.30004,0.35
30.70004,-3.15
29.60004,-5.75
28.30004,-7.15
26.80004,-8.05
25.30004,-8.55
24.40004,-9.55
23.70004,-10.85
22.60004,-12.35
21.10004,-13.35
19.50004,-13.95
19.00004,-13.55
19.90004,-12.85
20.40004,-12.45
20.00004,-13.05
20.20004,-13.45
21.40004,-13.35
23.20004,-12.55
24.00004,-9.85
23.00004,-5.75
20.00004,-1.05
17.00004,3.45
14.80004,6.55
13.00004,8.25
11.60004,8.35
10.80004,8.05
10.20004,6.65
9.300043,4.65
8.600043,2.65
7.900043,2.05
7.200043,2.35
6.500043,3.45
5.500043,5.45
4.000043,7.35
2.700043,7.05
2.100043,5.45
15.00004,8.55
12.50004,10.35
12.20004,11.55
14.50004,10.95
14.20004,6.75
10.70004,2.75
5.500043,-1.25
0.9000427,-5.85
-1.299957,-4.25
-2.099957,3.75
-4.299957,8.650001
-7.899957,8.25
-9.099957,5.65
-9.699958,3.15
-10.19996,1.75
-8.799957,0.15
-5.899957,-2.65
-4.499958,-4.85
-5.999958,-5.15
-9.299957,-7.25
-9.999957,-8.55
-6.799957,-8.05
-3.699957,-4.05
-0.7999573,-0.95
4.800043,2.25
14.60004,10.85
24.70004,17.15
28.70004,15.85
29.70004,11.85
31.00004,9.25
30.80004,7.55
30.10004,5.15
29.90004,1.85
28.70004,-1.05
27.00004,-2.35
25.80004,-3.45
25.50004,-5.05
24.90004,-6.55
24.00004,-8.05
23.00004,-9.95
22.10004,-11.95
21.20004,-13.35
20.60004,-14.05
20.60004,-14.05
21.30004,-14.05
21.30004,-14.35
21.20004,-14.95
21.90004,-15.25
23.40004,-14.65
24.00004,-12.55
22.30004,-8.650001
19.00004,-4.35
15.90004,-0.45
14.10004,3.75
12.90004,7.85
10.90004,10.45
8.500043,10.65
7.100043,10.25
7.300043,9.95
7.300043,8.150001
7.000043,5.15
6.200043,2.95
5.300043,2.65
4.700043,3.85
4.600043,6.25
3.900043,8.25
2.800043,7.85
2.200043,6.15
7.600043,11.15
6.700043,10.95
9.400043,10.05
15.20004,8.85
16.60004,3.75
12.40004,-2.05
7.600043,-6.65
3.800043,-9.25
-0.6999573,-3.45
-4.999958,6.65
-8.099957,10.05
-10.29996,8.650001
-10.79996,6.45
-11.09996,3.85
-10.49996,1.95
-8.399958,-5.00E-02
-5.699957,-2.95
-3.699957,-4.95
-6.499958,-5.65
-11.19996,-8.45
-11.29996,-10.75
-7.799957,-10.35
-4.799957,-7.15
-2.199957,-3.75
1.500043,-1.95
8.100043,3.25
18.70004,11.85
27.30004,15.35
29.20004,12.45
28.80004,9.55
27.70004,7.75
26.60004,5.65
26.20004,2.75
25.70004,5.00E-02
25.10004,-1.55
25.10004,-3.25
25.80004,-5.65
25.70004,-7.55
24.60004,-9.05
23.30004,-10.35
23.00004,-11.85
23.20004,-13.15
23.40004,-14.05
23.30004,-14.45
23.30004,-14.95
23.10004,-15.45
23.40004,-15.85
24.30004,-15.55
24.20004,-13.85
22.30004,-10.65
18.50004,-6.85
14.90004,-3.55
12.50004,-0.25
10.90004,4.35
9.300043,9.650001
7.600043,12.85
5.800043,12.05
4.900043,10.75
5.600043,10.85
6.600043,10.35
6.400043,8.05
5.500043,5.55
4.500043,4.45
4.400043,4.65
5.300043,6.45
5.500043,8.25
5.000043,8.25
4.400043,6.65
-6.599957,15.65
-5.999958,12.05
-2.199957,8.150001
4.400043,6.55
9.700043,3.05
10.70004,-2.65
7.900043,-5.95
2.300043,-4.55
-4.699957,4.15
-9.599957,12.55
-10.89996,12.95
-10.29996,9.95
-9.799957,6.75
-9.999957,3.95
-9.299957,2.05
-8.199958,-0.15
-5.999958,-2.85
-4.699957,-4.95
-7.499958,-5.85
-11.49996,-9.650001
-10.49996,-12.45
-7.199957,-12.15
-4.599957,-9.650001
-2.899957,-6.65
0.4000427,-4.35
4.600043,-1.65
11.30004,4.85
20.40004,11.35
26.90004,12.35
29.30004,10.15
28.80004,7.45
27.70004,4.85
27.30004,2.25
27.20004,0.15
26.80004,-1.45
26.50004,-3.05
26.90004,-5.15
26.90004,-7.35
26.30004,-9.05
25.50004,-10.25
25.70004,-11.25
26.20004,-12.35
26.30004,-13.45
25.90004,-14.35
25.70004,-15.15
25.70004,-15.75
25.60004,-15.55
24.70004,-14.15
21.90004,-11.35
17.80004,-7.85
13.80004,-4.05
10.40004,-5.00E-02
7.000043,4.45
3.700043,9.35
1.800043,13.75
1.800043,15.35
3.300043,13.15
4.200043,10.55
5.400043,10.25
7.100043,10.05
7.400043,8.45
6.400043,6.75
5.100043,5.75
4.600043,5.75
5.300043,6.75
5.900043,7.95
6.400043,7.85
6.600043,6.05
