U,V
7.400006,-3.295349
7.500006,-3.095349
7.500006,-2.895349
7.600006,-2.695349
7.700006,-2.495349
7.700006,-2.295349
7.800006,-2.095349
7.900006,-1.895349
7.900006,-1.695349
7.900006,-1.495349
8.000007,-1.195349
8.000007,-0.9953491
8.000007,-0.7953491
8.100006,-0.5953491
8.100006,-0.3953491
8.100006,-0.1953491
8.100006,4.65E-03
8.100006,0.2046509
8.100006,0.4046509
8.000007,0.6046509
8.000007,0.9046509
8.000007,1.104651
8.000007,1.304651
7.900006,1.504651
7.900006,1.704651
7.800006,1.904651
7.800006,2.104651
7.700006,2.304651
7.700006,2.504651
7.600006,2.704651
7.500006,2.904651
7.500006,3.104651
7.400006,3.304651
7.300006,3.504651
7.200006,3.704651
7.100006,3.904651
7.000006,4.004651
6.900006,4.204651
6.800006,4.404651
6.600006,4.604651
6.500006,4.804651
6.400006,4.904651
6.300006,5.104651
6.100006,5.304651
6.000006,5.404651
5.800006,5.604651
5.700006,5.704651
5.500006,5.904651
5.400006,6.004651
5.200006,6.104651
5.100006,6.304651
4.900006,6.404651
4.700006,6.504651
4.600006,6.704651
4.400006,6.804651
4.200006,6.904651
4.000006,7.004651
3.800006,7.104651
3.600006,7.204651
3.500006,7.304651
3.300006,7.404651
3.100006,7.504651
2.900006,7.504651
2.700006,7.604651
2.500006,7.704651
2.300006,7.704651
2.100006,7.804651
1.900006,7.904651
4.300006,-0.9953491
4.300006,-0.8953491
4.300006,-0.7953491
4.200006,-0.5953491
4.300006,-0.4953491
4.200006,-0.3953491
4.200006,-0.2953491
4.200006,-0.1953491
4.200006,4.65E-03
4.100006,0.1046509
4.200006,0.2046509
4.100006,0.3046509
4.100006,0.4046509
4.100006,0.5046509
4.100006,0.7046509
4.100006,0.7046509
4.100006,0.9046509
4.000006,1.004651
4.100006,1.104651
4.000006,1.204651
4.000006,1.404651
4.000006,1.504651
4.000006,1.604651
4.000006,1.704651
4.000006,1.804651
3.900006,1.904651
4.000006,2.104651
3.900006,2.204651
4.000006,2.304651
3.900006,2.404651
4.000006,2.604651
3.900006,2.704651
3.900006,2.804651
3.900006,2.904651
3.900006,3.104651
3.800006,3.104651
3.800006,3.304651
3.800006,3.404651
3.800006,3.604651
3.700006,3.704651
3.700006,3.804651
3.600006,3.904651
3.600006,4.004651
3.500006,4.204651
3.500006,4.304651
3.400006,4.404651
3.400006,4.504651
3.300006,4.704651
3.300006,4.804651
3.200006,4.904651
3.200006,5.004651
3.100006,5.104651
3.000006,5.204651
2.900006,5.304651
2.900006,5.504651
2.800006,5.504651
2.700006,5.704651
2.600006,5.704651
2.500006,5.804651
2.400006,5.904651
2.300006,6.004651
2.200006,6.104651
2.100006,6.204651
2.000006,6.204651
2.000006,6.304651
1.800006,6.404651
1.700006,6.504651
1.600006,6.504651
-3.799994,0.8046509
-3.899994,0.7046509
-3.899994,0.7046509
-3.999994,0.7046509
-4.099994,0.6046509
-4.099994,0.5046509
-4.199994,0.5046509
-4.199994,0.4046509
-4.199994,0.4046509
-4.199994,0.3046509
-4.199994,0.2046509
-4.199994,0.2046509
-4.099994,0.1046509
-4.099994,0.1046509
-3.999994,0.1046509
-3.999994,4.65E-03
-3.899994,4.65E-03
-3.799994,4.65E-03
-3.699994,4.65E-03
-3.599994,4.65E-03
-3.399994,-9.53E-02
-3.399994,-9.53E-02
-3.199994,4.65E-03
-3.099994,4.65E-03
-2.899994,4.65E-03
-2.899994,4.65E-03
-2.699994,0.1046509
-2.599994,0.1046509
-2.399994,0.2046509
-2.299994,0.3046509
-2.099994,0.3046509
-1.999994,0.4046509
-1.799994,0.5046509
-1.699994,0.6046509
-1.499994,0.7046509
-1.499994,0.8046509
-1.299994,0.9046509
-1.199994,1.104651
-0.9999939,1.104651
-0.8999939,1.304651
-0.7999939,1.404651
-0.6999939,1.604651
-0.4999939,1.704651
-0.4999939,1.904651
-0.2999939,1.904651
-0.2999939,2.104651
-1.00E-01,2.204651
-1.00E-01,2.404651
6.10E-06,2.504651
0.1000061,2.704651
0.2000061,2.804651
0.3000061,3.004651
0.3000061,3.104651
0.4000061,3.304651
0.5000061,3.404651
0.5000061,3.604651
0.6000061,3.604651
0.6000061,3.804651
0.7000061,3.904651
0.7000061,4.104651
0.7000061,4.104651
0.8000061,4.304651
0.8000061,4.304651
0.8000061,4.504651
0.8000061,4.504651
0.8000061,4.704651
0.8000061,4.704651
0.8000061,4.804651
-11.29999,1.504651
-11.39999,1.204651
-11.49999,1.104651
-11.69999,0.8046509
-11.69999,0.6046509
-11.79999,0.3046509
-11.79999,0.1046509
-11.79999,-0.1953491
-11.79999,-0.3953491
-11.79999,-0.5953491
-11.59999,-0.7953491
-11.59999,-1.095349
-11.49999,-1.295349
-11.29999,-1.495349
-11.19999,-1.695349
-10.99999,-1.795349
-10.79999,-1.995349
-10.69999,-2.195349
-10.39999,-2.295349
-10.19999,-2.395349
-9.999994,-2.495349
-9.799994,-2.595349
-9.499994,-2.595349
-9.299994,-2.695349
-8.999994,-2.695349
-8.799994,-2.695349
-8.599994,-2.595349
-8.399994,-2.595349
-8.099994,-2.595349
-7.899994,-2.495349
-7.699994,-2.495349
-7.499994,-2.395349
-7.199994,-2.295349
-7.099994,-2.195349
-6.799994,-2.095349
-6.599994,-1.995349
-6.399994,-1.895349
-6.199994,-1.795349
-5.899994,-1.695349
-5.799994,-1.595349
-5.499994,-1.395349
-5.299994,-1.295349
-5.099994,-1.195349
-4.899994,-0.9953491
-4.699994,-0.8953491
-4.499994,-0.6953492
-4.199994,-0.5953491
-4.099994,-0.3953491
-3.799994,-0.1953491
-3.599994,4.65E-03
-3.399994,0.1046509
-3.199994,0.3046509
-2.899994,0.5046509
-2.699994,0.7046509
-2.499994,0.9046509
-2.299994,1.004651
-2.099994,1.204651
-1.899994,1.304651
-1.699994,1.504651
-1.499994,1.704651
-1.299994,1.804651
-1.099994,2.004651
-0.8999939,2.104651
-0.7999939,2.204651
-0.5999939,2.304651
-0.4999939,2.404651
-0.2999939,2.504651
-0.2999939,2.604651
-14.49999,2.204651
-14.69999,1.904651
-14.89999,1.504651
-15.09999,1.204651
-15.19999,0.7046509
-15.29999,0.4046509
-15.29999,-9.53E-02
-15.29999,-0.4953491
-15.19999,-0.8953491
-15.09999,-1.295349
-14.99999,-1.695349
-14.79999,-2.095349
-14.69999,-2.495349
-14.39999,-2.795349
-14.19999,-3.095349
-13.89999,-3.295349
-13.69999,-3.595349
-13.39999,-3.695349
-13.19999,-3.895349
-12.89999,-3.995349
-12.59999,-4.095349
-12.39999,-4.195349
-12.19999,-4.195349
-11.99999,-4.195349
-11.69999,-4.195349
-11.59999,-4.195349
-11.39999,-4.195349
-11.29999,-4.095349
-11.09999,-4.095349
-10.99999,-3.995349
-10.79999,-3.995349
-10.69999,-3.895349
-10.49999,-3.795349
-10.39999,-3.795349
-10.19999,-3.695349
-10.09999,-3.695349
-9.799994,-3.595349
-9.699994,-3.595349
-9.499994,-3.595349
-9.299994,-3.495349
-8.999994,-3.495349
-8.799994,-3.395349
-8.599994,-3.395349
-8.299994,-3.295349
-8.099994,-3.195349
-7.799994,-3.095349
-7.499994,-3.095349
-7.199994,-2.895349
-6.899994,-2.795349
-6.599994,-2.695349
-6.299994,-2.595349
-5.999994,-2.295349
-5.599994,-2.195349
-5.299994,-1.995349
-4.999994,-1.795349
-4.599994,-1.595349
-4.299994,-1.395349
-3.999994,-1.195349
-3.699994,-1.095349
-3.399994,-0.8953491
-3.099994,-0.7953491
-2.799994,-0.5953491
-2.499994,-0.4953491
-2.199994,-0.2953491
-1.899994,-0.1953491
-1.599994,-9.53E-02
-1.399994,4.65E-03
-1.099994,0.1046509
-15.69999,1.904651
-15.89999,1.404651
-15.99999,1.004651
-16.09999,0.6046509
-16.09999,0.1046509
-16.09999,-0.2953491
-15.99999,-0.7953491
-15.89999,-1.195349
-15.59999,-1.595349
-15.49999,-1.995349
-15.19999,-2.395349
-14.89999,-2.695349
-14.69999,-2.995349
-14.39999,-3.295349
-14.19999,-3.495349
-13.89999,-3.695349
-13.69999,-3.895349
-13.49999,-3.995349
-13.19999,-3.995349
-13.09999,-3.995349
-12.79999,-3.995349
-12.59999,-3.995349
-12.29999,-3.895349
-12.19999,-3.795349
-11.99999,-3.695349
-11.89999,-3.695349
-11.69999,-3.695349
-11.69999,-3.595349
-11.59999,-3.595349
-11.59999,-3.595349
-11.49999,-3.595349
-11.49999,-3.595349
-11.39999,-3.695349
-11.39999,-3.695349
-11.19999,-3.795349
-11.09999,-3.895349
-10.89999,-3.995349
-10.69999,-4.095349
-10.49999,-4.195349
-10.29999,-4.395349
-10.09999,-4.495349
-9.899994,-4.595349
-9.599994,-4.695349
-9.299994,-4.795349
-8.999994,-4.895349
-8.799994,-4.895349
-8.399994,-4.995349
-8.199994,-4.995349
-7.799994,-4.895349
-7.499994,-4.895349
-7.099994,-4.795349
-6.799994,-4.695349
-6.499994,-4.495349
-6.199994,-4.295349
-5.799994,-4.195349
-5.499994,-3.995349
-5.099994,-3.795349
-4.799994,-3.595349
-4.499994,-3.495349
-4.099994,-3.295349
-3.799994,-3.195349
-3.499994,-3.095349
-3.099994,-2.995349
-2.799994,-2.895349
-2.399994,-2.795349
-2.099994,-2.695349
-1.799994,-2.595349
-1.499994,-2.595349
-16.79999,0.4046509
-16.79999,4.65E-03
-16.7,-0.2953491
-16.49999,-0.6953492
-16.29999,-0.9953491
-16.09999,-1.295349
-15.79999,-1.595349
-15.39999,-1.795349
-15.09999,-1.995349
-14.79999,-2.195349
-14.39999,-2.295349
-14.09999,-2.395349
-13.69999,-2.495349
-13.39999,-2.595349
-13.19999,-2.595349
-12.89999,-2.595349
-12.69999,-2.595349
-12.49999,-2.595349
-12.19999,-2.495349
-11.89999,-2.395349
-11.59999,-2.395349
-11.29999,-2.395349
-10.99999,-2.395349
-10.69999,-2.395349
-10.49999,-2.495349
-10.39999,-2.595349
-10.29999,-2.695349
-10.19999,-2.795349
-10.19999,-2.895349
-10.19999,-2.995349
-10.09999,-3.195349
-10.09999,-3.295349
-9.999994,-3.495349
-9.899994,-3.595349
-9.799994,-3.795349
-9.599994,-3.995349
-9.399994,-4.295349
-9.199994,-4.495349
-9.099994,-4.795349
-8.899994,-4.995349
-8.699994,-5.195349
-8.499994,-5.495349
-8.399994,-5.695349
-8.099994,-5.895349
-7.899994,-6.095349
-7.699994,-6.195349
-7.399994,-6.295349
-7.199994,-6.395349
-6.899994,-6.395349
-6.699994,-6.395349
-6.399994,-6.395349
-6.099994,-6.295349
-5.799994,-6.195349
-5.599994,-6.095349
-5.299994,-5.995349
-4.999994,-5.795349
-4.799994,-5.695349
-4.499994,-5.495349
-4.199994,-5.395349
-3.899994,-5.295349
-3.499994,-5.195349
-3.199994,-5.195349
-2.799994,-5.095349
-2.499994,-5.095349
-1.999994,-5.095349
-1.699994,-4.995349
-1.199994,-4.995349
-0.7999939,-4.895349
-15.19999,-0.9953491
-15.09999,-1.195349
-14.79999,-1.295349
-14.59999,-1.495349
-14.19999,-1.695349
-13.89999,-1.795349
-13.49999,-1.895349
-13.19999,-1.995349
-12.79999,-1.995349
-12.39999,-2.095349
-11.89999,-2.095349
-11.49999,-1.995349
-11.09999,-1.995349
-10.69999,-1.995349
-10.19999,-1.895349
-9.799994,-1.795349
-9.399994,-1.795349
-8.999994,-1.695349
-8.499994,-1.695349
-8.099994,-1.695349
-7.699994,-1.695349
-7.299994,-1.795349
-6.999994,-1.795349
-6.699994,-1.995349
-6.499994,-2.095349
-6.299994,-2.295349
-6.199994,-2.395349
-6.199994,-2.495349
-6.199994,-2.595349
-6.199994,-2.795349
-6.199994,-2.895349
-6.199994,-3.095349
-6.199994,-3.195349
-6.199994,-3.495349
-6.099994,-3.695349
-6.099994,-3.895349
-6.099994,-4.195349
-6.099994,-4.495349
-6.099994,-4.695349
-6.099994,-4.995349
-6.099994,-5.295349
-6.099994,-5.595349
-5.999994,-5.795349
-5.999994,-6.095349
-5.799994,-6.395349
-5.699994,-6.595349
-5.499994,-6.795349
-5.399994,-6.995349
-5.199994,-7.095349
-4.999994,-7.195349
-4.799994,-7.195349
-4.599994,-7.295349
-4.299994,-7.295349
-4.099994,-7.295349
-3.799994,-7.095349
-3.499994,-7.095349
-3.199994,-6.995349
-2.899994,-6.895349
-2.499994,-6.895349
-2.199994,-6.895349
-1.799994,-6.795349
-1.399994,-6.795349
-0.8999939,-6.695349
-0.4999939,-6.695349
6.10E-06,-6.695349
0.4000061,-6.595349
0.8000061,-6.395349
1.200006,-6.295349
-10.89999,-1.495349
-10.69999,-1.495349
-10.49999,-1.595349
-10.39999,-1.695349
-10.19999,-1.795349
-9.899994,-1.895349
-9.599994,-1.995349
-9.199994,-1.995349
-8.899994,-2.095349
-8.399994,-2.095349
-7.799994,-2.195349
-7.299994,-2.295349
-6.699994,-2.295349
-6.099994,-2.295349
-5.499994,-2.395349
-4.999994,-2.395349
-4.499994,-2.295349
-4.099994,-2.295349
-3.699994,-2.295349
-3.299994,-2.195349
-2.999994,-2.195349
-2.699994,-2.195349
-2.499994,-2.195349
-2.299994,-2.295349
-2.199994,-2.295349
-2.099994,-2.395349
-2.099994,-2.395349
-2.099994,-2.395349
-2.199994,-2.395349
-2.199994,-2.395349
-2.299994,-2.495349
-2.399994,-2.495349
-2.399994,-2.695349
-2.499994,-2.795349
-2.599994,-2.995349
-2.699994,-3.195349
-2.799994,-3.395349
-2.899994,-3.595349
-3.099994,-3.895349
-3.199994,-4.195349
-3.299994,-4.495349
-3.399994,-4.795349
-3.499994,-5.195349
-3.499994,-5.595349
-3.499994,-5.995349
-3.499994,-6.295349
-3.399994,-6.695349
-3.299994,-6.995349
-3.299994,-7.395349
-2.999994,-7.595349
-2.799994,-7.895349
-2.599994,-7.995349
-2.299994,-8.19535
-1.899994,-8.19535
-1.499994,-8.295349
-1.099994,-8.295349
-0.5999939,-8.295349
-0.1999939,-8.19535
0.3000061,-8.19535
0.7000061,-8.095349
1.200006,-7.995349
1.600006,-7.895349
2.000006,-7.795349
2.400006,-7.595349
2.800006,-7.395349
3.100006,-7.195349
3.400006,-6.895349
3.700006,-6.595349
-6.399994,-3.095349
-6.299994,-3.195349
-6.099994,-3.195349
-5.899994,-3.195349
-5.599994,-3.095349
-5.199994,-3.095349
-4.699994,-2.995349
-4.299994,-2.995349
-3.799994,-2.995349
-3.199994,-3.095349
-2.699994,-3.095349
-2.199994,-3.195349
-1.699994,-3.295349
-1.299994,-3.295349
-0.7999939,-3.395349
-0.4999939,-3.295349
-0.2999939,-3.295349
-1.00E-01,-3.195349
6.10E-06,-2.995349
0.1000061,-2.895349
0.2000061,-2.795349
0.3000061,-2.795349
0.5000061,-2.695349
0.6000061,-2.695349
0.7000061,-2.695349
0.9000061,-2.695349
1.000006,-2.695349
1.000006,-2.695349
1.100006,-2.595349
1.100006,-2.495349
1.100006,-2.495349
1.100006,-2.395349
1.100006,-2.395349
1.000006,-2.395349
0.9000061,-2.395349
0.8000061,-2.495349
0.7000061,-2.595349
0.5000061,-2.795349
0.3000061,-2.995349
0.2000061,-3.295349
6.10E-06,-3.595349
-0.1999939,-3.995349
-0.2999939,-4.395349
-0.3999939,-4.795349
-0.4999939,-5.395349
-0.4999939,-5.895349
-0.5999939,-6.395349
-0.4999939,-6.995349
-0.3999939,-7.495349
-0.2999939,-7.895349
-1.00E-01,-8.295349
0.2000061,-8.69535
0.5000061,-8.995349
0.9000061,-9.19535
1.300006,-9.295349
1.700006,-9.39535
2.200006,-9.295349
2.600006,-9.295349
3.000006,-9.095349
3.400006,-8.89535
3.700006,-8.595349
3.900006,-8.295349
4.200006,-7.995349
4.300006,-7.695349
4.400006,-7.395349
4.500006,-6.995349
4.600006,-6.595349
4.600006,-6.095349
-3.399994,-3.895349
-3.299994,-3.995349
-2.899994,-3.995349
-2.399994,-3.995349
-1.799994,-3.995349
-1.299994,-3.895349
-0.7999939,-3.995349
-0.2999939,-3.995349
0.1000061,-4.095349
0.4000061,-4.195349
0.6000061,-4.295349
0.9000061,-4.295349
1.200006,-4.395349
1.500006,-4.395349
1.700006,-4.295349
1.900006,-4.195349
2.100006,-4.095349
2.200006,-3.895349
2.300006,-3.795349
2.600006,-3.695349
2.800006,-3.695349
3.100006,-3.695349
3.400006,-3.695349
3.700006,-3.795349
4.000006,-3.795349
4.200006,-3.695349
4.400006,-3.595349
4.500006,-3.395349
4.500006,-3.195349
4.500006,-2.995349
4.400006,-2.695349
4.200006,-2.395349
4.100006,-2.295349
3.800006,-1.995349
3.600006,-1.995349
3.300006,-1.895349
3.000006,-1.995349
2.800006,-2.095349
2.500006,-2.295349
2.400006,-2.595349
2.200006,-2.995349
2.200006,-3.395349
2.200006,-3.995349
2.200006,-4.495349
2.200006,-5.095349
2.300006,-5.695349
2.300006,-6.295349
2.500006,-6.895349
2.500006,-7.495349
2.800006,-8.095349
2.900006,-8.595349
3.200006,-8.995349
3.500006,-9.295349
3.800006,-9.595349
4.100006,-9.69535
4.300006,-9.69535
4.600006,-9.595349
4.800006,-9.39535
5.000006,-9.095349
5.100006,-8.795349
5.100006,-8.39535
5.100006,-7.995349
5.100006,-7.595349
5.000006,-7.095349
5.000006,-6.695349
5.000006,-6.195349
5.000006,-5.795349
5.000006,-5.295349
1.100006,-2.595349
1.100006,-2.895349
1.300006,-3.095349
1.500006,-3.395349
1.700006,-3.595349
1.800006,-3.895349
1.900006,-4.095349
1.900006,-4.295349
2.100006,-4.595349
2.300006,-4.795349
2.600006,-4.995349
2.900006,-5.195349
3.300006,-5.195349
3.600006,-5.195349
3.900006,-5.195349
4.200006,-5.195349
4.500006,-5.095349
4.900006,-5.195349
5.200006,-5.195349
5.600006,-5.295349
6.000006,-5.395349
6.400006,-5.395349
6.700006,-5.395349
6.900006,-5.295349
7.100006,-4.995349
7.200006,-4.695349
7.100006,-4.195349
7.000006,-3.695349
6.800006,-3.095349
6.500006,-2.595349
6.100006,-1.995349
5.700006,-1.495349
5.300006,-1.095349
4.800006,-0.7953491
4.400006,-0.5953491
3.900006,-0.4953491
3.500006,-0.5953491
3.200006,-0.8953491
2.900006,-1.295349
2.700006,-1.895349
2.600006,-2.595349
2.600006,-3.295349
2.800006,-4.095349
3.000006,-4.795349
3.300006,-5.495349
3.600006,-6.095349
3.900006,-6.695349
4.300006,-7.295349
4.600006,-7.695349
4.900006,-8.19535
5.200006,-8.495349
5.600006,-8.69535
5.800006,-8.89535
6.000006,-8.995349
6.200006,-8.995349
6.300006,-8.89535
6.500006,-8.69535
6.500006,-8.495349
6.500006,-8.19535
6.500006,-7.795349
6.500006,-7.395349
6.400006,-6.995349
6.400006,-6.495349
6.400006,-6.095349
6.600006,-5.695349
6.700006,-5.295349
7.000006,-4.995349
7.200006,-4.695349
4.700006,-2.095349
4.300006,-2.495349
4.000006,-2.895349
3.900006,-3.195349
3.700006,-3.595349
3.700006,-3.995349
3.700006,-4.395349
3.900006,-4.795349
4.200006,-5.195349
4.600006,-5.495349
5.000006,-5.795349
5.500006,-5.995349
5.900006,-6.195349
6.300006,-6.195349
6.700006,-6.295349
7.100006,-6.395349
7.500006,-6.495349
8.000007,-6.595349
8.400006,-6.795349
8.800006,-6.795349
9.100006,-6.795349
9.300006,-6.595349
9.400006,-6.395349
9.400006,-5.895349
9.400006,-5.295349
9.200006,-4.595349
8.900006,-3.895349
8.600006,-2.995349
8.300006,-2.195349
8.000007,-1.395349
7.700006,-0.6953492
7.300006,-9.53E-02
7.000006,0.3046509
6.500006,0.8046509
6.200006,0.9046509
5.700006,1.004651
5.300006,0.8046509
4.900006,0.3046509
4.600006,-0.2953491
4.300006,-1.095349
4.100006,-2.095349
4.100006,-3.095349
4.200006,-4.095349
4.400006,-5.095349
4.700006,-5.995349
5.100006,-6.695349
5.500006,-7.295349
6.000006,-7.695349
6.400006,-7.995349
6.800006,-8.19535
7.200006,-8.295349
7.600006,-8.295349
7.800006,-8.295349
8.000007,-8.19535
8.200006,-8.19535
8.300006,-7.995349
8.500007,-7.795349
8.500007,-7.495349
8.600006,-7.195349
8.700006,-6.795349
8.800006,-6.495349
8.800006,-6.095349
9.000007,-5.795349
9.200006,-5.395349
9.500007,-5.195349
9.700006,-4.995349
10.10001,-4.995349
10.40001,-4.895349
4.700006,-1.595349
4.600006,-2.095349
4.600006,-2.595349
4.700006,-3.195349
5.100006,-3.795349
5.400006,-4.495349
5.900006,-4.995349
6.500006,-5.595349
7.000006,-5.995349
7.500006,-6.395349
8.000007,-6.595349
8.500007,-6.795349
8.900006,-6.895349
9.300006,-7.095349
9.800006,-7.195349
10.30001,-7.295349
10.70001,-7.195349
11.10001,-7.195349
11.30001,-6.995349
11.30001,-6.795349
11.30001,-6.495349
11.20001,-6.195349
11.10001,-5.695349
11.00001,-5.195349
10.90001,-4.495349
10.70001,-3.795349
10.50001,-2.995349
10.30001,-2.195349
10.20001,-1.395349
10.00001,-0.6953492
10.00001,4.65E-03
9.700006,0.6046509
9.600006,1.104651
9.300006,1.404651
9.100006,1.604651
8.900006,1.504651
8.700006,1.304651
8.400006,0.7046509
8.200006,0.1046509
8.100006,-0.7953491
8.000007,-1.695349
7.800006,-2.795349
7.800006,-3.895349
7.800006,-4.995349
7.900006,-5.895349
8.000007,-6.695349
8.300006,-7.295349
8.500007,-7.795349
8.700006,-7.995349
8.900006,-8.19535
9.300006,-8.19535
9.500007,-8.095349
9.700006,-7.995349
9.900006,-7.895349
10.20001,-7.695349
10.40001,-7.495349
10.60001,-7.195349
10.70001,-6.995349
10.90001,-6.695349
10.90001,-6.395349
11.10001,-6.095349
11.20001,-5.995349
11.40001,-5.795349
11.60001,-5.695349
11.90001,-5.695349
12.20001,-5.795349
12.60001,-5.995349
13.20001,-6.295349
5.100006,-1.095349
5.400006,-2.095349
5.800006,-2.995349
6.400006,-3.995349
7.000006,-4.895349
7.800006,-5.795349
8.600006,-6.495349
9.300006,-7.095349
9.800006,-7.495349
10.40001,-7.695349
10.90001,-7.895349
11.40001,-7.895349
12.00001,-7.795349
12.50001,-7.695349
12.90001,-7.595349
13.30001,-7.295349
13.60001,-7.095349
13.60001,-6.795349
13.50001,-6.395349
13.40001,-5.995349
13.20001,-5.595349
13.00001,-5.095349
12.80001,-4.595349
12.60001,-3.995349
12.40001,-3.395349
12.20001,-2.795349
12.00001,-2.195349
11.80001,-1.495349
11.70001,-0.7953491
11.60001,-9.53E-02
11.50001,0.5046509
11.40001,1.104651
11.30001,1.504651
11.20001,1.804651
11.20001,1.904651
11.20001,1.704651
11.20001,1.304651
11.30001,0.7046509
11.40001,-9.53E-02
11.60001,-0.8953491
11.60001,-1.895349
11.60001,-2.795349
11.60001,-3.795349
11.50001,-4.795349
11.50001,-5.695349
11.40001,-6.395349
11.40001,-6.995349
11.40001,-7.495349
11.40001,-7.795349
11.50001,-7.995349
11.60001,-8.095349
11.70001,-8.095349
11.90001,-7.995349
12.10001,-7.795349
12.20001,-7.595349
12.50001,-7.295349
12.70001,-6.995349
12.70001,-6.695349
12.80001,-6.395349
12.80001,-6.195349
12.80001,-6.095349
12.90001,-5.995349
12.90001,-6.095349
13.10001,-6.295349
13.30001,-6.695349
13.80001,-7.095349
14.50001,-7.495349
15.40001,-7.895349
6.500006,-1.495349
6.800006,-2.995349
7.400006,-4.395349
8.100006,-5.695349
9.000007,-6.895349
9.900006,-7.895349
10.70001,-8.595349
11.40001,-9.095349
12.20001,-9.39535
13.00001,-9.495349
13.80001,-9.295349
14.50001,-9.095349
15.10001,-8.69535
15.40001,-8.295349
15.70001,-7.895349
15.90001,-7.495349
16.10001,-6.995349
16.10001,-6.495349
16.10001,-5.895349
15.90001,-5.195349
15.60001,-4.595349
15.20001,-3.995349
14.80001,-3.395349
14.30001,-2.795349
13.90001,-2.295349
13.40001,-1.695349
13.00001,-1.195349
12.70001,-0.6953492
12.40001,-0.1953491
12.20001,0.2046509
12.10001,0.6046509
12.00001,1.004651
12.00001,1.304651
12.00001,1.404651
12.10001,1.304651
12.30001,1.104651
12.70001,0.7046509
13.10001,0.1046509
13.60001,-0.5953491
14.00001,-1.395349
14.40001,-2.295349
14.70001,-3.095349
14.80001,-3.995349
14.90001,-4.795349
14.90001,-5.495349
14.80001,-6.195349
14.70001,-6.695349
14.60001,-7.195349
14.50001,-7.495349
14.30001,-7.695349
14.30001,-7.795349
14.20001,-7.795349
14.10001,-7.695349
14.10001,-7.395349
14.20001,-7.095349
14.20001,-6.795349
14.20001,-6.295349
14.20001,-5.895349
14.20001,-5.595349
14.10001,-5.395349
14.00001,-5.295349
13.90001,-5.595349
13.90001,-6.095349
14.10001,-6.695349
14.70001,-7.395349
15.50001,-8.19535
16.50001,-8.795349
17.80001,-9.495349
8.700006,-2.095349
9.100006,-3.895349
9.600006,-5.695349
10.30001,-7.295349
11.20001,-8.595349
12.10001,-9.595349
13.00001,-10.29535
14.00001,-10.69535
14.90001,-10.89535
15.80001,-10.89535
16.70001,-10.59535
17.30001,-10.19535
17.90001,-9.69535
18.20001,-9.19535
18.40001,-8.495349
18.50001,-7.795349
18.70001,-7.095349
18.70001,-6.295349
18.70001,-5.395349
18.50001,-4.495349
18.10001,-3.495349
17.60001,-2.695349
17.00001,-1.895349
16.30001,-1.295349
15.70001,-0.7953491
15.00001,-0.3953491
14.50001,-9.53E-02
14.00001,0.1046509
13.60001,0.3046509
13.40001,0.4046509
13.10001,0.5046509
13.00001,0.6046509
13.00001,0.6046509
13.00001,0.5046509
13.00001,0.3046509
13.30001,4.65E-03
13.60001,-0.4953491
14.10001,-0.9953491
14.70001,-1.595349
15.30001,-2.195349
15.90001,-2.895349
16.50001,-3.495349
16.90001,-4.095349
17.10001,-4.695349
17.20001,-5.295349
17.10001,-5.795349
16.90001,-6.295349
16.80001,-6.595349
16.60001,-6.895349
16.30001,-6.995349
16.00001,-6.995349
15.60001,-6.995349
15.30001,-6.995349
15.20001,-6.795349
15.10001,-6.495349
15.00001,-5.995349
14.90001,-5.395349
14.70001,-4.795349
14.60001,-4.395349
14.40001,-4.295349
14.30001,-4.595349
14.40001,-5.295349
14.60001,-6.395349
15.10001,-7.595349
16.00001,-8.69535
17.20001,-9.595349
18.50001,-10.59535
19.90001,-11.69535
12.00001,-2.595349
12.20001,-4.795349
12.60001,-6.695349
13.20001,-8.495349
13.90001,-9.89535
14.60001,-10.89535
15.40001,-11.59535
16.10001,-12.09535
16.90001,-12.29535
17.60001,-12.39535
18.50001,-12.19535
19.20001,-11.79535
19.90001,-11.09535
20.20001,-10.19535
20.40001,-9.095349
20.40001,-7.995349
20.30001,-6.695349
20.20001,-5.495349
19.90001,-4.295349
19.50001,-2.995349
19.00001,-1.895349
18.30001,-0.8953491
17.60001,-0.1953491
16.90001,0.4046509
16.30001,0.7046509
15.70001,0.9046509
15.20001,1.004651
14.80001,0.9046509
14.60001,0.8046509
14.40001,0.8046509
14.30001,0.7046509
14.10001,0.5046509
14.10001,0.4046509
14.10001,0.2046509
14.00001,-9.53E-02
13.90001,-0.5953491
13.90001,-1.095349
14.00001,-1.795349
14.30001,-2.395349
14.80001,-2.995349
15.30001,-3.595349
15.90001,-4.095349
16.40001,-4.395349
16.80001,-4.795349
16.90001,-5.095349
17.00001,-5.495349
16.90001,-5.695349
16.80001,-5.995349
16.60001,-6.095349
16.30001,-6.195349
15.90001,-6.295349
15.40001,-6.295349
15.10001,-6.195349
14.70001,-5.995349
14.50001,-5.595349
14.30001,-5.195349
14.30001,-4.595349
14.20001,-4.095349
14.30001,-3.695349
14.30001,-3.695349
14.30001,-4.295349
14.40001,-5.495349
15.00001,-6.995349
15.80001,-8.69535
17.10001,-10.19535
18.40001,-11.69535
19.90001,-13.29535
21.30001,-15.09535
15.20001,-2.795349
15.40001,-5.195349
15.70001,-7.295349
16.00001,-9.19535
16.40001,-10.49535
16.70001,-11.49535
17.00001,-12.19535
17.50001,-12.79535
17.90001,-13.19535
18.50001,-13.39535
19.20001,-13.39535
20.00001,-12.99535
20.70001,-12.19535
20.90001,-10.89535
20.90001,-9.495349
20.70001,-7.895349
20.40001,-6.295349
20.10001,-4.795349
19.80001,-3.295349
19.30001,-1.895349
18.70001,-0.5953491
17.90001,0.4046509
17.00001,1.204651
16.10001,1.604651
15.30001,1.704651
14.70001,1.704651
14.20001,1.504651
13.90001,1.204651
13.80001,0.9046509
13.80001,0.7046509
13.90001,0.5046509
14.20001,0.4046509
14.30001,0.3046509
14.50001,0.2046509
14.50001,-9.53E-02
14.40001,-0.4953491
14.20001,-1.095349
14.00001,-1.795349
14.00001,-2.595349
14.00001,-3.295349
14.30001,-3.895349
14.70001,-4.295349
15.10001,-4.595349
15.30001,-4.695349
15.40001,-4.895349
15.50001,-4.995349
15.50001,-5.195349
15.40001,-5.295349
15.20001,-5.495349
15.00001,-5.595349
14.80001,-5.595349
14.60001,-5.595349
14.40001,-5.295349
14.10001,-5.095349
13.90001,-4.795349
13.70001,-4.595349
13.70001,-4.295349
13.80001,-3.995349
13.90001,-3.895349
14.10001,-4.195349
14.10001,-4.995349
14.50001,-6.395349
15.20001,-8.19535
16.40001,-10.09535
17.70001,-11.99535
19.20001,-13.99535
20.60001,-16.49535
22.50001,-19.19535
18.40001,-2.395349
18.40001,-4.895349
18.60001,-6.995349
18.50001,-8.69535
18.30001,-9.89535
18.10001,-10.89535
18.00001,-11.69535
18.00001,-12.49535
18.20001,-13.09535
18.50001,-13.39535
18.90001,-13.29535
19.40001,-12.79535
19.70001,-11.89535
19.90001,-10.59535
19.80001,-9.19535
19.60001,-7.595349
19.50001,-6.095349
19.40001,-4.495349
19.40001,-2.695349
19.00001,-0.9953491
18.40001,0.5046509
17.50001,1.704651
16.40001,2.504651
15.20001,2.904651
14.10001,2.804651
13.10001,2.404651
12.50001,1.904651
12.10001,1.104651
11.90001,0.4046509
11.90001,-0.1953491
12.10001,-0.5953491
12.60001,-0.9953491
13.10001,-0.9953491
13.70001,-0.9953491
14.10001,-1.095349
14.30001,-1.195349
14.30001,-1.495349
14.30001,-1.995349
14.30001,-2.595349
14.40001,-3.295349
14.60001,-3.795349
14.80001,-4.195349
15.00001,-4.395349
15.10001,-4.595349
15.10001,-4.595349
15.00001,-4.595349
15.00001,-4.695349
14.90001,-4.695349
14.90001,-4.795349
14.70001,-4.795349
14.60001,-4.695349
14.40001,-4.495349
14.30001,-4.295349
14.00001,-4.195349
13.70001,-4.095349
13.40001,-4.195349
13.40001,-4.295349
13.50001,-4.395349
13.60001,-4.495349
13.70001,-4.995349
13.90001,-5.995349
14.40001,-7.495349
15.40001,-9.295349
16.70001,-11.39535
18.10001,-13.79535
19.50001,-16.59535
21.20001,-19.99535
23.30001,-23.49535
21.40001,-1.495349
21.40001,-3.995349
21.10001,-5.995349
20.60001,-7.395349
19.80001,-8.495349
19.10001,-9.39535
18.50001,-10.39535
18.20001,-11.29535
18.10001,-12.19535
18.20001,-12.69535
18.50001,-12.59535
18.60001,-11.89535
18.70001,-10.79535
18.50001,-9.39535
18.40001,-7.995349
18.30001,-6.695349
18.40001,-5.295349
18.50001,-3.695349
18.60001,-1.995349
18.30001,-9.53E-02
17.80001,1.704651
16.80001,3.304651
15.60001,4.204651
14.30001,4.604651
13.00001,4.304651
12.00001,3.704651
11.10001,2.804651
10.60001,1.704651
10.30001,0.5046509
10.20001,-0.4953491
10.30001,-1.395349
10.70001,-2.095349
11.30001,-2.495349
12.10001,-2.595349
12.70001,-2.595349
13.20001,-2.495349
13.50001,-2.595349
13.70001,-2.695349
14.00001,-2.995349
14.50001,-3.295349
14.90001,-3.695349
15.40001,-3.995349
15.70001,-4.395349
16.00001,-4.495349
16.10001,-4.595349
16.10001,-4.495349
16.10001,-4.495349
16.20001,-4.395349
16.20001,-4.295349
16.30001,-4.095349
16.20001,-3.895349
16.10001,-3.695349
15.80001,-3.395349
15.40001,-3.195349
14.80001,-3.295349
14.50001,-3.495349
14.40001,-3.995349
14.30001,-4.295349
14.20001,-4.795349
14.20001,-5.495349
14.20001,-6.595349
14.60001,-7.995349
15.50001,-10.09535
16.90001,-12.59535
18.50001,-15.79535
20.30001,-19.49535
22.40001,-23.79535
25.10001,-27.79535
23.40001,0.7046509
22.80001,-1.995349
22.10001,-4.195349
21.10001,-5.895349
20.30001,-7.095349
19.50001,-8.19535
18.80001,-9.295349
18.20001,-10.39535
18.00001,-11.39535
18.10001,-12.09535
18.30001,-11.99535
18.30001,-11.29535
18.20001,-9.89535
17.60001,-8.295349
17.00001,-6.895349
16.60001,-5.795349
16.70001,-4.695349
16.90001,-3.495349
17.30001,-1.795349
17.40001,0.1046509
16.80001,2.204651
15.80001,4.004651
14.50001,5.104651
13.10001,5.604651
11.90001,5.404651
10.80001,4.704651
9.900006,3.704651
9.200006,2.504651
8.900006,1.304651
8.700006,0.1046509
8.800006,-0.9953491
9.000007,-1.895349
9.400006,-2.495349
10.00001,-2.995349
10.70001,-3.195349
11.30001,-3.295349
11.70001,-3.395349
12.10001,-3.395349
12.60001,-3.395349
13.20001,-3.595349
13.90001,-3.995349
14.80001,-4.495349
15.60001,-4.995349
16.40001,-5.295349
16.90001,-5.295349
17.30001,-5.295349
17.70001,-4.995349
18.00001,-4.795349
18.20001,-4.495349
18.30001,-4.195349
18.50001,-3.795349
18.30001,-3.495349
18.00001,-3.095349
17.40001,-2.795349
16.90001,-2.795349
16.40001,-2.995349
16.10001,-3.395349
15.70001,-3.995349
15.30001,-4.695349
14.90001,-5.495349
14.60001,-6.695349
14.60001,-8.295349
15.30001,-10.59535
16.70001,-13.59535
18.50001,-17.89535
20.70001,-23.19535
23.60001,-28.69535
26.70001,-33.29535
24.60001,3.704651
23.30001,1.004651
22.00001,-1.495349
20.90001,-3.795349
20.10001,-5.695349
19.50001,-7.195349
19.00001,-8.595349
18.60001,-9.795349
18.30001,-10.89535
18.30001,-11.59535
18.30001,-11.59535
18.10001,-10.79535
17.60001,-9.39535
16.80001,-7.695349
16.10001,-6.395349
15.70001,-5.395349
15.90001,-4.495349
16.40001,-3.395349
16.90001,-1.595349
17.00001,0.7046509
16.20001,3.304651
14.90001,5.404651
13.70001,6.704651
12.50001,7.204651
11.40001,6.804651
10.40001,6.004651
9.400006,4.804651
8.400006,3.404651
7.700006,1.904651
7.300006,0.5046509
7.000006,-0.5953491
7.100006,-1.495349
7.300006,-2.095349
7.900006,-2.595349
8.700006,-2.995349
9.500007,-3.295349
10.10001,-3.595349
10.70001,-3.695349
11.20001,-3.895349
11.90001,-4.095349
12.80001,-4.795349
14.00001,-5.595349
15.30001,-6.295349
16.50001,-6.695349
17.50001,-6.795349
18.50001,-6.495349
19.30001,-6.195349
20.10001,-5.695349
20.70001,-5.195349
21.10001,-4.595349
21.30001,-4.095349
21.10001,-3.495349
20.60001,-2.995349
19.90001,-2.495349
19.30001,-2.395349
18.60001,-2.295349
17.90001,-2.595349
17.30001,-3.095349
16.70001,-3.895349
16.10001,-4.895349
15.50001,-6.195349
15.20001,-7.795349
15.50001,-10.29535
16.30001,-13.69535
17.80001,-19.09535
19.90001,-25.79535
22.60001,-32.69535
25.70001,-38.09535
26.00001,6.204651
24.50001,4.104651
22.90001,1.804651
21.60001,-0.6953492
20.90001,-3.095349
20.60001,-5.295349
20.30001,-7.095349
19.90001,-8.39535
19.30001,-9.295349
18.60001,-9.89535
18.10001,-9.89535
17.40001,-9.295349
16.80001,-8.19535
16.20001,-6.895349
15.90001,-5.795349
15.90001,-4.895349
16.30001,-3.895349
16.60001,-2.395349
16.70001,4.65E-03
16.00001,2.704651
14.80001,5.404651
13.50001,7.504651
12.70001,8.704651
12.20001,9.104651
11.80001,8.704651
11.30001,7.704651
10.50001,6.304651
9.400006,4.504651
8.300006,2.704651
7.300006,1.004651
6.700006,-0.2953491
6.300006,-1.195349
6.500006,-1.895349
7.000006,-2.395349
8.000007,-2.895349
9.000007,-3.395349
10.00001,-3.795349
10.70001,-4.195349
11.50001,-4.595349
12.30001,-5.295349
13.60001,-6.395349
15.20001,-7.495349
17.00001,-8.19535
18.70001,-8.595349
20.10001,-8.495349
21.40001,-8.39535
22.80001,-7.995349
24.10001,-7.395349
25.00001,-6.395349
25.40001,-5.395349
25.60001,-4.395349
25.50001,-3.295349
25.20001,-2.295349
24.60001,-1.395349
23.90001,-0.7953491
22.80001,-0.6953492
21.60001,-0.8953491
20.30001,-1.495349
19.20001,-2.495349
18.20001,-3.595349
17.20001,-4.895349
16.30001,-6.595349
15.90001,-8.89535
15.80001,-12.49535
16.40001,-18.29535
17.50001,-25.99535
19.70001,-33.79535
22.40001,-39.89535
28.00001,8.004651
26.20001,6.304651
24.40001,4.404651
22.90001,2.404651
22.10001,4.65E-03
21.80001,-2.395349
21.60001,-4.495349
21.20001,-6.095349
20.10001,-7.095349
18.80001,-7.695349
17.60001,-7.795349
16.60001,-7.395349
16.10001,-6.795349
15.80001,-5.895349
16.00001,-5.095349
16.40001,-4.095349
16.80001,-2.695349
16.70001,-0.5953491
16.00001,2.104651
14.70001,4.904651
13.30001,7.204651
12.40001,8.904651
12.10001,9.704651
12.20001,9.904651
12.40001,9.304651
12.50001,8.304651
12.00001,6.804651
11.20001,5.204651
10.10001,3.404651
9.000007,1.804651
8.200006,0.4046509
7.700006,-0.6953492
7.700006,-1.695349
8.300006,-2.595349
9.300006,-3.395349
10.40001,-3.995349
11.40001,-4.495349
12.30001,-5.095349
13.30001,-6.095349
14.70001,-7.295349
16.60001,-8.69535
18.90001,-9.795349
21.10001,-10.39535
22.90001,-10.49535
24.50001,-10.49535
26.10001,-10.39535
27.80001,-9.995349
29.40001,-9.19535
30.70001,-7.895349
31.50001,-6.195349
32.00001,-4.295349
32.10001,-2.595349
31.90001,-0.9953491
31.30001,0.4046509
30.20001,1.404651
28.60001,2.104651
26.70001,2.004651
24.80001,1.404651
23.00001,0.2046509
21.30001,-1.195349
19.60001,-2.795349
17.90001,-4.495349
16.40001,-6.795349
15.40001,-9.995349
14.70001,-15.69535
14.80001,-23.69535
16.30001,-32.79535
18.60001,-40.29535
31.60001,10.60465
29.40001,8.904651
27.00001,7.304651
24.80001,5.504651
23.00001,3.504651
21.80001,1.304651
21.00001,-0.6953492
20.10001,-2.695349
19.10001,-4.195349
17.90001,-5.295349
16.80001,-5.995349
16.00001,-6.295349
15.70001,-6.195349
15.80001,-5.895349
16.30001,-5.095349
16.80001,-3.895349
17.10001,-1.795349
16.90001,0.9046509
16.00001,3.804651
14.90001,6.204651
14.10001,8.004651
13.70001,9.204651
13.80001,9.804651
14.10001,9.704651
14.30001,9.104651
14.40001,7.904651
14.10001,6.604651
13.50001,5.104651
12.80001,3.504651
12.10001,2.104651
11.60001,0.7046509
11.40001,-0.6953492
11.60001,-2.095349
12.20001,-3.295349
13.10001,-4.295349
13.90001,-5.095349
14.80001,-5.895349
15.90001,-7.095349
17.70001,-8.595349
19.90001,-10.19535
22.40001,-11.39535
24.80001,-12.09535
26.70001,-12.29535
28.30001,-12.29535
29.80001,-11.89535
31.20001,-11.59535
33.00001,-11.19535
34.90001,-10.59535
37.00001,-9.39535
38.90001,-7.895349
40.50001,-5.795349
41.60001,-3.495349
41.80001,-0.8953491
41.10001,1.504651
39.30001,3.704651
36.60001,4.904651
33.50001,5.204651
30.40001,4.604651
27.80001,3.704651
25.30001,2.404651
22.90001,0.8046509
20.40001,-1.195349
18.10001,-3.595349
16.00001,-6.795349
14.00001,-11.69535
12.20001,-19.09535
12.00001,-28.59535
13.30001,-37.79535
36.50001,14.10465
34.20001,12.70465
31.40001,11.20465
28.40001,9.604651
25.60001,7.804651
22.90001,5.804651
20.70001,3.704651
18.80001,1.504651
17.40001,-0.5953491
16.50001,-2.295349
15.80001,-3.795349
15.60001,-5.095349
15.80001,-5.995349
16.30001,-6.295349
17.10001,-5.595349
17.90001,-3.795349
18.40001,-1.095349
18.30001,1.904651
17.80001,4.504651
17.10001,6.604651
16.60001,7.904651
16.40001,8.804651
16.60001,9.204651
16.90001,9.204651
17.10001,8.604651
17.30001,7.804651
17.10001,6.604651
16.80001,5.204651
16.30001,3.704651
16.10001,2.204651
16.00001,0.6046509
16.30001,-0.9953491
16.80001,-2.595349
17.50001,-3.895349
18.10001,-5.095349
18.80001,-6.195349
19.80001,-7.895349
21.50001,-9.89535
24.00001,-11.79535
26.70001,-12.99535
28.80001,-13.49535
30.30001,-13.59535
31.70001,-13.89535
33.70001,-13.89535
36.10001,-13.69535
38.40001,-13.39535
40.80001,-12.99535
43.60001,-12.09535
46.60001,-11.09535
49.50001,-9.795349
52.20001,-7.895349
54.40001,-4.895349
55.60001,-0.7953491
55.50001,3.704651
53.10001,7.404651
48.90001,9.404651
44.10001,9.604651
39.60001,9.104651
35.10001,8.204651
30.80001,6.804651
26.70001,5.104651
23.10001,2.904651
19.90001,0.4046509
17.20001,-2.795349
14.40001,-7.295349
11.10001,-13.69535
8.400006,-22.69535
7.500006,-32.49535
42.50001,17.00465
39.70001,16.40465
36.30001,15.40465
32.80001,13.80465
29.40001,11.90465
26.30001,9.804651
23.30001,7.604651
20.50001,5.204651
18.20001,2.704651
16.60001,0.1046509
16.00001,-2.095349
16.00001,-4.095349
16.70001,-5.695349
17.60001,-6.695349
19.00001,-5.995349
20.30001,-3.895349
21.10001,-0.8953491
21.20001,1.904651
20.70001,3.904651
20.10001,5.404651
19.70001,6.404651
19.50001,7.204651
19.60001,7.704651
19.80001,7.904651
20.10001,7.704651
20.20001,7.204651
20.20001,6.404651
19.90001,5.104651
19.80001,3.704651
20.00001,2.304651
20.40001,0.7046509
20.90001,-0.9953491
21.70001,-2.595349
22.50001,-4.195349
23.30001,-5.895349
24.10001,-7.895349
25.50001,-10.39535
27.60001,-12.69535
30.10001,-13.99535
32.40001,-14.49535
33.70001,-14.79535
35.20001,-15.59535
38.20001,-16.49535
42.60001,-17.29535
46.50001,-17.69535
49.80001,-17.79535
53.50001,-16.79535
57.30001,-14.79535
59.20001,-12.19535
59.80001,-9.595349
61.30001,-6.795349
63.80001,-2.995349
65.60001,1.904651
65.30001,6.904651
62.60001,11.30465
58.90001,14.70465
55.00001,16.70465
50.60001,17.50465
45.50001,16.80465
39.70001,14.90465
33.70001,12.20465
28.00001,8.904651
23.00001,5.404651
18.90001,1.604651
15.40001,-2.695349
11.70001,-8.295349
7.500006,-16.29535
3.800006,-25.99535
48.20001,18.70465
45.40001,19.40465
41.50001,19.00465
37.30001,17.70465
33.30001,15.70465
29.80001,13.30465
26.80001,11.00465
23.80001,8.504651
21.00001,5.804651
19.00001,2.704651
18.10001,-9.53E-02
18.00001,-2.695349
18.70001,-4.995349
19.90001,-6.495349
21.90001,-5.895349
23.50001,-3.695349
24.10001,-1.095349
24.00001,0.9046509
23.80001,2.204651
23.60001,3.404651
23.60001,4.804651
23.60001,6.104651
23.50001,7.004651
23.20001,7.504651
22.90001,7.204651
22.80001,6.504651
22.70001,5.404651
22.60001,4.404651
22.70001,3.304651
23.00001,2.004651
23.50001,0.5046509
24.30001,-1.295349
25.40001,-3.295349
26.70001,-5.495349
28.10001,-7.695349
29.40001,-9.995349
30.80001,-12.39535
32.80001,-14.19535
35.30001,-15.19535
37.60001,-15.79535
39.50001,-17.29535
42.70001,-19.29535
48.20001,-20.99535
53.80001,-21.99535
57.00001,-22.09535
59.40001,-21.19535
62.30001,-18.89535
64.60001,-15.79535
63.90001,-12.29535
62.30001,-8.595349
62.80001,-4.795349
64.2,-1.095349
64.60001,2.404651
63.60001,6.104651
62.10001,10.20465
60.30001,14.80465
58.00001,18.90465
55.10001,21.90465
51.50001,23.40465
47.10001,23.70465
41.50001,21.90465
35.20001,18.40465
28.50001,13.60465
22.40001,8.104651
17.40001,2.704651
13.00001,-2.995349
8.300006,-9.995349
3.000006,-18.89535
49.20001,17.60465
47.80001,19.80465
45.10001,20.60465
41.60001,20.40465
37.30001,18.90465
33.00001,16.50465
29.70001,13.70465
27.10001,11.20465
25.00001,8.804651
23.10001,6.004651
22.00001,2.804651
21.50001,-0.7953491
22.00001,-3.995349
23.50001,-5.895349
25.50001,-4.995349
26.60001,-2.995349
26.50001,-1.495349
26.50001,-0.8953491
27.70001,0.1046509
29.00001,2.004651
29.70001,4.404651
29.60001,6.704651
28.70001,8.204651
27.30001,8.804651
26.20001,8.104651
25.70001,6.704651
25.80001,5.204651
25.90001,3.904651
25.90001,2.604651
26.00001,1.104651
26.40001,-0.7953491
27.30001,-3.095349
28.90001,-5.495349
30.80001,-7.895349
32.60001,-9.795349
33.70001,-11.49535
34.90001,-13.79535
37.70001,-16.39535
42.20001,-18.29535
46.30001,-19.89535
49.70001,-21.59535
53.70001,-22.89535
57.80001,-23.29535
60.10001,-23.29535
60.00001,-21.89535
59.50001,-19.59535
59.80001,-16.89535
59.60001,-14.09535
58.20001,-11.19535
57.10001,-8.095349
57.40001,-4.695349
57.70001,-1.495349
57.20001,1.404651
56.80001,4.204651
56.40001,7.604651
55.40001,11.10465
53.90001,14.60465
52.30001,18.10465
50.70001,21.70465
48.20001,24.80465
44.30001,26.60465
39.40001,26.40465
33.60001,23.30465
27.10001,18.20465
20.80001,11.40465
15.00001,4.004651
9.900006,-3.695349
4.500006,-12.09535
45.60001,13.60465
45.70001,17.00465
45.40001,19.30465
44.20001,21.00465
40.90001,21.40465
36.40001,19.90465
32.40001,16.60465
29.80001,13.20465
28.20001,10.90465
26.70001,8.504651
25.20001,4.704651
24.50001,0.1046509
25.30001,-3.795349
27.10001,-5.395349
28.60001,-4.395349
28.80001,-3.195349
28.90001,-3.195349
30.40001,-3.295349
33.50001,-1.395349
35.60001,2.204651
36.00001,5.704651
35.40001,8.204651
34.00001,9.904651
32.20001,10.50465
30.70001,9.604651
30.20001,7.904651
30.30001,5.804651
30.40001,4.004651
30.30001,2.204651
30.50001,0.2046509
31.10001,-2.095349
32.00001,-4.495349
33.20001,-7.295349
35.20001,-9.89535
37.60001,-11.89535
39.30001,-13.89535
41.50001,-16.79535
46.60001,-20.09535
53.30001,-22.39535
58.20001,-23.79535
60.50001,-24.19535
62.20001,-23.39535
61.90001,-21.29535
59.30001,-18.89535
56.30001,-16.19535
54.60001,-13.69535
53.80001,-11.29535
52.40001,-8.89535
50.90001,-6.295349
50.10001,-3.495349
49.90001,-0.6953492
49.30001,1.904651
48.70001,4.404651
48.50001,7.004651
48.70001,9.404651
48.40001,11.80465
48.20001,14.20465
48.10001,16.90465
47.80001,19.70465
46.50001,22.70465
43.90001,25.80465
40.20001,28.20465
35.50001,28.60465
30.00001,26.60465
23.60001,21.20465
17.10001,13.30465
11.30001,4.104651
6.200006,-5.195349
40.00001,8.904651
41.40001,13.00465
42.70001,15.90465
44.10001,18.50465
43.20001,21.10465
39.90001,22.10465
35.30001,19.80465
31.90001,15.70465
30.20001,12.30465
28.40001,9.404651
26.60001,5.304651
25.90001,-0.1953491
27.40001,-4.195349
29.30001,-5.195349
29.90001,-4.795349
30.20001,-5.795349
32.40001,-6.495349
35.60001,-4.895349
38.30001,-0.6953492
38.90001,3.904651
38.30001,7.004651
38.10001,8.804651
37.90001,10.10465
37.10001,10.70465
36.20001,9.704651
36.00001,7.604651
36.30001,5.104651
36.60001,2.904651
36.70001,1.004651
37.30001,-0.7953491
37.90001,-2.695349
38.10001,-4.895349
38.40001,-8.295349
40.10001,-12.49535
44.40001,-16.79535
49.60001,-20.19535
54.90001,-22.29535
60.40001,-23.09535
63.80001,-22.69535
63.70001,-21.99535
61.90001,-20.49535
60.40001,-18.09535
57.60001,-14.99535
53.20001,-11.69535
49.80001,-8.39535
47.80001,-5.795349
46.00001,-4.195349
44.00001,-2.795349
42.60001,-0.7953491
41.20001,1.504651
40.10001,3.504651
39.20001,5.104651
38.90001,6.804651
38.80001,8.804651
39.20001,11.30465
39.40001,14.00465
39.80001,16.90465
40.60001,19.60465
41.70001,21.90465
42.20001,24.00465
41.50001,26.00465
39.40001,27.90465
35.70001,29.40465
30.90001,29.50465
24.90001,27.00465
18.20001,21.40465
12.20001,12.50465
7.100006,2.404651
34.30001,6.104651
37.00001,9.904651
39.50001,12.80465
42.40001,15.50465
44.20001,18.80465
43.10001,21.70465
39.30001,21.70465
35.40001,18.60465
32.70001,14.10465
30.20001,10.10465
27.80001,5.404651
27.10001,4.65E-03
28.80001,-3.595349
30.20001,-4.295349
29.60001,-5.595349
30.20001,-8.995349
34.50001,-9.795349
38.50001,-5.995349
39.20001,-0.2953491
38.20001,3.904651
37.80001,5.904651
38.60001,7.504651
39.90001,8.604651
40.50001,8.804651
40.40001,7.404651
41.20001,4.904651
42.80001,2.204651
44.30001,0.3046509
45.10001,-1.195349
45.90001,-2.495349
46.00001,-4.195349
45.90001,-6.695349
46.10001,-11.09535
48.60001,-16.79535
54.60001,-22.39535
62.10001,-25.79535
67.40001,-25.79535
69.30001,-23.59535
66.50001,-20.29535
61.40001,-16.39535
56.80001,-12.39535
54.00001,-9.295349
51.50001,-6.995349
47.90001,-4.195349
44.20001,-1.795349
41.20001,4.65E-03
38.60001,0.7046509
36.60001,1.204651
35.00001,2.404651
33.10001,3.904651
31.20001,5.204651
30.00001,6.004651
29.80001,6.604651
30.40001,7.504651
31.40001,9.304651
32.10001,12.10465
32.30001,15.50465
32.80001,19.40465
33.80001,23.10465
35.10001,26.20465
36.40001,28.20465
36.90001,29.70465
35.30001,30.60465
31.70001,31.00465
26.10001,29.80465
19.60001,26.10465
13.10001,18.80465
8.100006,9.104651
28.40001,5.504651
32.10001,7.604651
35.40001,10.30465
39.20001,13.40465
42.20001,16.60465
43.70001,19.70465
42.40001,21.20465
39.70001,20.00465
37.00001,16.20465
34.30001,11.70465
31.70001,6.904651
30.30001,2.004651
30.90001,-1.295349
30.60001,-2.995349
28.80001,-6.295349
29.80001,-10.69535
34.90001,-10.49535
38.50001,-5.895349
38.00001,-1.695349
37.10001,0.7046509
36.90001,2.704651
37.60001,4.404651
39.10001,5.204651
40.70001,4.704651
42.00001,2.804651
44.40001,0.1046509
48.30001,-1.995349
51.30001,-3.095349
53.10001,-4.095349
54.50001,-5.495349
55.10001,-7.595349
55.40001,-10.89535
56.50001,-15.69535
59.20001,-20.29535
63.50001,-22.29535
66.90001,-21.69535
66.30001,-19.09535
62.90001,-15.99535
59.10001,-12.39535
55.20001,-8.39535
50.50001,-3.695349
46.10001,-0.5953491
42.10001,1.004651
38.20001,2.704651
33.90001,3.704651
30.20001,4.404651
28.10001,5.104651
27.10001,5.504651
26.20001,5.904651
24.80001,6.404651
23.00001,7.004651
21.30001,7.504651
20.40001,7.604651
21.00001,7.604651
23.20001,8.204651
25.40001,9.604651
27.10001,12.30465
28.00001,16.00465
28.10001,20.40465
28.10001,24.70465
29.10001,28.50465
30.90001,31.30465
31.90001,32.80465
31.20001,33.00465
27.70001,31.70465
22.20001,28.50465
15.80001,22.20465
10.60001,13.30465
23.90001,5.304651
27.00001,6.204651
31.00001,8.304651
35.00001,11.60465
38.10001,15.00465
40.60001,17.80465
41.90001,19.50465
41.80001,19.70465
40.50001,17.60465
38.50001,14.20465
35.80001,10.00465
33.70001,5.904651
32.30001,2.404651
30.20001,-1.195349
28.10001,-6.895349
29.80001,-11.49535
35.10001,-9.795349
37.60001,-5.295349
36.90001,-3.395349
36.80001,-2.495349
37.00001,-0.7953491
37.10001,0.6046509
38.10001,1.304651
39.40001,1.004651
41.10001,-1.195349
44.30001,-4.295349
49.60001,-6.795349
54.40001,-7.795349
57.30001,-8.595349
59.70001,-10.09535
61.40001,-12.39535
62.00001,-15.29535
62.10001,-18.09535
62.90001,-19.19535
63.60001,-17.19535
61.70001,-13.09535
56.60001,-9.595349
52.40001,-7.395349
52.70001,-5.695349
52.30001,-3.395349
49.10001,-0.1953491
45.30001,3.004651
41.30001,6.004651
36.20001,8.504651
29.20001,9.204651
22.20001,8.404651
16.70001,6.904651
13.20001,5.904651
12.60001,5.804651
12.90001,5.704651
12.80001,5.704651
12.20001,6.204651
11.40001,7.104651
11.40001,7.904651
13.30001,8.404651
16.30001,9.104651
19.90001,10.70465
22.50001,13.30465
23.40001,16.70465
23.30001,20.70465
23.40001,25.20465
24.40001,29.70465
26.70001,32.70465
28.90001,34.20465
28.70001,33.50465
25.40001,30.70465
19.80001,24.70465
15.00001,16.20465
22.10001,3.604651
24.10001,4.804651
27.60001,6.804651
31.20001,9.704651
33.60001,12.80465
35.80001,15.20465
38.00001,16.80465
39.70001,17.70465
40.10001,17.20465
39.10001,15.30465
36.50001,12.30465
33.50001,9.104651
30.70001,5.804651
28.00001,1.504651
26.30001,-5.495349
29.00001,-11.29535
35.00001,-10.39535
38.00001,-6.795349
38.00001,-5.395349
38.90001,-4.795349
39.90001,-3.795349
40.00001,-3.095349
40.40001,-2.195349
40.60001,-1.395349
40.20001,-2.495349
40.70001,-5.395349
44.40001,-9.295349
49.50001,-12.69535
54.00001,-15.09535
57.40001,-17.09535
59.40001,-18.99535
60.10001,-20.49535
59.60001,-20.19535
59.00001,-18.39535
58.20001,-15.09535
55.90001,-11.49535
52.60001,-9.19535
51.30001,-8.495349
53.90001,-7.695349
55.00001,-5.095349
53.70001,-0.7953491
51.50001,4.604651
49.20001,10.90465
45.40001,17.10465
38.80001,20.90465
30.00001,20.90465
19.10001,15.70465
8.400006,8.304651
1.800006,3.604651
-0.6999939,1.204651
-0.3999939,0.4046509
0.9000061,0.3046509
2.300006,1.404651
3.600006,3.304651
5.100006,5.504651
7.400006,7.304651
11.00001,9.004651
14.70001,11.20465
17.20001,14.00465
18.90001,17.20465
19.80001,21.00465
20.50001,25.50465
22.00001,29.80465
25.10001,32.80465
27.90001,33.50465
27.90001,31.80465
24.50001,26.20465
20.90001,18.30465
21.60001,1.204651
23.00001,2.904651
25.80001,4.804651
28.60001,7.504651
30.40001,10.40465
32.00001,12.70465
34.30001,14.10465
36.60001,15.00465
37.90001,15.20465
37.90001,14.50465
36.00001,12.30465
33.00001,9.604651
29.90001,6.604651
27.10001,2.904651
26.30001,-3.395349
29.90001,-9.69535
36.80001,-11.09535
41.00001,-9.495349
42.20001,-8.19535
43.70001,-7.295349
45.40001,-6.595349
46.30001,-5.895349
46.60001,-4.495349
46.20001,-2.995349
44.30001,-2.495349
41.80001,-3.695349
41.10001,-7.395349
42.80001,-12.39535
46.40001,-17.39535
49.90001,-20.99535
52.20001,-23.29535
53.70001,-24.59535
54.50001,-23.99535
55.00001,-22.09535
55.30001,-19.59535
54.40001,-16.99535
52.10001,-15.39535
50.50001,-14.29535
50.90001,-11.79535
50.70001,-7.695349
49.60001,-2.295349
48.20001,4.704651
46.50001,12.90465
44.10001,21.80465
40.00001,30.30465
33.90001,35.20465
24.80001,31.40465
13.30001,19.90465
1.700006,7.504651
-7.299994,-0.1953491
-11.19999,-3.295349
-11.29999,-5.095349
-8.599994,-5.595349
-4.999994,-4.295349
-1.599994,-1.095349
1.300006,2.304651
4.200006,5.004651
7.500006,7.904651
10.70001,11.40465
13.60001,14.70465
16.00001,17.70465
17.60001,21.50465
18.70001,26.00465
21.10001,29.80465
25.40001,31.80465
28.60001,31.60465
28.50001,27.00465
27.00001,20.20465
20.70001,-0.8953491
21.90001,0.9046509
24.00001,2.604651
26.70001,4.604651
28.30001,7.304651
29.60001,10.10465
31.70001,12.00465
34.00001,12.70465
35.70001,12.50465
36.70001,12.00465
36.20001,10.60465
34.70001,8.204651
32.60001,4.904651
30.90001,0.8046509
31.80001,-4.695349
36.10001,-10.29535
42.60001,-12.69535
47.10001,-12.89535
49.10001,-11.99535
50.70001,-10.89535
52.40001,-9.595349
53.70001,-8.095349
54.40001,-6.095349
54.00001,-4.095349
52.10001,-2.995349
49.50001,-2.995349
47.10001,-4.495349
45.30001,-7.495349
45.20001,-11.79535
46.30001,-16.19535
47.80001,-19.49535
49.50001,-21.79535
50.90001,-22.89535
51.90001,-22.99535
52.00001,-21.99535
51.00001,-19.79535
47.50001,-15.69535
43.10001,-9.995349
40.60001,-3.695349
40.00001,0.9046509
40.40001,3.304651
41.00001,6.604651
41.40001,12.90465
40.10001,21.60465
35.30001,31.50465
28.70001,40.10465
22.00001,42.20465
15.50001,34.10465
7.400006,18.40465
-2.099994,5.604651
-10.39999,-0.4953491
-15.69999,-4.795349
-16.99999,-8.495349
-14.79999,-10.69535
-9.499994,-9.39535
-3.899994,-5.695349
0.2000061,-1.395349
3.200006,2.504651
6.000006,6.804651
9.100006,11.10465
12.00001,14.40465
14.70001,17.80465
16.50001,22.20465
18.20001,26.10465
21.70001,28.50465
26.30001,29.60465
29.50001,27.20465
30.90001,21.80465
18.80001,-2.995349
19.70001,-1.195349
21.30001,0.4046509
24.00001,2.204651
26.00001,4.204651
27.40001,6.604651
29.40001,9.004651
31.60001,10.70465
33.50001,10.40465
35.10001,9.204651
35.90001,7.504651
36.10001,5.304651
35.90001,1.704651
36.10001,-2.995349
38.60001,-8.89535
43.20001,-13.89535
48.50001,-16.59535
52.80001,-17.29535
55.10001,-16.29535
56.50001,-14.49535
57.40001,-12.59535
58.10001,-10.69535
58.60001,-8.69535
57.90001,-6.695349
55.80001,-5.295349
53.60001,-4.795349
51.60001,-4.995349
49.30001,-5.795349
47.00001,-7.695349
45.40001,-10.39535
44.70001,-13.49535
44.60001,-16.19535
44.60001,-17.89535
44.50001,-18.39535
44.30001,-16.69535
44.10001,-12.59535
42.20001,-5.495349
38.90001,3.204651
36.40001,10.50465
34.60001,14.70465
33.50001,15.10465
33.70001,14.20465
35.80001,16.30465
37.00001,23.30465
32.70001,32.30465
25.00001,41.20465
17.50001,47.10465
12.90001,43.50465
10.20001,29.20465
5.300006,15.40465
-3.199994,7.504651
-11.69999,1.304651
-17.7,-5.595349
-20.09999,-12.69535
-16.7,-16.09535
-9.799994,-14.29535
-3.299994,-8.69535
0.6000061,-3.495349
3.200006,1.304651
6.000006,6.304651
8.900006,10.20465
11.70001,13.90465
14.50001,18.40465
16.30001,22.20465
18.50001,24.10465
22.50001,25.50465
27.40001,25.30465
31.60001,22.00465
15.80001,-5.395349
17.10001,-4.195349
18.50001,-2.295349
20.90001,-0.1953491
22.90001,1.604651
24.60001,2.804651
26.90001,4.504651
29.70001,6.604651
31.80001,7.204651
33.70001,5.904651
35.20001,3.504651
36.60001,0.6046509
37.40001,-3.095349
38.60001,-8.095349
41.70001,-13.79535
46.10001,-18.39535
50.10001,-20.29535
53.10001,-20.59535
54.60001,-19.29535
55.00001,-17.19535
54.50001,-14.69535
54.00001,-12.39535
53.50001,-10.39535
52.30001,-8.69535
50.30001,-7.395349
48.70001,-6.495349
47.30001,-6.195349
45.80001,-6.495349
43.80001,-6.995349
41.80001,-7.895349
39.70001,-8.995349
38.00001,-10.39535
36.90001,-11.69535
36.60001,-12.39535
37.70001,-11.09535
39.50001,-7.595349
39.10001,-2.095349
36.20001,3.704651
31.70001,9.104651
26.80001,14.10465
24.60001,17.90465
25.90001,19.60465
28.40001,21.30465
30.30001,25.70465
27.70001,32.20465
21.50001,40.40465
14.40001,47.40465
9.600006,46.10465
8.600006,35.20465
6.400006,24.40465
-0.6999939,16.30465
-9.199994,8.104651
-15.29999,-0.4953491
-18.99999,-9.595349
-18.2,-18.09535
-13.29999,-21.39535
-5.999994,-16.29535
-0.4999939,-9.095349
2.200006,-3.395349
4.600006,1.604651
7.100006,5.904651
9.800006,10.00465
12.80001,14.70465
14.70001,18.50465
16.10001,19.60465
19.00001,20.00465
23.40001,20.30465
28.40001,18.90465
12.70001,-7.695349
14.80001,-7.095349
16.20001,-5.495349
17.80001,-2.895349
19.60001,-0.9953491
21.20001,-0.1953491
23.90001,4.65E-03
27.10001,1.004651
30.20001,1.804651
32.80001,1.204651
35.10001,-0.6953492
36.90001,-3.395349
37.90001,-7.195349
38.90001,-11.79535
41.40001,-16.49535
44.60001,-19.89535
46.90001,-20.89535
47.90001,-20.69535
47.80001,-19.59535
47.00001,-17.89535
45.70001,-15.69535
44.20001,-13.09535
43.00001,-10.99535
41.70001,-9.39535
40.30001,-8.095349
39.40001,-6.895349
39.10001,-6.295349
38.80001,-5.895349
38.20001,-5.395349
37.20001,-4.595349
35.80001,-3.795349
34.20001,-3.095349
32.60001,-3.395349
31.80001,-4.595349
32.20001,-5.795349
32.90001,-6.195349
31.20001,-5.295349
27.40001,-3.395349
21.80001,0.4046509
17.00001,5.604651
17.90001,12.20465
22.00001,19.00465
24.20001,24.40465
25.10001,28.70465
23.40001,33.00465
18.40001,40.10465
12.20001,47.30465
8.200006,47.10465
7.700006,39.50465
5.900006,32.10465
-0.8999939,23.80465
-9.199994,13.10465
-14.29999,3.404651
-15.69999,-5.595349
-14.99999,-17.09535
-12.59999,-25.59535
-6.399994,-22.39535
-1.00E-01,-13.89535
2.700006,-6.895349
4.100006,-1.495349
5.900006,2.804651
8.500007,6.904651
11.60001,11.50465
13.10001,15.00465
14.00001,15.40465
16.20001,15.20465
19.60001,14.60465
23.80001,13.40465
10.60001,-8.89535
13.00001,-9.39535
14.70001,-8.39535
15.70001,-6.195349
16.60001,-3.695349
18.00001,-2.595349
20.30001,-3.195349
23.40001,-3.895349
27.30001,-4.095349
31.40001,-4.595349
34.40001,-5.895349
36.90001,-7.695349
38.20001,-10.09535
38.60001,-12.89535
39.40001,-15.49535
40.70001,-17.19535
41.30001,-17.49535
40.80001,-16.89535
39.30001,-15.29535
37.80001,-13.29535
36.20001,-11.69535
34.60001,-10.39535
33.30001,-9.39535
32.20001,-8.795349
31.30001,-8.19535
30.60001,-7.495349
30.20001,-6.795349
30.20001,-6.195349
30.10001,-5.295349
29.90001,-4.195349
29.20001,-2.695349
28.40001,-0.9953491
27.10001,0.7046509
25.80001,1.804651
24.50001,1.704651
22.90001,0.6046509
20.40001,-1.195349
17.50001,-3.595349
14.90001,-3.595349
14.90001,-9.53E-02
20.20001,7.004651
23.30001,15.80465
21.70001,23.70465
20.40001,29.30465
19.40001,33.00465
16.40001,39.10465
11.00001,46.20465
7.600006,47.20465
7.400006,41.10465
6.700006,35.30465
3.300006,28.50465
-2.899994,17.70465
-7.599994,6.204651
-8.199994,-3.895349
-7.199994,-16.09535
-6.499994,-27.09535
-2.399994,-26.09535
3.100006,-17.29535
4.600006,-8.89535
4.200006,-2.895349
5.100006,1.404651
7.400006,5.004651
10.10001,9.604651
11.60001,12.20465
12.50001,11.30465
14.40001,10.50465
17.50001,9.504651
20.90001,7.004651
9.300006,-9.295349
11.90001,-10.49535
13.90001,-10.59535
14.50001,-8.89535
14.30001,-6.095349
15.10001,-4.195349
17.20001,-4.895349
19.50001,-6.795349
23.30001,-8.595349
28.30001,-9.795349
31.90001,-10.89535
34.90001,-12.29535
37.20001,-13.49535
37.70001,-14.09535
37.00001,-13.89535
36.40001,-12.99535
35.90001,-11.59535
34.90001,-9.89535
32.90001,-7.295349
30.60001,-4.395349
28.90001,-2.895349
27.20001,-2.595349
25.60001,-3.195349
24.50001,-4.295349
23.60001,-5.695349
22.80001,-6.695349
22.30001,-7.395349
22.30001,-7.595349
22.70001,-7.195349
23.10001,-6.195349
23.50001,-4.895349
23.30001,-3.295349
22.70001,-1.095349
21.80001,1.704651
20.50001,4.404651
18.50001,6.304651
16.60001,5.904651
14.70001,2.504651
14.30001,-1.495349
16.80001,0.1046509
22.30001,5.604651
23.40001,13.20465
19.80001,21.40465
16.20001,27.80465
15.80001,31.20465
15.30001,36.10465
11.00001,42.80465
8.000007,43.70465
8.200006,37.60465
10.10001,32.70465
11.90001,29.50465
9.300006,21.70465
4.000006,8.504651
2.000006,-4.195349
2.400006,-16.09535
2.200006,-26.39535
4.500006,-26.59535
7.600006,-18.29535
6.800006,-9.595349
4.600006,-3.395349
4.700006,0.5046509
6.000006,4.204651
7.700006,8.704651
9.700006,10.00465
11.80001,7.104651
14.20001,5.604651
17.50001,4.504651
21.10001,1.604651
8.800006,-9.995349
11.90001,-10.89535
14.10001,-11.09535
14.50001,-9.995349
13.60001,-7.195349
13.50001,-4.795349
15.50001,-5.195349
17.10001,-7.695349
19.60001,-10.99535
24.30001,-13.29535
28.10001,-14.09535
30.50001,-14.99535
33.30001,-15.39535
34.80001,-15.09535
33.90001,-13.29535
32.20001,-10.79535
30.60001,-7.895349
29.00001,-5.495349
26.90001,-3.595349
24.50001,-1.895349
22.60001,-0.6953492
21.00001,-0.1953491
19.60001,-9.53E-02
18.40001,-0.2953491
17.10001,-1.095349
15.50001,-2.395349
14.20001,-4.095349
13.50001,-5.795349
14.00001,-6.695349
15.20001,-6.495349
16.90001,-5.395349
18.00001,-4.095349
18.40001,-2.795349
18.10001,-0.7953491
16.80001,2.104651
15.60001,4.904651
15.10001,7.104651
14.40001,6.604651
14.70001,3.504651
14.70001,1.604651
19.10001,3.804651
22.00001,10.10465
19.00001,17.80465
14.20001,23.60465
15.00001,26.90465
16.50001,31.80465
13.30001,37.50465
11.70001,38.00465
12.80001,32.70465
15.90001,28.90465
21.30001,28.20465
21.80001,24.30465
16.70001,12.30465
13.90001,-2.295349
14.00001,-14.39535
13.40001,-22.79535
12.90001,-22.29535
12.10001,-15.69535
8.600006,-8.69535
4.800006,-3.295349
3.600006,0.9046509
3.500006,4.904651
4.900006,7.904651
8.700006,6.704651
12.80001,2.704651
16.10001,0.7046509
20.70001,-1.195349
25.10001,-3.995349
9.100006,-11.29535
12.80001,-11.29535
15.10001,-10.89535
15.60001,-9.795349
14.40001,-7.095349
13.70001,-4.795349
15.60001,-5.295349
16.90001,-7.895349
17.80001,-11.69535
21.50001,-14.89535
25.20001,-15.69535
26.80001,-15.49535
28.20001,-14.59535
29.40001,-13.19535
29.00001,-11.79535
27.50001,-9.995349
25.50001,-8.095349
23.10001,-6.395349
20.80001,-5.495349
18.70001,-4.795349
17.20001,-4.195349
16.10001,-3.295349
15.10001,-2.095349
13.90001,-0.8953491
12.30001,-0.2953491
10.20001,0.1046509
8.000007,-0.3953491
6.300006,-1.595349
5.600006,-3.495349
5.800006,-5.095349
7.300006,-5.195349
8.900006,-4.295349
10.40001,-3.895349
11.70001,-3.295349
11.70001,-1.395349
11.40001,1.104651
11.40001,4.304651
11.60001,7.104651
12.20001,5.504651
12.30001,1.204651
17.00001,1.904651
21.60001,7.304651
19.30001,13.50465
15.90001,17.60465
18.70001,21.50465
20.20001,27.50465
17.90001,32.30465
18.50001,32.90465
19.40001,29.10465
20.90001,25.40465
26.80001,23.90465
29.90001,22.30465
27.40001,14.80465
25.70001,2.304651
25.20001,-9.795349
22.70001,-16.49535
18.30001,-15.39535
13.30001,-10.59535
7.900006,-5.595349
3.800006,-1.095349
2.700006,2.604651
3.000006,5.304651
5.800006,5.104651
11.30001,1.704651
15.90001,-1.795349
19.60001,-4.195349
25.40001,-7.795349
30.30001,-10.19535
10.90001,-12.79535
14.80001,-11.49535
16.40001,-9.995349
17.10001,-9.095349
16.80001,-7.395349
16.60001,-5.795349
18.10001,-5.995349
18.80001,-7.895349
18.10001,-10.99535
19.00001,-14.09535
21.70001,-14.99535
23.20001,-14.29535
23.30001,-11.89535
23.10001,-9.39535
22.90001,-8.095349
22.50001,-7.695349
21.30001,-6.995349
19.40001,-6.195349
17.60001,-5.395349
16.10001,-4.795349
15.30001,-3.695349
14.40001,-2.495349
13.20001,-1.295349
11.60001,-0.3953491
9.600006,0.1046509
7.400006,0.3046509
5.200006,0.4046509
3.300006,0.2046509
1.700006,-0.9953491
0.8000061,-3.095349
0.8000061,-4.695349
1.200006,-5.495349
2.600006,-6.095349
5.100006,-5.595349
7.200006,-3.695349
8.900006,-1.495349
10.00001,1.704651
11.00001,5.704651
12.10001,6.104651
12.60001,2.604651
17.10001,1.504651
21.70001,5.104651
21.20001,9.604651
21.90001,12.70465
26.40001,17.00465
27.60001,22.10465
27.00001,25.40465
28.60001,26.90465
28.80001,25.50465
28.20001,22.00465
31.10001,18.00465
34.20001,14.60465
33.60001,10.70465
31.50001,4.004651
28.80001,-3.095349
24.50001,-6.495349
19.20001,-5.195349
14.30001,-2.695349
10.80001,-0.3953491
9.200006,1.704651
9.700006,3.004651
11.20001,2.904651
14.10001,0.5046509
17.80001,-2.695349
20.50001,-5.095349
23.80001,-8.995349
29.70001,-14.09535
33.70001,-15.59535
14.10001,-13.59535
18.00001,-10.99535
18.20001,-8.89535
18.80001,-8.795349
19.90001,-8.69535
20.90001,-7.795349
22.10001,-7.195349
22.10001,-7.495349
19.80001,-9.495349
17.70001,-11.49535
17.80001,-12.19535
19.60001,-11.19535
21.00001,-8.69535
21.40001,-6.295349
22.00001,-5.195349
22.30001,-4.595349
21.00001,-3.795349
18.80001,-2.695349
16.80001,-1.995349
15.30001,-1.495349
14.00001,-0.7953491
12.70001,0.1046509
11.40001,0.8046509
9.800006,1.304651
8.000007,1.504651
5.900006,1.504651
3.600006,1.204651
1.200006,0.7046509
-0.9999939,-0.4953491
-2.399994,-2.095349
-3.199994,-3.995349
-3.099994,-6.395349
-2.099994,-7.695349
-0.4999939,-6.695349
2.200006,-5.095349
6.300006,-2.995349
9.100006,0.2046509
10.70001,4.604651
12.10001,5.704651
13.00001,2.504651
16.80001,0.4046509
20.90001,3.004651
22.60001,6.304651
26.80001,9.004651
33.50001,12.40465
37.70001,15.90465
39.50001,18.90465
40.50001,21.60465
41.10001,22.10465
41.00001,20.70465
41.50001,17.00465
43.30001,12.40465
43.10001,9.004651
40.20001,6.204651
36.20001,3.704651
32.00001,2.604651
28.40001,2.904651
25.60001,3.304651
23.50001,3.204651
22.20001,3.004651
22.00001,2.404651
22.50001,0.6046509
23.20001,-2.295349
23.60001,-4.395349
24.20001,-7.395349
27.20001,-13.69535
32.00001,-19.09535
34.80001,-19.19535
18.60001,-12.89535
21.80001,-10.79535
20.90001,-9.89535
21.30001,-10.79535
23.30001,-11.19535
25.20001,-10.29535
26.00001,-8.795349
25.40001,-8.095349
23.70001,-8.495349
21.70001,-9.19535
21.10001,-9.19535
22.50001,-8.495349
24.00001,-7.295349
24.50001,-6.195349
24.70001,-4.495349
24.40001,-1.895349
23.00001,0.6046509
20.30001,1.604651
17.00001,1.404651
14.00001,0.8046509
11.40001,-9.53E-02
9.300006,-0.7953491
8.000007,-0.6953492
7.000006,0.3046509
6.200006,1.804651
4.900006,2.904651
2.800006,3.104651
-1.00E-01,2.304651
-2.699994,0.2046509
-4.799994,-2.195349
-5.899994,-4.595349
-5.399994,-7.495349
-3.799994,-9.19535
-2.999994,-9.295349
-0.5999939,-8.39535
5.200006,-6.295349
9.900006,-1.995349
11.80001,3.004651
13.20001,3.704651
13.80001,-0.3953491
16.10001,-2.695349
19.30001,-0.3953491
22.50001,2.004651
27.60001,3.704651
34.50001,6.904651
40.70001,11.40465
44.00001,16.10465
45.40001,19.50465
48.40001,20.60465
51.00001,21.00465
51.80001,21.30465
53.20001,20.60465
53.40001,19.00465
51.30001,17.30465
47.60001,14.70465
42.90001,11.60465
38.20001,8.804651
34.90001,6.804651
32.80001,5.404651
30.90001,4.104651
29.10001,2.404651
27.60001,0.1046509
26.20001,-2.495349
25.40001,-4.895349
26.00001,-9.795349
28.50001,-17.49535
31.50001,-21.89535
33.20001,-21.09535
23.50001,-11.29535
24.80001,-11.09535
23.60001,-12.69535
24.00001,-14.19535
26.10001,-13.99535
27.60001,-12.19535
27.40001,-10.49535
26.70001,-9.495349
26.50001,-9.095349
26.20001,-8.795349
26.30001,-8.495349
26.60001,-8.295349
26.00001,-8.095349
24.70001,-7.095349
23.80001,-3.695349
23.00001,1.404651
22.10001,4.904651
20.10001,5.604651
16.80001,4.804651
13.30001,3.504651
10.20001,1.404651
7.800006,-0.6953492
6.200006,-1.295349
5.200006,4.65E-03
4.600006,2.404651
3.700006,4.404651
1.900006,5.104651
-0.6999939,4.604651
-3.099994,2.404651
-5.099994,-0.8953491
-6.199994,-4.695349
-6.099994,-8.295349
-4.599994,-11.19535
-3.699994,-12.49535
-1.599994,-11.79535
5.000006,-9.39535
11.20001,-3.495349
12.80001,2.604651
13.70001,2.004651
14.30001,-3.995349
16.00001,-6.595349
19.30001,-4.395349
24.00001,-3.495349
29.20001,-2.595349
33.20001,1.204651
36.90001,6.704651
40.00001,11.80465
42.10001,15.60465
45.90001,17.20465
49.70001,18.30465
50.70001,20.70465
51.10001,23.50465
51.20001,24.30465
50.60001,24.00465
49.10001,22.60465
46.30001,19.60465
42.50001,14.80465
39.50001,10.40465
37.60001,7.904651
35.50001,6.304651
32.40001,4.504651
29.00001,2.304651
26.40001,-0.7953491
25.80001,-4.895349
27.50001,-11.99535
29.50001,-19.79535
30.70001,-22.79535
31.30001,-20.99535
27.40001,-9.595349
26.80001,-10.99535
25.80001,-13.39535
26.10001,-14.99535
27.20001,-13.99535
27.00001,-11.79535
25.80001,-10.49535
25.20001,-9.995349
25.80001,-9.495349
26.00001,-9.095349
25.50001,-8.69535
24.50001,-8.19535
23.00001,-6.595349
21.60001,-3.895349
20.90001,0.5046509
20.10001,5.004651
18.80001,7.504651
16.80001,8.204651
14.10001,7.904651
11.00001,7.004651
9.000007,5.304651
8.100006,3.204651
7.100006,2.504651
5.700006,3.104651
4.300006,4.704651
3.000006,6.104651
1.700006,6.704651
-0.1999939,6.504651
-2.599994,4.004651
-4.499994,0.2046509
-5.199994,-4.495349
-5.499994,-8.89535
-4.799994,-11.99535
-3.699994,-13.59535
-1.699994,-13.39535
4.500006,-11.39535
10.30001,-4.995349
11.70001,0.9046509
13.10001,-1.095349
14.50001,-8.295349
17.00001,-10.29535
21.60001,-8.595349
26.90001,-8.69535
31.20001,-7.395349
33.50001,-3.395349
35.30001,1.004651
36.30001,5.104651
36.40001,8.504651
38.00001,10.40465
39.60001,12.10465
40.10001,14.30465
40.20001,16.70465
40.50001,18.30465
41.00001,18.40465
42.20001,18.60465
42.80001,18.80465
43.10001,17.60465
43.40001,15.40465
43.20001,14.10465
41.30001,13.20465
36.80001,11.30465
31.50001,8.204651
28.30001,3.404651
27.70001,-3.395349
29.20001,-12.69535
30.10001,-20.29535
30.00001,-20.39535
29.30001,-16.29535
30.70001,-9.595349
29.90001,-11.39535
28.40001,-13.09535
27.90001,-12.89535
27.60001,-10.89535
26.30001,-9.095349
25.20001,-8.495349
25.00001,-8.19535
25.10001,-7.895349
24.30001,-7.595349
22.60001,-6.595349
20.90001,-4.295349
19.90001,-0.9953491
19.20001,2.404651
18.70001,4.904651
17.50001,6.504651
15.70001,7.404651
13.60001,8.304651
10.80001,9.004651
8.000007,8.904651
6.800006,7.104651
6.900006,5.204651
6.500006,5.104651
5.700006,6.004651
4.800006,6.504651
3.800006,7.304651
3.500006,8.404651
3.000006,8.304651
0.8000061,5.604651
-1.799994,1.504651
-3.599994,-4.295349
-4.699994,-9.19535
-4.299994,-12.09535
-2.699994,-13.29535
-0.7999939,-13.39535
3.900006,-11.69535
8.600006,-6.295349
10.60001,-1.295349
12.50001,-4.495349
14.60001,-12.29535
18.30001,-13.49535
23.20001,-11.69535
26.60001,-11.99535
28.50001,-9.69535
31.70001,-6.295349
34.60001,-3.595349
33.70001,-9.53E-02
31.70001,2.704651
31.80001,4.204651
31.80001,7.104651
30.90001,10.20465
31.30001,12.60465
32.40001,14.00465
34.30001,13.40465
36.30001,12.50465
36.70001,13.70465
37.70001,15.70465
39.60001,17.50465
41.60001,19.20465
42.00001,20.10465
39.10001,17.40465
34.90001,12.30465
32.30001,5.904651
31.60001,-1.795349
31.60001,-11.39535
30.80001,-17.79535
29.40001,-15.69535
27.90001,-11.19535
31.50001,-9.495349
30.60001,-11.59535
28.40001,-12.09535
27.00001,-10.19535
26.40001,-7.795349
25.70001,-6.795349
25.50001,-6.495349
25.20001,-5.795349
24.10001,-5.295349
22.30001,-4.595349
20.30001,-2.495349
18.90001,0.6046509
18.10001,3.404651
17.10001,5.204651
15.60001,5.604651
14.40001,5.204651
13.80001,5.504651
12.80001,7.004651
11.30001,9.504651
9.900006,11.10465
8.900006,9.204651
7.100006,5.504651
5.400006,4.804651
5.500006,6.304651
6.100006,7.004651
5.800006,7.304651
6.000006,8.904651
6.700006,10.10465
6.200006,9.104651
3.900006,5.204651
0.9000061,-1.295349
-1.299994,-7.295349
-1.399994,-10.79535
-0.8999939,-12.29535
-0.1999939,-11.69535
2.300006,-10.19535
6.100006,-6.995349
8.300006,-3.795349
9.800006,-7.395349
13.20001,-15.39535
18.40001,-16.39535
21.60001,-13.99535
22.00001,-13.19535
21.80001,-10.39535
24.70001,-6.995349
28.10001,-4.695349
27.60001,-2.095349
26.20001,-0.6953492
27.00001,-9.53E-02
27.40001,2.704651
25.90001,7.304651
26.10001,10.80465
27.90001,12.40465
31.00001,11.70465
34.50001,10.10465
35.40001,10.10465
34.60001,11.00465
34.70001,12.40465
35.70001,14.80465
36.00001,17.00465
35.20001,16.50465
34.50001,12.50465
34.70001,6.004651
35.10001,-1.795349
34.60001,-9.295349
32.50001,-12.49535
29.40001,-10.19535
27.30001,-8.69535
30.60001,-8.39535
28.50001,-9.69535
25.40001,-9.39535
23.70001,-7.595349
23.80001,-6.295349
24.10001,-6.395349
23.90001,-6.095349
22.90001,-4.995349
21.30001,-4.095349
19.80001,-2.695349
18.70001,-0.3953491
18.10001,2.004651
17.50001,3.604651
16.10001,4.604651
14.10001,4.804651
13.00001,4.304651
13.20001,5.104651
13.70001,7.904651
14.00001,11.70465
14.00001,14.70465
13.30001,13.60465
11.20001,9.204651
9.500007,7.204651
9.400006,8.104651
8.800006,7.904651
7.000006,7.104651
5.800006,7.604651
6.600006,8.904651
8.300006,9.504651
8.400006,8.104651
6.100006,3.004651
3.500006,-3.295349
1.800006,-8.495349
0.4000061,-11.19535
0.1000061,-10.49535
1.700006,-8.89535
4.600006,-7.695349
6.700006,-6.995349
7.600006,-10.39535
11.20001,-17.19535
16.80001,-19.19535
18.40001,-16.49535
17.00001,-14.39535
16.30001,-11.29535
17.40001,-7.395349
18.70001,-4.395349
19.00001,-3.095349
19.20001,-3.295349
21.00001,-3.495349
22.40001,-0.9953491
21.20001,3.904651
21.00001,7.804651
21.40001,9.904651
22.90001,10.50465
27.90001,9.504651
32.60001,9.404651
33.80001,8.704651
33.70001,7.304651
33.90001,7.704651
33.10001,9.004651
31.90001,9.704651
32.30001,8.804651
33.70001,4.604651
34.80001,-1.895349
34.10001,-7.295349
31.00001,-7.995349
26.60001,-5.795349
24.40001,-5.995349
26.50001,-5.095349
23.60001,-6.295349
22.00001,-6.895349
21.90001,-6.995349
21.80001,-6.995349
21.50001,-6.995349
20.50001,-5.895349
18.80001,-4.695349
17.60001,-3.695349
17.40001,-2.095349
18.40001,4.65E-03
18.90001,1.704651
18.20001,3.304651
16.70001,5.004651
14.80001,5.904651
13.20001,5.804651
13.70001,6.404651
14.90001,9.304651
15.80001,12.70465
15.40001,15.40465
14.60001,15.90465
14.50001,13.30465
14.70001,11.00465
13.80001,10.70465
11.80001,10.40465
8.700006,9.104651
6.000006,7.704651
5.200006,7.004651
6.800006,7.304651
8.100006,7.104651
7.800006,4.204651
6.100006,-0.6953492
3.500006,-6.095349
1.100006,-9.595349
0.7000061,-8.995349
2.100006,-7.195349
4.300006,-7.195349
7.100006,-8.69535
8.100006,-12.19535
9.500007,-17.69535
13.10001,-20.19535
13.50001,-17.89535
11.60001,-14.19535
11.10001,-10.49535
12.30001,-6.895349
13.70001,-5.295349
14.50001,-5.395349
14.80001,-5.795349
16.20001,-4.995349
17.40001,-2.195349
16.80001,1.704651
17.10001,3.604651
17.00001,4.704651
16.00001,5.904651
19.00001,5.204651
24.00001,5.604651
27.80001,6.204651
29.80001,5.504651
31.20001,5.804651
32.00001,5.904651
32.10001,4.804651
32.80001,3.004651
33.30001,0.8046509
32.80001,-2.595349
31.50001,-5.695349
28.30001,-6.095349
24.40001,-4.595349
22.30001,-4.395349
17.30001,-0.8953491
15.40001,-3.895349
17.80001,-7.095349
20.40001,-8.595349
19.10001,-8.495349
17.50001,-7.295349
16.30001,-4.795349
15.20001,-3.195349
15.30001,-2.595349
16.70001,-1.295349
19.30001,0.6046509
20.90001,2.604651
19.80001,5.204651
17.70001,6.904651
15.70001,7.204651
14.20001,7.204651
14.10001,6.904651
15.60001,8.204651
16.50001,11.00465
15.70001,13.70465
14.80001,15.20465
15.40001,14.70465
16.20001,12.70465
15.60001,11.60465
14.70001,12.30465
13.80001,12.80465
12.00001,11.00465
9.600006,8.704651
7.900006,7.204651
7.200006,5.604651
6.800006,3.204651
5.900006,-9.53E-02
3.900006,-4.195349
1.500006,-6.895349
0.5000061,-6.395349
1.000006,-5.295349
3.100006,-6.695349
6.800006,-9.19535
8.800006,-13.69535
8.900006,-18.99535
9.500007,-20.79535
8.600006,-17.99535
7.100006,-13.29535
6.600006,-8.295349
9.000007,-5.095349
12.70001,-5.295349
14.00001,-6.995349
13.60001,-7.395349
13.50001,-5.495349
14.00001,-2.195349
14.70001,4.65E-03
16.60001,-0.1953491
18.10001,-0.6953492
18.30001,0.2046509
19.30001,0.1046509
20.30001,0.8046509
21.80001,2.704651
23.20001,4.104651
23.90001,5.204651
25.10001,5.704651
27.30001,4.604651
30.00001,2.104651
30.80001,-0.3953491
29.40001,-2.195349
27.40001,-2.995349
24.90001,-2.995349
21.80001,-2.295349
18.30001,-1.495349
12.80001,-1.495349
12.10001,-4.195349
14.90001,-7.495349
17.00001,-8.89535
14.80001,-8.19535
13.20001,-6.795349
13.20001,-4.395349
14.40001,-2.595349
16.00001,-1.395349
17.10001,4.65E-03
19.40001,1.604651
21.00001,3.704651
20.50001,7.004651
19.10001,8.804651
17.70001,8.004651
17.00001,7.004651
16.40001,5.804651
16.30001,6.104651
16.40001,8.804651
15.70001,11.00465
15.60001,12.60465
16.60001,14.20465
18.00001,14.50465
18.20001,13.20465
18.00001,13.10465
17.40001,14.30465
17.00001,14.30465
15.40001,12.60465
12.90001,10.10465
10.90001,7.304651
8.600006,4.104651
6.800006,0.7046509
5.200006,-2.495349
3.300006,-4.595349
2.000006,-4.695349
1.500006,-5.395349
2.900006,-7.295349
6.200006,-9.39535
8.300006,-14.89535
8.200006,-20.59535
7.500006,-20.19535
6.800006,-16.49535
6.500006,-12.19535
6.700006,-7.695349
10.00001,-4.795349
13.90001,-4.895349
14.90001,-5.495349
14.70001,-5.095349
15.50001,-3.895349
16.50001,-2.895349
18.10001,-2.995349
20.20001,-3.695349
21.60001,-3.495349
22.40001,-1.895349
23.30001,-0.3953491
23.40001,1.004651
23.40001,3.004651
23.20001,4.104651
21.40001,3.704651
19.70001,3.704651
19.30001,3.904651
20.00001,3.004651
20.50001,1.204651
19.50001,-0.2953491
17.40001,-0.4953491
14.80001,-0.2953491
13.00001,-0.6953492
9.900006,-0.6953492
13.30001,-4.195349
11.80001,-4.295349
11.90001,-5.895349
12.40001,-7.395349
11.30001,-7.195349
10.60001,-6.195349
11.30001,-4.895349
13.60001,-3.495349
15.30001,-1.295349
15.80001,1.104651
17.10001,2.504651
18.80001,3.304651
19.50001,5.904651
20.50001,8.504651
21.00001,7.704651
20.90001,6.304651
20.60001,5.504651
19.50001,6.204651
18.40001,8.104651
17.40001,8.604651
16.30001,8.804651
17.70001,11.40465
19.80001,14.50465
20.60001,14.80465
20.30001,13.90465
17.90001,14.30465
16.00001,14.80465
15.20001,13.90465
15.30001,12.00465
15.60001,10.00465
13.50001,6.704651
11.20001,3.204651
9.700006,-9.53E-02
8.200006,-2.395349
6.700006,-4.095349
5.100006,-5.895349
4.700006,-7.495349
6.200006,-9.39535
7.300006,-15.29535
7.200006,-20.19535
7.300006,-18.29535
7.800006,-14.69535
8.200006,-11.79535
10.30001,-8.69535
14.40001,-6.395349
17.30001,-5.295349
18.70001,-3.895349
21.30001,-2.195349
23.60001,-2.195349
24.40001,-3.495349
24.80001,-4.695349
25.60001,-4.295349
25.90001,-2.195349
25.90001,0.2046509
26.70001,2.004651
28.10001,4.104651
29.40001,6.404651
29.30001,7.004651
26.60001,5.604651
23.10001,4.604651
19.40001,3.804651
16.20001,2.704651
14.20001,1.204651
12.80001,-0.7953491
11.10001,-2.695349
9.000007,-3.895349
8.500007,-4.995349
7.900006,-6.095349
13.90001,-6.295349
12.60001,-5.495349
11.30001,-5.295349
10.60001,-6.395349
10.10001,-6.695349
9.400006,-6.095349
9.200006,-5.495349
10.40001,-4.995349
11.70001,-2.495349
12.10001,1.004651
13.50001,2.304651
15.50001,1.704651
16.80001,3.004651
19.30001,5.904651
21.70001,7.004651
22.70001,6.304651
22.90001,5.704651
22.30001,6.804651
21.60001,8.604651
20.20001,8.004651
18.40001,6.104651
20.80001,7.304651
21.60001,11.70465
20.30001,14.90465
20.60001,15.40465
18.70001,15.10465
15.70001,14.80465
14.20001,13.50465
14.60001,11.60465
16.00001,9.904651
15.60001,7.704651
14.30001,5.104651
13.00001,2.504651
11.30001,-9.53E-02
9.400006,-2.895349
7.100006,-5.195349
6.000006,-6.695349
6.900006,-10.19535
8.200006,-16.79535
8.800006,-20.19535
9.800006,-17.29535
11.20001,-14.09535
13.40001,-12.09535
17.10001,-9.995349
20.50001,-8.19535
22.30001,-6.595349
25.20001,-4.795349
29.40001,-3.095349
31.00001,-2.595349
30.80001,-2.795349
30.70001,-2.595349
30.50001,-1.095349
30.00001,1.204651
29.60001,3.004651
29.80001,4.304651
30.30001,6.204651
30.80001,8.204651
30.90001,8.704651
29.50001,7.904651
27.20001,6.804651
24.00001,5.304651
20.70001,3.604651
18.00001,1.804651
15.80001,-1.395349
14.00001,-5.495349
12.50001,-7.495349
11.90001,-7.595349
11.70001,-9.69535
13.20001,-7.795349
13.00001,-7.295349
11.80001,-5.995349
10.50001,-5.795349
9.600006,-5.495349
8.600006,-4.595349
7.700006,-4.695349
7.700006,-5.395349
8.100006,-3.195349
8.000007,1.004651
9.300006,2.104651
12.10001,0.6046509
13.70001,0.3046509
15.40001,2.304651
18.00001,4.604651
19.80001,5.804651
21.30001,5.604651
22.20001,5.004651
21.80001,6.204651
21.80001,7.504651
22.90001,6.504651
26.00001,7.904651
25.40001,13.00465
22.50001,17.40465
21.70001,17.90465
19.70001,16.60465
16.40001,15.40465
14.40001,13.80465
13.40001,11.00465
13.70001,7.904651
14.10001,5.704651
13.70001,4.404651
12.30001,2.804651
10.40001,0.8046509
8.400006,-1.795349
6.900006,-4.095349
6.700006,-6.395349
8.500007,-11.79535
11.10001,-18.49535
12.90001,-19.59535
14.70001,-16.09535
17.30001,-13.59535
20.80001,-12.29535
24.00001,-10.99535
25.70001,-9.495349
27.30001,-7.995349
30.20001,-6.795349
32.70001,-5.495349
32.60001,-3.995349
32.20001,-2.695349
32.70001,-1.495349
32.30001,-9.53E-02
31.20001,2.004651
30.40001,3.804651
30.00001,5.004651
29.70001,6.504651
29.60001,7.704651
29.80001,8.104651
29.40001,7.204651
28.10001,6.004651
25.60001,5.004651
23.00001,4.604651
21.20001,4.004651
19.50001,1.604651
17.60001,-3.095349
17.00001,-5.695349
17.40001,-5.695349
17.80001,-9.19535
11.70001,-6.095349
12.10001,-6.295349
11.30001,-5.795349
10.40001,-5.095349
9.300006,-3.395349
8.100006,-1.795349
7.600006,-1.795349
7.200006,-2.095349
6.400006,-0.3953491
4.700006,2.204651
4.700006,3.004651
7.700006,1.904651
10.00001,0.3046509
10.30001,-0.1953491
12.00001,1.104651
14.30001,2.804651
16.90001,4.104651
19.50001,3.604651
19.80001,2.404651
18.80001,4.104651
20.20001,7.704651
22.00001,11.30465
23.70001,17.00465
25.20001,22.50465
24.20001,22.60465
20.40001,19.40465
16.90001,16.80465
15.30001,14.90465
13.50001,11.50465
12.10001,7.204651
12.30001,4.704651
12.10001,4.104651
11.00001,3.504651
9.800006,1.804651
8.900006,-0.9953491
8.400006,-4.095349
9.400006,-8.295349
12.20001,-14.79535
15.50001,-18.59535
17.70001,-17.09535
20.50001,-14.49535
23.40001,-13.59535
25.10001,-12.79535
26.40001,-11.89535
28.00001,-9.89535
29.90001,-8.095349
31.30001,-7.395349
31.50001,-6.395349
30.50001,-4.795349
29.90001,-3.195349
30.30001,-1.795349
30.10001,-0.2953491
29.20001,1.804651
28.20001,3.704651
27.60001,5.104651
27.40001,6.104651
27.60001,6.904651
28.10001,7.304651
28.80001,6.504651
28.80001,5.004651
26.90001,3.404651
24.00001,2.904651
22.20001,3.704651
20.90001,3.404651
20.00001,4.65E-03
20.20001,-2.995349
20.50001,-3.295349
19.80001,-4.595349
11.90001,-5.895349
12.60001,-5.295349
11.80001,-4.695349
10.80001,-3.795349
9.500007,-2.295349
9.000007,-1.295349
9.200006,-0.5953491
9.500007,0.9046509
8.300006,2.804651
4.900006,3.404651
1.800006,2.904651
3.000006,2.204651
5.500006,1.004651
5.600006,-0.6953492
5.500006,-1.695349
7.700006,-0.4953491
10.30001,1.904651
13.20001,3.304651
15.00001,1.604651
13.70001,1.004651
12.10001,5.504651
12.30001,10.20465
16.40001,15.80465
23.50001,23.70465
24.70001,26.00465
20.80001,22.80465
17.20001,19.10465
16.20001,16.50465
15.00001,13.10465
13.10001,9.104651
13.00001,6.404651
12.90001,6.104651
12.20001,5.604651
12.30001,3.104651
12.50001,-1.295349
12.80001,-6.095349
14.30001,-11.89535
17.30001,-17.69535
19.40001,-18.29535
20.50001,-15.69535
23.10001,-14.39535
25.30001,-13.79535
25.40001,-13.29535
25.90001,-12.39535
27.00001,-9.795349
27.90001,-7.395349
28.30001,-6.495349
28.30001,-5.495349
27.20001,-4.295349
26.60001,-2.695349
27.20001,-0.9953491
27.80001,0.4046509
27.00001,2.104651
25.40001,4.004651
23.50001,5.704651
22.10001,6.804651
21.50001,6.904651
21.80001,6.604651
23.20001,6.404651
25.00001,5.504651
25.60001,3.204651
24.60001,1.204651
22.70001,1.204651
21.30001,2.104651
20.40001,0.8046509
19.50001,-1.595349
17.40001,-1.695349
14.40001,-0.5953491
12.30001,-6.495349
12.70001,-2.895349
10.60001,-1.095349
7.700006,0.1046509
6.700006,1.104651
7.600006,1.504651
8.000007,2.204651
7.800006,3.404651
7.900006,4.704651
5.400006,5.604651
0.9000061,5.204651
-0.4999939,3.204651
1.600006,1.704651
2.000006,4.65E-03
1.000006,-2.495349
1.300006,-3.595349
3.000006,-2.295349
4.500006,-0.3953491
6.600006,1.104651
6.800006,1.604651
5.100006,3.804651
5.500006,6.904651
9.700006,11.20465
18.30001,19.40465
23.70001,25.80465
21.80001,24.80465
17.50001,20.50465
16.30001,17.50465
16.80001,14.50465
16.20001,11.30465
16.30001,8.604651
16.40001,6.804651
16.10001,4.904651
16.70001,1.004651
17.70001,-4.195349
18.30001,-10.09535
20.00001,-15.69535
21.70001,-19.29535
21.50001,-18.59535
20.70001,-16.89535
22.00001,-15.69535
23.20001,-14.09535
23.40001,-13.29535
23.40001,-12.29535
23.10001,-9.795349
23.00001,-7.695349
23.70001,-6.695349
24.10001,-5.695349
23.60001,-4.695349
23.90001,-3.595349
25.40001,-2.195349
26.20001,-0.4953491
25.30001,1.904651
23.20001,4.804651
20.50001,7.504651
17.90001,9.004651
16.10001,8.604651
15.10001,7.104651
15.20001,5.604651
15.80001,4.804651
17.20001,3.604651
18.30001,2.004651
18.10001,1.404651
17.00001,2.104651
15.90001,2.004651
14.50001,0.6046509
12.10001,-0.1953491
9.300006,0.1046509
13.50001,3.304651
12.70001,8.204651
9.900006,8.504651
6.800006,9.104651
6.600006,10.20465
7.900006,9.804651
5.200006,8.204651
0.7000061,6.304651
6.10E-06,5.804651
0.9000061,8.804651
-0.7999939,10.50465
-2.199994,7.504651
-0.8999939,3.204651
-0.4999939,0.7046509
-1.699994,-1.395349
-1.999994,-3.595349
-1.799994,-4.995349
-1.799994,-4.795349
-0.1999939,-1.695349
0.3000061,1.304651
-0.9999939,2.204651
0.2000061,3.704651
3.700006,6.804651
11.60001,13.50465
21.40001,23.80465
23.50001,26.50465
19.00001,21.60465
17.50001,18.20465
19.30001,15.10465
19.50001,12.10465
19.30001,9.104651
19.60001,5.704651
20.10001,1.804651
21.20001,-2.895349
22.50001,-8.19535
23.40001,-13.59535
24.30001,-17.59535
24.00001,-19.09535
22.10001,-18.89535
20.60001,-18.49535
20.70001,-16.89535
20.80001,-14.39535
20.70001,-12.89535
20.40001,-11.79535
19.80001,-9.995349
20.00001,-8.495349
20.60001,-7.995349
20.90001,-7.495349
21.10001,-7.095349
22.60001,-6.395349
24.40001,-4.995349
24.70001,-2.395349
23.20001,1.104651
21.00001,4.704651
18.70001,7.304651
16.60001,9.204651
14.50001,9.904651
12.80001,8.804651
11.60001,5.904651
10.50001,3.304651
9.900006,2.504651
10.20001,2.504651
10.70001,2.704651
10.70001,3.304651
10.10001,3.604651
9.400006,3.204651
8.000007,2.104651
6.200006,1.104651
18.50001,10.00465
15.30001,11.60465
12.40001,11.50465
10.40001,12.10465
10.40001,12.00465
10.20001,9.404651
5.300006,5.504651
-2.399994,2.304651
-5.699994,3.504651
-3.699994,9.304651
-2.899994,12.30465
-4.499994,9.604651
-4.199994,4.604651
-3.799994,1.204651
-4.199994,0.5046509
-3.899994,-0.7953491
-4.499994,-3.395349
-5.899994,-5.495349
-4.799994,-4.295349
-3.699994,-2.095349
-4.499994,-1.395349
-3.599994,-0.1953491
-0.5999939,3.004651
5.200006,7.304651
16.80001,19.10465
24.30001,26.80465
22.10001,22.10465
21.00001,17.60465
23.30001,14.20465
23.30001,10.90465
22.30001,7.704651
22.90001,3.404651
24.20001,-1.495349
25.50001,-6.695349
26.50001,-11.49535
26.70001,-15.19535
25.70001,-16.99535
23.80001,-17.69535
22.10001,-18.29535
21.40001,-18.59535
20.50001,-16.69535
19.20001,-14.09535
18.60001,-12.79535
18.40001,-11.99535
18.70001,-10.59535
19.20001,-9.39535
19.20001,-9.39535
19.20001,-9.69535
20.50001,-10.09535
22.60001,-9.89535
23.60001,-7.695349
22.50001,-4.095349
20.50001,4.65E-03
19.00001,3.204651
17.90001,5.804651
16.00001,8.404651
13.20001,10.50465
11.00001,10.90465
10.30001,8.504651
9.800006,4.904651
9.000007,2.004651
8.000007,1.304651
7.400006,2.304651
7.000006,3.304651
6.700006,4.304651
6.300006,5.104651
5.300006,5.104651
3.400006,4.004651
24.70001,5.804651
19.70001,6.604651
15.40001,7.604651
11.60001,7.904651
8.900006,6.604651
7.400006,3.904651
4.700006,-0.1953491
-0.2999939,-3.395349
-4.299994,0.8046509
-4.599994,10.10465
-5.899994,13.60465
-9.399994,11.40465
-10.19999,7.104651
-8.699994,3.104651
-7.099994,1.304651
-5.599994,-9.53E-02
-5.699994,-2.295349
-7.499994,-4.595349
-7.399994,-4.995349
-7.099994,-4.595349
-7.299994,-4.895349
-6.099994,-3.795349
-3.299994,0.1046509
0.6000061,2.404651
11.90001,12.50465
24.00001,24.40465
25.60001,21.40465
25.80001,15.90465
28.90001,12.70465
28.90001,9.104651
27.60001,5.304651
28.30001,0.9046509
29.60001,-3.295349
29.60001,-6.895349
29.10001,-10.19535
28.10001,-12.79535
26.00001,-14.09535
23.80001,-15.09535
22.90001,-16.39535
22.50001,-16.69535
20.70001,-15.19535
18.60001,-13.29535
18.00001,-12.79535
18.30001,-12.69535
18.70001,-11.79535
18.90001,-11.09535
18.30001,-11.59535
18.50001,-12.39535
20.70001,-13.09535
22.70001,-12.49535
22.00001,-9.495349
19.90001,-5.295349
18.00001,-1.195349
17.40001,2.704651
16.30001,6.804651
13.10001,11.00465
8.800006,13.50465
7.000006,13.50465
7.700006,11.40465
8.300006,8.504651
8.200006,4.704651
7.300006,2.404651
6.000006,2.704651
5.000006,3.904651
4.300006,5.004651
4.000006,6.004651
3.500006,6.304651
2.100006,5.904651
24.10001,5.204651
21.10001,7.304651
18.40001,7.004651
15.00001,5.704651
10.80001,3.304651
7.700006,-9.53E-02
5.800006,-3.895349
2.300006,-5.095349
-2.899994,3.004651
-6.599994,13.80465
-9.199994,15.90465
-12.69999,12.90465
-14.49999,9.004651
-12.99999,4.304651
-10.19999,0.6046509
-7.499994,-1.595349
-5.499994,-3.095349
-5.499994,-4.395349
-6.999994,-4.595349
-10.09999,-6.095349
-10.49999,-7.795349
-7.599994,-7.095349
-4.599994,-2.495349
-1.599994,-0.7953491
7.000006,5.504651
21.00001,18.60465
27.70001,20.00465
29.00001,14.80465
31.70001,12.30465
32.60001,9.104651
31.30001,5.404651
31.10001,2.004651
31.20001,-0.4953491
29.70001,-2.195349
27.40001,-3.695349
25.90001,-5.895349
24.90001,-8.19535
24.00001,-10.09535
23.60001,-12.09535
22.60001,-13.39535
20.50001,-12.99535
19.00001,-12.39535
19.20001,-12.49535
19.60001,-12.99535
19.70001,-12.99535
19.50001,-13.19535
18.90001,-14.09535
19.50001,-14.99535
21.30001,-14.89535
22.00001,-13.29535
19.80001,-9.795349
16.80001,-5.595349
14.40001,-0.5953491
12.40001,4.904651
9.800006,10.60465
6.500006,15.20465
3.500006,16.90465
3.500006,15.20465
5.900006,12.00465
6.700006,9.804651
6.100006,7.604651
5.400006,5.704651
5.000006,5.604651
4.400006,6.204651
3.400006,6.604651
2.500006,6.504651
1.900006,6.104651
1.000006,5.404651
9.600006,10.90465
9.000007,11.50465
10.80001,8.904651
12.90001,6.704651
12.80001,3.804651
10.30001,-0.7953491
6.500006,-4.395349
1.500006,-2.195349
-4.099994,8.404651
-7.499994,16.80465
-9.199994,14.50465
-11.59999,10.00465
-14.19999,7.504651
-14.49999,3.904651
-12.39999,-0.1953491
-9.299994,-2.395349
-5.599994,-3.995349
-3.799994,-5.495349
-7.099994,-6.495349
-11.79999,-9.19535
-11.49999,-11.09535
-7.499994,-9.595349
-4.799994,-5.195349
-2.399994,-2.895349
2.800006,-0.4953491
14.90001,10.80465
25.80001,17.80465
28.70001,15.40465
28.90001,12.80465
29.80001,10.30465
28.90001,7.304651
27.40001,5.004651
27.30001,2.404651
26.70001,-9.53E-02
25.20001,-1.895349
24.10001,-3.595349
23.90001,-5.495349
23.90001,-7.295349
23.50001,-9.495349
22.40001,-11.19535
21.20001,-11.89535
20.70001,-11.89535
21.10001,-12.29535
21.10001,-12.69535
21.00001,-13.19535
20.80001,-14.19535
20.80001,-15.79535
21.30001,-16.59535
21.90001,-15.59535
20.20001,-12.89535
16.20001,-8.69535
11.90001,-3.395349
7.800006,3.204651
3.900006,10.00465
0.9000061,15.10465
6.10E-06,18.00465
0.5000061,18.10465
2.300006,15.60465
5.700006,11.50465
7.000006,9.204651
5.600006,8.104651
4.500006,7.304651
4.800006,7.204651
5.000006,7.504651
4.000006,7.504651
3.200006,7.404651
2.600006,6.604651
1.700006,5.504651
-1.699994,17.90465
-2.799994,15.60465
-2.299994,11.50465
-0.4999939,8.004651
1.900006,4.804651
2.700006,1.304651
1.100006,4.65E-03
-1.599994,3.604651
-3.099994,12.20465
-3.899994,16.00465
-6.599994,11.10465
-8.999994,6.504651
-9.899994,5.304651
-11.29999,3.304651
-11.09999,4.65E-03
-9.099994,-2.295349
-5.999994,-4.095349
-4.999994,-6.495349
-8.399994,-8.19535
-11.39999,-11.79535
-9.399994,-12.49535
-6.199994,-10.69535
-4.199994,-7.595349
-2.299994,-4.795349
0.8000061,-3.895349
8.100006,2.404651
19.00001,12.80465
25.20001,16.00465
25.60001,13.40465
25.90001,9.904651
25.50001,6.704651
24.10001,4.404651
24.20001,1.904651
25.40001,-0.9953491
25.70001,-3.395349
25.20001,-5.295349
24.80001,-6.795349
24.60001,-8.295349
24.10001,-9.69535
23.20001,-10.89535
22.70001,-11.39535
22.70001,-11.69535
23.00001,-12.19535
22.70001,-12.69535
22.60001,-13.69535
22.70001,-15.39535
22.80001,-16.89535
22.40001,-16.89535
20.10001,-14.49535
15.80001,-10.49535
10.50001,-4.395349
5.800006,3.004651
1.600006,10.30465
-1.999994,16.00465
-3.799994,19.20465
-2.899994,20.20465
-1.199994,18.90465
0.2000061,15.70465
3.800006,11.20465
6.800006,7.804651
6.100006,6.804651
4.800006,6.504651
4.700006,6.804651
4.900006,6.904651
4.500006,7.104651
4.600006,7.504651
5.000006,6.804651
4.100006,5.304651
