U,V
4.050012,-2.299994
4.150012,-2.199994
4.150012,-2.099994
4.250012,-1.999994
4.250012,-1.799994
4.350012,-1.699994
4.350012,-1.599994
4.450012,-1.499994
4.450012,-1.399994
4.450012,-1.299994
4.550012,-1.199994
4.550012,-0.9999939
4.550012,-0.8999939
4.550012,-0.7999939
4.650012,-0.6999939
4.650012,-0.5999939
4.650012,-0.3999939
4.650012,-0.2999939
4.650012,-0.1999939
4.650012,-1.00E-01
4.650012,0.1000061
4.650012,0.2000061
4.650012,0.3000061
4.650012,0.4000061
4.650012,0.5000061
4.650012,0.7000061
4.550012,0.8000061
4.550012,0.9000061
4.550012,1.000006
4.550012,1.100006
4.450012,1.300006
4.450012,1.400006
4.450012,1.500006
4.350012,1.600006
4.350012,1.700006
4.250012,1.800006
4.250012,1.900006
4.150012,2.100006
4.150012,2.200006
4.050012,2.300006
4.050012,2.400006
3.950012,2.500006
3.850012,2.600006
3.850012,2.700006
3.750012,2.800006
3.650012,2.900006
3.550012,3.000006
3.550012,3.100006
3.450012,3.200006
3.350012,3.200006
3.250012,3.300006
3.150012,3.400006
3.050012,3.500006
2.950012,3.600006
2.850012,3.700006
2.750012,3.700006
2.650012,3.800006
2.550012,3.900006
2.450012,3.900006
2.350012,4.000006
2.250012,4.100006
2.150012,4.100006
2.050012,4.200006
1.950012,4.200006
1.850012,4.300006
1.750012,4.300006
1.650012,4.400006
1.550012,4.400006
1.750012,-0.5999939
1.650012,-0.5999939
1.650012,-0.3999939
1.550012,-0.3999939
1.550012,-0.2999939
1.450012,-0.1999939
1.450012,-1.00E-01
1.450012,-1.00E-01
1.450012,6.10E-06
1.350012,0.1000061
1.350012,0.1000061
1.250012,0.2000061
1.250012,0.2000061
1.250012,0.3000061
1.250012,0.3000061
1.150012,0.3000061
1.250012,0.4000061
1.150012,0.4000061
1.150012,0.5000061
1.050012,0.5000061
1.050012,0.6000061
1.050012,0.6000061
1.050012,0.7000061
1.050012,0.7000061
1.150012,0.8000061
1.050012,0.8000061
1.150012,0.9000061
1.150012,0.9000061
1.150012,1.000006
1.150012,1.000006
1.150012,1.100006
1.150012,1.100006
1.250012,1.200006
1.150012,1.200006
1.150012,1.300006
1.150012,1.400006
1.250012,1.500006
1.150012,1.500006
1.250012,1.600006
1.250012,1.700006
1.250012,1.700006
1.250012,1.800006
1.250012,1.900006
1.250012,2.000006
1.250012,2.000006
1.250012,2.100006
1.250012,2.200006
1.150012,2.200006
1.250012,2.300006
1.150012,2.400006
1.150012,2.500006
1.150012,2.500006
1.050012,2.600006
1.050012,2.600006
1.050012,2.700006
0.9500122,2.800006
0.9500122,2.800006
0.9500122,2.900006
0.9500122,2.900006
0.8500122,2.900006
0.8500122,3.000006
0.7500122,3.000006
0.7500122,3.100006
0.7500122,3.100006
0.7500122,3.100006
0.6500122,3.100006
0.5500122,3.100006
0.5500122,3.100006
-2.549988,1.800006
-2.849988,1.800006
-3.049988,1.800006
-3.349988,1.800006
-3.549988,1.800006
-3.749988,1.800006
-3.949988,1.800006
-4.149988,1.700006
-4.349988,1.600006
-4.549988,1.500006
-4.649988,1.500006
-4.849988,1.300006
-4.949988,1.300006
-5.149988,1.100006
-5.149988,1.000006
-5.349988,0.8000061
-5.349988,0.7000061
-5.449988,0.6000061
-5.449988,0.4000061
-5.449988,0.3000061
-5.449988,0.1000061
-5.449988,6.10E-06
-5.349988,-1.00E-01
-5.349988,-0.1999939
-5.249988,-0.2999939
-5.149988,-0.3999939
-5.049988,-0.4999939
-4.949988,-0.5999939
-4.849988,-0.5999939
-4.749988,-0.6999939
-4.549988,-0.7999939
-4.449988,-0.7999939
-4.249988,-0.7999939
-4.149988,-0.7999939
-3.949988,-0.7999939
-3.749988,-0.7999939
-3.549988,-0.7999939
-3.449988,-0.6999939
-3.249988,-0.6999939
-3.149988,-0.5999939
-2.949988,-0.4999939
-2.849988,-0.3999939
-2.649988,-0.3999939
-2.549988,-0.1999939
-2.349988,-1.00E-01
-2.349988,-1.00E-01
-2.149988,6.10E-06
-2.049988,0.2000061
-1.949988,0.2000061
-1.849988,0.4000061
-1.749988,0.4000061
-1.649988,0.5000061
-1.549988,0.6000061
-1.549988,0.7000061
-1.349988,0.8000061
-1.349988,0.9000061
-1.249988,0.9000061
-1.249988,1.000006
-1.049988,1.000006
-1.049988,1.100006
-0.9499878,1.100006
-0.9499878,1.100006
-0.7499878,1.100006
-0.8499878,1.200006
-0.6499878,1.200006
-0.6499878,1.200006
-0.5499878,1.200006
-0.5499878,1.200006
-6.549988,3.300006
-6.849988,3.200006
-7.149988,3.100006
-7.549988,2.900006
-7.849988,2.900006
-8.149988,2.700006
-8.449988,2.600006
-8.649988,2.400006
-8.949988,2.300006
-9.149988,2.000006
-9.449988,1.800006
-9.649988,1.600006
-9.849988,1.400006
-9.949988,1.100006
-10.04999,0.8000061
-10.14999,0.5000061
-10.24999,0.3000061
-10.34999,6.10E-06
-10.34999,-0.2999939
-10.34999,-0.5999939
-10.24999,-0.8999939
-10.14999,-1.199994
-10.14999,-1.399994
-10.04999,-1.699994
-9.849988,-1.999994
-9.749988,-2.199994
-9.549988,-2.399994
-9.449988,-2.599994
-9.249988,-2.799994
-9.049988,-2.999994
-8.849988,-3.099994
-8.649988,-3.299994
-8.349988,-3.299994
-8.149988,-3.399994
-7.949988,-3.499994
-7.749988,-3.499994
-7.449988,-3.499994
-7.249988,-3.499994
-7.049988,-3.399994
-6.849988,-3.399994
-6.549988,-3.299994
-6.349988,-3.299994
-6.149988,-3.199994
-5.949988,-3.099994
-5.649988,-2.899994
-5.549988,-2.799994
-5.249988,-2.699994
-5.149988,-2.599994
-4.949988,-2.399994
-4.749988,-2.299994
-4.449988,-2.199994
-4.349988,-2.099994
-4.149988,-1.899994
-3.949988,-1.899994
-3.749988,-1.699994
-3.649988,-1.699994
-3.349988,-1.599994
-3.249988,-1.599994
-3.049988,-1.499994
-2.849988,-1.499994
-2.649988,-1.399994
-2.449988,-1.399994
-2.249988,-1.399994
-2.049988,-1.399994
-1.849988,-1.299994
-1.649988,-1.299994
-1.449988,-1.299994
-1.349988,-1.299994
-10.24999,3.500006
-10.54999,3.300006
-10.74999,3.100006
-11.04999,2.900006
-11.24999,2.800006
-11.54999,2.600006
-11.74999,2.400006
-11.94999,2.200006
-12.04999,2.100006
-12.24999,1.800006
-12.34999,1.600006
-12.44999,1.400006
-12.34999,1.100006
-12.44999,0.9000061
-12.44999,0.6000061
-12.44999,0.3000061
-12.34999,6.10E-06
-12.24999,-0.2999939
-12.14999,-0.5999939
-12.04999,-0.8999939
-11.84999,-1.199994
-11.84999,-1.599994
-11.64999,-1.899994
-11.54999,-2.199994
-11.34999,-2.599994
-11.24999,-2.899994
-11.04999,-3.199994
-10.94999,-3.499994
-10.74999,-3.799994
-10.64999,-3.999994
-10.44999,-4.199994
-10.34999,-4.399994
-10.14999,-4.599994
-10.04999,-4.699994
-9.849988,-4.899994
-9.749988,-4.999994
-9.549988,-5.099994
-9.449988,-5.099994
-9.149988,-5.199994
-9.049988,-5.199994
-8.749988,-5.199994
-8.649988,-5.199994
-8.349988,-5.199994
-8.249988,-5.099994
-7.949988,-5.099994
-7.849988,-4.999994
-7.549988,-4.899994
-7.349988,-4.799994
-7.049988,-4.799994
-6.849988,-4.599994
-6.549988,-4.599994
-6.349988,-4.399994
-5.949988,-4.399994
-5.749988,-4.299994
-5.349988,-4.199994
-5.249988,-4.099994
-4.849988,-4.099994
-4.649988,-3.999994
-4.249988,-3.999994
-4.049988,-3.999994
-3.649988,-3.999994
-3.449988,-3.999994
-3.049988,-3.999994
-2.749988,-3.899994
-2.349988,-3.899994
-2.149988,-3.899994
-1.749988,-3.899994
-1.549988,-3.799994
-12.04999,2.900006
-12.34999,2.700006
-12.44999,2.500006
-12.74999,2.300006
-12.84999,2.200006
-13.04999,2.000006
-13.14999,1.900006
-13.14999,1.800006
-13.14999,1.700006
-13.14999,1.600006
-12.94999,1.500006
-12.84999,1.400006
-12.74999,1.200006
-12.54999,1.000006
-12.44999,0.9000061
-12.24999,0.7000061
-12.04999,0.5000061
-11.84999,0.3000061
-11.64999,0.1000061
-11.44999,-0.1999939
-11.24999,-0.4999939
-11.04999,-0.8999939
-10.84999,-1.199994
-10.74999,-1.599994
-10.54999,-1.899994
-10.54999,-2.299994
-10.44999,-2.599994
-10.34999,-2.899994
-10.34999,-3.199994
-10.24999,-3.499994
-10.14999,-3.799994
-10.14999,-3.999994
-10.04999,-4.199994
-9.949988,-4.499994
-9.849988,-4.599994
-9.749988,-4.899994
-9.649988,-4.999994
-9.549988,-5.199994
-9.349988,-5.399994
-9.249988,-5.499994
-8.949988,-5.599994
-8.849988,-5.699994
-8.749988,-5.799994
-8.449988,-5.899994
-8.249988,-5.999994
-8.049988,-6.099994
-7.749988,-6.099994
-7.549988,-6.199994
-7.249988,-6.199994
-7.049988,-6.199994
-6.749988,-6.299994
-6.449988,-6.199994
-6.149988,-6.199994
-5.849988,-6.299994
-5.449988,-6.199994
-5.149988,-6.199994
-4.849988,-6.299994
-4.549988,-6.299994
-4.149988,-6.299994
-3.849988,-6.299994
-3.449988,-6.299994
-3.049988,-6.299994
-2.749988,-6.299994
-2.349988,-6.199994
-2.049988,-6.199994
-1.649988,-6.199994
-1.349988,-5.999994
-0.9499878,-5.899994
-11.54999,2.200006
-11.74999,2.000006
-11.84999,1.900006
-12.04999,1.800006
-12.04999,1.700006
-12.14999,1.700006
-12.04999,1.800006
-11.94999,1.800006
-11.64999,1.900006
-11.54999,1.900006
-11.24999,1.900006
-11.04999,1.900006
-10.74999,1.800006
-10.64999,1.700006
-10.44999,1.500006
-10.24999,1.400006
-10.04999,1.200006
-9.949988,1.000006
-9.649988,0.7000061
-9.549988,0.3000061
-9.349988,-1.00E-01
-9.249988,-0.3999939
-9.149988,-0.7999939
-9.049988,-1.199994
-9.049988,-1.499994
-9.049988,-1.899994
-8.949988,-2.199994
-8.949988,-2.499994
-8.849988,-2.699994
-8.849988,-2.999994
-8.749988,-3.199994
-8.649988,-3.399994
-8.449988,-3.699994
-8.349988,-3.799994
-8.149988,-4.099994
-8.049988,-4.299994
-7.849988,-4.499994
-7.749988,-4.699994
-7.549988,-4.999994
-7.449988,-5.199994
-7.249988,-5.399994
-7.149988,-5.599994
-6.949988,-5.899994
-6.849988,-6.099994
-6.549988,-6.399994
-6.449988,-6.499994
-6.149988,-6.799994
-6.049988,-6.899994
-5.749988,-7.099994
-5.549988,-7.199994
-5.249988,-7.399994
-5.049988,-7.399994
-4.649988,-7.499994
-4.449988,-7.599994
-4.149988,-7.699994
-3.949988,-7.699994
-3.649988,-7.799994
-3.349988,-7.799994
-2.949988,-7.799994
-2.649988,-7.799994
-2.249988,-7.899994
-2.049988,-7.899994
-1.549988,-7.799994
-1.249988,-7.799994
-0.8499878,-7.799994
-0.5499878,-7.599994
-0.1499878,-7.599994
0.1500122,-7.299994
-10.34999,1.400006
-10.34999,1.300006
-10.24999,1.300006
-10.24999,1.300006
-9.949988,1.400006
-9.749988,1.500006
-9.449988,1.600006
-9.149988,1.700006
-8.749988,1.700006
-8.449988,1.700006
-8.149988,1.600006
-7.849988,1.500006
-7.649988,1.300006
-7.549988,1.100006
-7.449988,0.9000061
-7.349988,0.6000061
-7.149988,0.3000061
-7.049988,6.10E-06
-6.949988,-0.2999939
-6.749988,-0.5999939
-6.649988,-0.8999939
-6.449988,-1.199994
-6.349988,-1.499994
-6.249988,-1.699994
-6.149988,-1.899994
-6.049988,-2.199994
-5.949988,-2.299994
-5.849988,-2.399994
-5.749988,-2.499994
-5.649988,-2.699994
-5.449988,-2.799994
-5.349988,-2.999994
-5.149988,-3.099994
-4.949988,-3.399994
-4.849988,-3.599994
-4.749988,-3.799994
-4.549988,-4.099994
-4.449988,-4.499994
-4.349988,-4.699994
-4.249988,-5.099994
-4.149988,-5.399994
-3.949988,-5.699994
-3.849988,-6.099994
-3.649988,-6.299994
-3.449988,-6.599994
-3.349988,-6.899994
-3.049988,-7.099994
-2.949988,-7.399994
-2.749988,-7.599994
-2.549988,-7.799994
-2.349988,-7.899994
-2.149988,-8.099994
-1.849988,-8.199994
-1.749988,-8.299994
-1.449988,-8.299994
-1.249988,-8.399994
-1.049988,-8.399994
-0.7499878,-8.499994
-0.5499878,-8.499994
-0.3499878,-8.499994
-5.00E-02,-8.499994
0.2500122,-8.499994
0.5500122,-8.399994
0.7500122,-8.399994
1.150012,-8.199994
1.350012,-8.099994
1.650012,-7.899994
1.950012,-7.699994
-8.449988,1.000006
-8.349988,0.9000061
-8.049988,0.8000061
-7.749988,0.8000061
-7.449988,0.8000061
-7.149988,0.8000061
-6.849988,0.7000061
-6.549988,0.7000061
-6.149988,0.6000061
-5.849988,0.6000061
-5.549988,0.4000061
-5.249988,0.3000061
-4.949988,6.10E-06
-4.749988,-0.1999939
-4.549988,-0.4999939
-4.349988,-0.7999939
-4.049988,-1.099994
-3.849988,-1.299994
-3.649988,-1.499994
-3.449988,-1.599994
-3.249988,-1.799994
-3.049988,-1.799994
-2.849988,-1.999994
-2.749988,-1.999994
-2.649988,-1.999994
-2.549988,-2.099994
-2.349988,-2.099994
-2.349988,-2.099994
-2.249988,-2.199994
-2.249988,-2.199994
-2.149988,-2.299994
-2.049988,-2.499994
-1.949988,-2.799994
-1.849988,-2.999994
-1.749988,-3.399994
-1.649988,-3.699994
-1.549988,-3.999994
-1.449988,-4.399994
-1.249988,-4.799994
-1.249988,-5.099994
-1.049988,-5.499994
-0.9499878,-5.799994
-0.7499878,-6.199994
-0.5499878,-6.499994
-0.3499878,-6.799994
-0.2499878,-7.099994
-5.00E-02,-7.399994
5.00E-02,-7.599994
0.3500122,-7.899994
0.4500122,-8.099994
0.6500122,-8.299994
0.7500122,-8.399994
1.050012,-8.499994
1.150012,-8.499994
1.450012,-8.599994
1.550012,-8.599994
1.750012,-8.599994
1.950012,-8.599994
2.150012,-8.599994
2.250012,-8.599994
2.450012,-8.499994
2.550012,-8.399994
2.750012,-8.299994
2.850012,-8.099994
3.050012,-7.899994
3.050012,-7.599994
3.250012,-7.299994
3.250012,-6.899994
-5.549988,-0.7999939
-5.349988,-0.9999939
-5.049988,-0.9999939
-4.749988,-0.9999939
-4.449988,-0.7999939
-4.249988,-0.5999939
-4.049988,-0.3999939
-3.749988,-0.2999939
-3.449988,-0.2999939
-3.249988,-0.3999939
-2.849988,-0.4999939
-2.449988,-0.7999939
-2.049988,-0.9999939
-1.649988,-1.299994
-1.249988,-1.499994
-0.8499878,-1.799994
-0.5499878,-1.899994
-0.3499878,-2.099994
-0.1499878,-2.099994
5.00E-02,-2.099994
0.1500122,-1.999994
0.2500122,-1.999994
0.3500122,-1.899994
0.4500122,-1.999994
0.5500122,-1.999994
0.6500122,-1.999994
0.7500122,-2.099994
0.7500122,-2.199994
0.8500122,-2.199994
0.9500122,-2.399994
0.9500122,-2.499994
1.050012,-2.699994
1.150012,-2.899994
1.250012,-3.199994
1.350012,-3.499994
1.450012,-3.799994
1.550012,-4.099994
1.550012,-4.499994
1.650012,-4.799994
1.650012,-5.099994
1.750012,-5.399994
1.750012,-5.699994
1.850012,-5.999994
1.950012,-6.399994
1.950012,-6.699994
2.050012,-6.999994
2.150012,-7.299994
2.250012,-7.599994
2.350012,-7.799994
2.450012,-8.099994
2.550012,-8.199994
2.750012,-8.399994
2.850012,-8.499994
2.950012,-8.599994
3.150012,-8.599994
3.250012,-8.599994
3.350012,-8.499994
3.450012,-8.499994
3.550012,-8.299994
3.550012,-8.099994
3.650012,-7.799994
3.550012,-7.599994
3.550012,-7.199994
3.450012,-6.899994
3.350012,-6.499994
3.250012,-6.099994
3.150012,-5.599994
2.950012,-5.099994
-2.649988,-2.199994
-2.549988,-2.199994
-2.349988,-2.099994
-2.149988,-1.799994
-1.949988,-1.499994
-1.849988,-1.299994
-1.649988,-1.199994
-1.549988,-1.199994
-1.249988,-1.399994
-0.8499878,-1.599994
-0.3499878,-1.899994
5.00E-02,-2.199994
0.6500122,-2.499994
1.050012,-2.699994
1.650012,-2.899994
1.950012,-2.899994
2.250012,-2.899994
2.550012,-2.899994
2.750012,-2.799994
2.950012,-2.699994
3.150012,-2.699994
3.350012,-2.699994
3.550012,-2.699994
3.850012,-2.699994
4.050012,-2.699994
4.250012,-2.799994
4.350012,-2.799994
4.450012,-2.799994
4.550012,-2.799994
4.550012,-2.899994
4.550012,-2.899994
4.550012,-2.999994
4.450012,-3.099994
4.350012,-3.299994
4.250012,-3.399994
4.050012,-3.599994
3.850012,-3.699994
3.650012,-3.999994
3.550012,-4.299994
3.350012,-4.599994
3.350012,-4.899994
3.250012,-5.199994
3.250012,-5.499994
3.250012,-5.899994
3.350012,-6.199994
3.350012,-6.499994
3.450012,-6.799994
3.450012,-7.099994
3.550012,-7.399994
3.650012,-7.699994
3.750012,-7.899994
3.850012,-7.999994
3.950012,-8.099994
4.050012,-8.199994
4.250012,-8.199994
4.250012,-8.099994
4.450012,-7.899994
4.350012,-7.699994
4.450012,-7.299994
4.350012,-6.999994
4.350012,-6.499994
4.150012,-6.099994
4.050012,-5.499994
3.750012,-5.099994
3.650012,-4.499994
3.350012,-4.099994
3.250012,-3.499994
3.050012,-3.099994
0.8500122,-1.599994
0.7500122,-1.699994
0.7500122,-1.599994
0.6500122,-1.499994
0.6500122,-1.499994
0.6500122,-1.599994
0.8500122,-1.799994
1.150012,-2.099994
1.550012,-2.399994
1.950012,-2.899994
2.550012,-3.199994
3.050012,-3.599994
3.650012,-3.799994
4.050012,-3.999994
4.550012,-4.099994
4.850012,-4.199994
5.150012,-4.199994
5.450012,-4.199994
5.850012,-4.299994
6.150012,-4.299994
6.550012,-4.299994
6.950012,-4.299994
7.350012,-4.199994
7.650012,-4.199994
7.850012,-3.999994
7.950012,-3.799994
7.950012,-3.499994
7.850012,-3.299994
7.750012,-2.999994
7.550012,-2.799994
7.350012,-2.499994
6.950012,-2.299994
6.650012,-2.199994
6.250012,-2.099994
5.850012,-1.999994
5.350012,-2.099994
5.050012,-2.299994
4.650012,-2.599994
4.350012,-2.899994
4.050012,-3.399994
3.950012,-3.899994
3.850012,-4.499994
3.850012,-4.999994
3.950012,-5.499994
4.050012,-5.899994
4.250012,-6.299994
4.450012,-6.699994
4.650012,-6.999994
4.950012,-7.299994
5.150012,-7.499994
5.450012,-7.599994
5.650012,-7.699994
5.950012,-7.699994
6.150012,-7.599994
6.350012,-7.399994
6.350012,-7.199994
6.550012,-6.899994
6.550012,-6.499994
6.550012,-6.099994
6.450012,-5.599994
6.450012,-5.099994
6.250012,-4.599994
6.150012,-3.999994
5.950012,-3.599994
5.950012,-3.199994
5.750012,-2.899994
5.750012,-2.499994
5.650012,-2.299994
3.150012,-1.099994
2.850012,-1.299994
2.650012,-1.499994
2.450012,-1.699994
2.650012,-1.999994
2.750012,-2.299994
3.250012,-2.699994
3.650012,-3.099994
4.150012,-3.599994
4.850012,-3.999994
5.450012,-4.499994
6.050012,-4.899994
6.550012,-5.199994
6.950012,-5.299994
7.250012,-5.499994
7.650012,-5.599994
8.150012,-5.699994
8.650012,-5.699994
9.150012,-5.799994
9.550013,-5.699994
10.05001,-5.699994
10.35001,-5.499994
10.65001,-5.199994
10.65001,-4.899994
10.75001,-4.399994
10.55001,-3.899994
10.45001,-3.399994
10.05001,-2.899994
9.950012,-2.399994
9.550013,-2.099994
9.350013,-1.599994
8.950012,-1.299994
8.750012,-0.9999939
8.350013,-0.7999939
8.050013,-0.6999939
7.750012,-0.6999939
7.450012,-0.7999939
7.050012,-1.099994
6.750012,-1.499994
6.450012,-2.099994
6.250012,-2.699994
6.050012,-3.599994
6.050012,-4.299994
6.050012,-5.199994
6.250012,-5.899994
6.450012,-6.399994
6.850012,-6.899994
7.150012,-7.299994
7.550012,-7.499994
7.950012,-7.699994
8.250012,-7.699994
8.550013,-7.699994
8.950012,-7.599994
9.050013,-7.299994
9.250012,-6.999994
9.350013,-6.699994
9.450012,-6.199994
9.450012,-5.799994
9.550013,-5.299994
9.350013,-4.799994
9.450012,-4.199994
9.250012,-3.799994
9.250012,-3.299994
9.050013,-2.899994
9.150012,-2.599994
8.950012,-2.299994
9.050013,-2.099994
8.950012,-1.999994
4.050012,-0.8999939
3.850012,-1.299994
3.950012,-1.699994
4.050012,-2.199994
4.450012,-2.699994
4.950012,-3.199994
5.650012,-3.699994
6.350012,-4.299994
6.950012,-4.899994
7.650012,-5.399994
8.350013,-5.899994
8.950012,-6.199994
9.550013,-6.499994
10.05001,-6.699994
10.55001,-6.699994
11.05001,-6.799994
11.65001,-6.799994
12.05001,-6.599994
12.45001,-6.499994
12.65001,-6.299994
12.85001,-5.899994
12.95001,-5.599994
12.95001,-5.199994
12.95001,-4.799994
12.85001,-4.199994
12.65001,-3.799994
12.35001,-3.199994
12.05001,-2.799994
11.85001,-2.299994
11.65001,-1.899994
11.65001,-1.499994
11.45001,-1.099994
11.35001,-0.6999939
11.15001,-0.3999939
11.05001,-0.1999939
10.85001,-0.1999939
10.85001,-0.2999939
10.75001,-0.4999939
10.65001,-0.8999939
10.45001,-1.399994
10.25001,-1.999994
10.15001,-2.799994
9.950012,-3.699994
9.850013,-4.599994
9.950012,-5.499994
9.950012,-6.299994
10.15001,-6.999994
10.35001,-7.499994
10.65001,-7.799994
10.85001,-7.999994
11.15001,-7.999994
11.35001,-7.999994
11.55001,-7.699994
11.65001,-7.499994
11.75001,-6.999994
11.75001,-6.599994
11.75001,-6.099994
11.65001,-5.599994
11.65001,-4.999994
11.55001,-4.499994
11.55001,-3.899994
11.45001,-3.499994
11.35001,-2.999994
11.25001,-2.699994
11.25001,-2.299994
11.15001,-2.199994
11.15001,-1.999994
11.25001,-1.899994
5.350012,-0.5999939
5.350012,-1.399994
5.550012,-2.299994
6.050012,-2.999994
6.650012,-3.799994
7.450012,-4.499994
8.250012,-5.299994
8.950012,-5.999994
9.750012,-6.699994
10.55001,-7.199994
11.35001,-7.599994
12.05001,-7.899994
12.75001,-7.899994
13.35001,-7.899994
13.95001,-7.799994
14.25001,-7.499994
14.65001,-7.299994
14.75001,-6.899994
14.95001,-6.499994
14.95001,-6.199994
15.15001,-5.799994
15.15001,-5.499994
15.25001,-4.999994
15.05001,-4.599994
14.95001,-4.099994
14.65001,-3.599994
14.45001,-3.099994
14.05001,-2.599994
13.95001,-1.999994
13.65001,-1.499994
13.55001,-0.8999939
13.35001,-0.3999939
13.25001,6.10E-06
12.95001,0.3000061
12.85001,0.4000061
12.75001,0.3000061
12.85001,6.10E-06
12.95001,-0.3999939
13.15001,-0.8999939
13.25001,-1.399994
13.25001,-1.899994
13.15001,-2.599994
13.15001,-3.399994
12.95001,-4.199994
12.85001,-5.099994
12.75001,-5.899994
12.75001,-6.599994
12.75001,-7.299994
12.85001,-7.699994
12.95001,-7.999994
13.05001,-8.099994
13.05001,-7.999994
13.15001,-7.799994
13.15001,-7.399994
13.25001,-6.899994
13.15001,-6.399994
13.25001,-5.799994
13.15001,-5.199994
13.25001,-4.499994
13.15001,-3.799994
13.05001,-2.999994
12.85001,-2.399994
12.65001,-1.899994
12.45001,-1.599994
12.35001,-1.599994
12.35001,-1.899994
12.45001,-2.199994
12.65001,-2.399994
6.450012,-1.099994
6.650012,-2.399994
7.150012,-3.499994
7.850012,-4.499994
8.650012,-5.499994
9.550013,-6.499994
10.45001,-7.399994
11.35001,-8.199994
12.25001,-8.899994
13.25001,-9.399994
14.25001,-9.499994
15.05001,-9.499994
15.55001,-9.099994
15.85001,-8.699994
16.05001,-8.199994
16.25001,-7.699994
16.55001,-7.299994
16.75001,-6.799994
17.05001,-6.399994
17.15001,-5.899994
17.25001,-5.399994
17.25001,-4.999994
17.15001,-4.399994
16.85001,-3.899994
16.55001,-3.299994
16.25001,-2.799994
15.95001,-2.199994
15.55001,-1.699994
15.35001,-1.099994
15.05001,-0.4999939
14.85001,0.1000061
14.65001,0.6000061
14.45001,1.000006
14.15001,1.100006
14.05001,1.000006
14.05001,0.6000061
14.15001,0.1000061
14.35001,-0.5999939
14.75001,-1.399994
15.05001,-2.099994
15.35001,-2.699994
15.55001,-3.399994
15.75001,-3.999994
15.85001,-4.699994
15.85001,-5.299994
15.85001,-5.899994
15.75001,-6.399994
15.55001,-6.699994
15.45001,-6.999994
15.25001,-7.099994
15.05001,-7.099994
14.85001,-6.899994
14.65001,-6.699994
14.45001,-6.299994
14.45001,-5.799994
14.25001,-5.299994
14.15001,-4.699994
14.05001,-4.099994
14.05001,-3.399994
13.95001,-2.599994
13.85001,-1.699994
13.75001,-1.099994
13.65001,-0.6999939
13.55001,-0.6999939
13.55001,-1.099994
13.75001,-1.999994
14.15001,-2.899994
14.85001,-3.799994
7.550012,-1.899994
8.050013,-3.399994
8.750012,-4.899994
9.550013,-6.299994
10.65001,-7.599994
11.55001,-8.799994
12.65001,-9.799994
13.65001,-10.59999
14.75001,-10.99999
15.65001,-11.19999
16.55001,-10.99999
16.95001,-10.39999
17.25001,-9.799994
17.45001,-9.099994
17.75001,-8.399994
18.05001,-7.899994
18.65001,-7.299994
18.95001,-6.799994
19.35001,-6.099994
19.35001,-5.399994
19.35001,-4.699994
18.95001,-4.099994
18.65001,-3.399994
18.15001,-2.699994
17.75001,-2.099994
17.35001,-1.499994
16.95001,-0.8999939
16.55001,-0.3999939
16.35001,0.1000061
16.05001,0.4000061
15.85001,0.9000061
15.55001,1.200006
15.35001,1.500006
15.15001,1.400006
15.15001,1.200006
15.15001,0.7000061
15.35001,-1.00E-01
15.55001,-0.8999939
15.95001,-1.899994
16.35001,-2.699994
16.85001,-3.499994
17.25001,-4.099994
17.65001,-4.699994
17.95001,-5.099994
18.15001,-5.599994
18.15001,-5.899994
18.15001,-5.999994
17.95001,-6.199994
17.75001,-6.099994
17.35001,-5.999994
16.95001,-5.699994
16.45001,-5.499994
16.05001,-5.199994
15.65001,-4.999994
15.35001,-4.699994
14.95001,-4.299994
14.65001,-3.799994
14.15001,-3.299994
14.05001,-2.699994
13.85001,-2.099994
13.85001,-1.399994
13.85001,-0.8999939
14.05001,-0.7999939
14.25001,-1.199994
14.75001,-2.199994
15.35001,-3.399994
16.35001,-4.899994
17.35001,-6.099994
9.350013,-2.799994
9.850013,-4.799994
10.65001,-6.699994
11.55001,-8.499994
12.65001,-9.999994
13.65001,-11.19999
14.75001,-11.99999
15.75001,-12.49999
16.65001,-12.59999
17.35001,-12.49999
17.95001,-11.99999
18.45001,-11.39999
18.85001,-10.79999
19.35001,-9.999994
19.95001,-9.299994
20.45001,-8.499994
20.85001,-7.699994
21.15001,-6.799994
21.35001,-5.699994
21.15001,-4.799994
20.75001,-3.699994
20.15001,-2.799994
19.55001,-1.899994
18.85001,-1.299994
18.35001,-0.5999939
17.65001,-1.00E-01
17.15001,0.4000061
16.55001,0.7000061
16.15001,1.000006
15.75001,1.200006
15.45001,1.400006
15.05001,1.600006
14.85001,1.700006
14.65001,1.500006
14.65001,1.100006
14.65001,0.6000061
14.75001,-0.1999939
15.05001,-1.099994
15.35001,-1.899994
15.75001,-2.799994
16.15001,-3.399994
16.55001,-3.899994
16.85001,-4.299994
17.05001,-4.699994
17.15001,-4.899994
17.15001,-5.199994
17.15001,-5.299994
17.05001,-5.499994
16.75001,-5.399994
16.45001,-5.299994
15.95001,-4.999994
15.35001,-4.799994
14.95001,-4.499994
14.65001,-4.299994
14.45001,-3.999994
14.15001,-3.799994
13.95001,-3.499994
13.65001,-3.299994
13.65001,-2.899994
13.65001,-2.299994
13.85001,-1.799994
14.15001,-1.599994
14.55001,-1.899994
15.25001,-2.799994
16.25001,-4.299994
17.35001,-5.999994
18.65001,-7.799994
19.95001,-9.399994
11.35001,-3.699994
11.75001,-6.199994
12.55001,-8.599994
13.45001,-10.59999
14.55001,-12.19999
15.55001,-13.29999
16.65001,-13.69999
17.45001,-13.89999
18.25001,-13.69999
18.75001,-13.39999
19.45001,-12.99999
20.05001,-12.49999
20.75001,-11.89999
21.35001,-10.99999
21.85001,-10.09999
22.05001,-8.899994
22.35001,-7.799994
22.45001,-6.499994
22.45001,-5.099994
22.05001,-3.699994
21.45001,-2.499994
20.65001,-1.399994
19.85001,-0.4999939
18.95001,0.1000061
18.15001,0.7000061
17.25001,1.200006
16.45001,1.600006
15.65001,1.900006
15.05001,2.200006
14.45001,2.200006
13.95001,2.300006
13.55001,2.200006
13.35001,2.000006
13.15001,1.700006
13.05001,1.100006
12.95001,0.4000061
13.05001,-0.4999939
13.25001,-1.399994
13.45001,-2.199994
13.75001,-2.899994
14.05001,-3.299994
14.45001,-3.599994
14.75001,-3.799994
14.95001,-3.799994
14.95001,-3.999994
14.95001,-4.199994
14.95001,-4.399994
14.75001,-4.499994
14.45001,-4.599994
13.95001,-4.599994
13.45001,-4.499994
12.85001,-4.399994
12.65001,-4.099994
12.35001,-3.899994
12.45001,-3.699994
12.45001,-3.599994
12.65001,-3.499994
12.85001,-3.399994
13.05001,-3.299994
13.35001,-3.099994
13.75001,-2.899994
14.35001,-3.099994
15.15001,-3.899994
16.25001,-5.099994
17.65001,-6.999994
19.15001,-9.099994
20.55001,-11.29999
22.15001,-13.19999
13.65001,-3.899994
13.95001,-6.799994
14.55001,-9.499994
15.25001,-11.79999
16.25001,-13.29999
17.25001,-14.19999
18.25001,-14.49999
18.95001,-14.49999
19.55001,-14.19999
19.95001,-14.09999
20.45001,-13.79999
20.95001,-13.29999
21.65001,-12.49999
21.95001,-11.39999
22.15001,-9.999994
22.15001,-8.499994
22.25001,-6.899994
22.15001,-5.299994
21.95001,-3.699994
21.45001,-2.299994
20.75001,-0.9999939
19.95001,-1.00E-01
19.15001,0.6000061
18.35001,1.000006
17.55001,1.400006
16.75001,1.800006
15.95001,2.300006
15.05001,2.600006
14.25001,2.900006
13.35001,3.100006
12.85001,3.100006
12.35001,2.900006
12.05001,2.500006
11.95001,1.800006
11.85001,1.000006
11.85001,0.1000061
11.75001,-0.9999939
11.75001,-2.099994
11.85001,-2.999994
12.15001,-3.699994
12.45001,-3.999994
12.95001,-4.099994
13.35001,-4.099994
13.65001,-3.999994
14.05001,-3.999994
14.25001,-3.999994
14.35001,-3.899994
14.45001,-3.899994
14.15001,-3.699994
13.85001,-3.599994
13.25001,-3.399994
12.75001,-3.299994
12.15001,-3.199994
11.75001,-3.099994
11.45001,-2.999994
11.45001,-3.099994
11.65001,-3.299994
11.95001,-3.499994
12.35001,-3.799994
12.75001,-3.999994
13.55001,-4.299994
14.55001,-4.799994
15.75001,-5.899994
16.85001,-7.499994
18.25001,-9.799994
19.65001,-12.19999
21.25001,-14.79999
23.15001,-17.2
16.15001,-3.699994
16.35001,-6.799994
16.75001,-9.499994
17.05001,-11.69999
17.75001,-13.19999
18.45001,-13.99999
19.25001,-14.09999
19.85001,-14.09999
20.15001,-14.09999
20.25001,-14.09999
20.45001,-13.99999
20.75001,-13.49999
21.05001,-12.49999
21.15001,-11.09999
21.25001,-9.299994
21.25001,-7.399994
21.15001,-5.499994
20.85001,-3.699994
20.35001,-2.199994
19.55001,-0.7999939
18.85001,0.2000061
17.95001,1.000006
17.45001,1.500006
16.85001,1.700006
16.35001,1.900006
15.85001,2.100006
15.25001,2.400006
14.45001,2.800006
13.55001,3.300006
12.55001,3.700006
11.85001,3.900006
11.35001,3.800006
11.15001,3.100006
11.15001,2.200006
11.35001,1.000006
11.35001,-0.2999939
11.35001,-1.599994
11.35001,-2.699994
11.45001,-3.699994
11.55001,-4.399994
11.85001,-4.699994
12.25001,-4.799994
12.85001,-4.799994
13.35001,-4.699994
13.75001,-4.599994
14.15001,-4.399994
14.55001,-4.099994
14.65001,-3.599994
14.75001,-2.999994
14.35001,-2.599994
13.95001,-2.199994
13.45001,-1.999994
12.85001,-1.699994
12.15001,-1.699994
11.75001,-1.799994
11.65001,-2.099994
11.75001,-2.499994
11.85001,-2.999994
12.05001,-3.699994
12.45001,-4.299994
13.35001,-5.099994
14.35001,-6.099994
15.55001,-7.799994
16.55001,-9.999994
17.95001,-12.49999
19.35001,-15.09999
21.05001,-17.99999
23.15001,-20.99999
18.85001,-3.099994
19.05001,-6.399994
19.25001,-8.899994
19.15001,-10.89999
19.35001,-12.19999
19.65001,-12.89999
20.05001,-12.99999
20.25001,-12.99999
20.25001,-13.09999
20.05001,-13.29999
19.95001,-13.29999
19.75001,-12.89999
19.55001,-11.69999
19.35001,-10.19999
19.45001,-8.399994
19.55001,-6.499994
19.55001,-4.799994
19.15001,-3.099994
18.45001,-1.599994
17.55001,-0.3999939
16.75001,0.7000061
16.15001,1.500006
15.75001,2.100006
15.55001,2.400006
15.35001,2.700006
15.05001,2.900006
14.65001,3.100006
14.05001,3.100006
13.35001,3.400006
12.55001,3.600006
11.95001,4.100006
11.45001,4.200006
11.25001,3.800006
11.25001,2.700006
11.45001,1.100006
11.75001,-0.6999939
11.75001,-2.099994
11.75001,-3.099994
11.85001,-3.799994
11.95001,-4.299994
12.15001,-4.599994
12.55001,-4.899994
13.05001,-4.999994
13.55001,-4.999994
13.95001,-4.999994
14.35001,-4.699994
14.65001,-4.299994
14.85001,-3.699994
14.95001,-2.899994
14.85001,-2.299994
14.75001,-1.799994
14.55001,-1.499994
14.25001,-1.199994
13.75001,-1.199994
13.35001,-1.199994
13.05001,-1.399994
12.75001,-1.699994
12.35001,-2.299994
12.15001,-2.899994
12.15001,-3.899994
12.55001,-5.299994
13.25001,-7.199994
14.35001,-9.599994
15.55001,-12.09999
17.05001,-14.79999
18.45001,-17.7
20.15001,-21.09999
22.25001,-24.59999
21.35001,-1.999994
21.35001,-5.499994
21.35001,-7.999994
21.15001,-9.899994
20.95001,-10.79999
20.85001,-11.29999
20.75001,-11.39999
20.55001,-11.49999
20.25001,-11.69999
19.75001,-12.09999
19.15001,-12.09999
18.55001,-11.79999
17.95001,-10.59999
17.45001,-9.199994
17.65001,-7.599994
18.05001,-5.999994
18.25001,-4.599994
17.95001,-3.199994
17.35001,-1.799994
16.45001,-0.4999939
15.95001,0.8000061
15.65001,2.000006
15.65001,3.000006
15.55001,3.900006
15.45001,4.700006
15.15001,5.300006
14.85001,5.400006
14.65001,5.000006
14.35001,4.400006
13.95001,4.000006
13.55001,4.000006
12.85001,4.200006
12.45001,4.100006
12.35001,3.200006
12.55001,1.300006
12.85001,-0.6999939
13.05001,-2.199994
13.05001,-3.099994
12.95001,-3.499994
12.95001,-3.899994
13.35001,-4.399994
13.95001,-4.999994
14.75001,-5.399994
15.35001,-5.599994
15.95001,-5.499994
16.35001,-5.099994
16.85001,-4.499994
17.25001,-3.699994
17.65001,-2.999994
17.85001,-2.199994
18.05001,-1.599994
17.75001,-1.099994
17.45001,-0.7999939
16.85001,-0.5999939
16.25001,-0.4999939
15.55001,-0.5999939
14.75001,-0.8999939
13.95001,-1.199994
13.35001,-1.799994
12.95001,-2.899994
12.85001,-4.699994
13.05001,-7.199994
13.65001,-10.19999
14.45001,-13.29999
15.65001,-16.49999
16.95001,-19.89999
18.65001,-23.79999
20.75001,-27.89999
24.35001,-0.1999939
23.95001,-3.399994
23.55001,-5.999994
23.05001,-7.799994
22.55001,-8.699994
22.05001,-9.099994
21.55001,-9.199994
21.05001,-9.399994
20.45001,-9.599994
19.65001,-10.09999
18.75001,-10.29999
17.75001,-10.19999
17.15001,-9.399994
16.75001,-8.399994
17.05001,-7.199994
17.55001,-6.099994
17.75001,-4.899994
17.45001,-3.699994
16.95001,-2.299994
16.45001,-0.7999939
16.45001,0.8000061
16.45001,2.400006
16.45001,4.100006
16.15001,5.600006
15.65001,7.000006
15.15001,8.100006
14.95001,8.500007
15.05001,8.300006
15.35001,7.200006
15.65001,5.900006
15.55001,4.900006
15.05001,4.400006
14.35001,4.000006
13.85001,3.100006
13.85001,1.500006
14.15001,-0.4999939
14.45001,-2.099994
14.65001,-3.199994
14.75001,-3.699994
15.15001,-4.499994
15.95001,-5.499994
17.25001,-6.399994
18.55001,-6.799994
19.65001,-6.799994
20.65001,-6.499994
21.55001,-5.999994
22.55001,-5.199994
23.35001,-4.299994
24.05001,-3.299994
24.45001,-2.299994
24.55001,-1.299994
24.15001,-0.2999939
23.55001,0.5000061
22.55001,1.100006
21.25001,1.400006
19.75001,1.300006
18.25001,0.9000061
16.95001,0.2000061
16.05001,-0.4999939
15.25001,-1.699994
14.75001,-3.599994
14.45001,-6.299994
14.05001,-9.599994
13.85001,-13.09999
14.15001,-16.79999
15.15001,-20.79999
16.85001,-25.39999
19.05001,-30.29999
27.35001,1.500006
26.65001,-1.299994
25.95001,-3.499994
25.05001,-5.199994
24.25001,-6.099994
23.45001,-6.699994
22.75001,-6.899994
22.05001,-7.199994
21.25001,-7.399994
20.15001,-7.799994
18.95001,-8.199994
17.95001,-8.499994
17.45001,-8.399994
17.15001,-7.999994
17.45001,-7.299994
17.55001,-6.399994
17.55001,-5.299994
17.15001,-4.199994
17.15001,-2.699994
17.25001,-0.9999939
17.45001,1.000006
17.45001,3.200006
17.05001,5.200006
16.15001,6.800006
15.45001,8.100006
14.85001,9.200006
14.65001,9.900006
14.75001,10.10001
15.15001,9.600006
15.75001,8.400006
16.15001,6.800006
16.05001,5.400006
15.45001,4.200006
14.65001,2.900006
14.45001,1.100006
14.75001,-0.8999939
15.55001,-2.699994
16.35001,-3.999994
17.15001,-5.099994
18.15001,-6.399994
19.85001,-7.699994
21.75001,-8.499994
23.35001,-8.699994
24.75001,-8.399994
26.05001,-7.899994
27.35001,-7.199994
28.75001,-6.399994
29.95001,-5.299994
31.15001,-4.099994
31.75001,-2.499994
31.95001,-0.6999939
31.55001,1.000006
30.65001,2.500006
29.15001,3.600006
27.35001,4.200006
25.15001,4.300006
22.95001,3.900006
20.95001,2.800006
19.25001,1.500006
17.95001,-0.2999939
16.95001,-2.499994
15.95001,-5.399994
15.05001,-8.599994
14.05001,-11.99999
13.45001,-15.79999
13.65001,-20.29999
14.95001,-25.99999
17.25001,-31.89999
29.05001,4.100006
28.15001,1.500006
26.95001,-0.6999939
25.75001,-2.499994
24.65001,-3.799994
23.65001,-4.699994
22.85001,-5.299994
22.05001,-5.799994
21.25001,-6.199994
20.25001,-6.699994
19.25001,-7.099994
18.45001,-7.699994
18.15001,-7.999994
18.05001,-8.099994
18.05001,-7.499994
17.85001,-6.799994
17.85001,-5.799994
18.15001,-4.599994
18.65001,-2.799994
19.05001,-0.4999939
18.95001,2.100006
18.05001,4.400006
17.05001,6.200006
16.05001,7.300006
15.55001,7.800006
15.25001,8.200006
15.05001,8.700006
14.95001,9.200006
14.75001,9.600006
14.95001,9.500007
15.35001,8.300006
15.85001,6.500006
15.75001,4.500006
15.25001,2.200006
15.15001,-0.1999939
15.75001,-2.599994
17.15001,-4.599994
18.75001,-6.299994
20.45001,-7.699994
22.25001,-9.099994
24.35001,-9.999994
26.25001,-10.49999
27.95001,-10.39999
29.45001,-9.999994
31.05001,-9.299994
32.45001,-8.599994
33.95001,-7.799994
35.65001,-6.899994
37.45001,-5.499994
38.85001,-3.699994
39.65001,-1.299994
39.55001,1.200006
38.45001,3.500006
36.65001,5.400006
34.35001,6.900006
31.75001,7.800006
28.75001,7.900006
25.75001,7.100006
23.05001,5.600006
20.85001,3.300006
19.05001,0.4000061
17.55001,-3.099994
16.35001,-6.899994
15.05001,-10.59999
13.85001,-14.19999
12.95001,-18.79999
13.25001,-25.09999
14.85001,-32.3
31.75001,8.000007
30.05001,6.000006
28.15001,4.100006
26.05001,2.100006
24.15001,0.2000061
22.55001,-1.699994
21.45001,-3.199994
20.55001,-4.499994
19.95001,-5.299994
19.45001,-6.099994
18.95001,-6.699994
18.55001,-7.499994
18.45001,-7.999994
18.45001,-8.099994
18.55001,-7.699994
18.55001,-6.999994
19.35001,-5.999994
20.25001,-4.499994
21.05001,-2.099994
20.85001,0.7000061
19.85001,3.400006
18.15001,5.300006
16.85001,6.400006
15.85001,6.900006
15.55001,6.900006
15.55001,6.800006
15.55001,6.700006
15.35001,7.000006
15.05001,7.800006
14.65001,8.400006
14.85001,8.000007
15.55001,6.500006
16.35001,3.800006
16.55001,0.9000061
16.85001,-1.999994
17.95001,-4.699994
19.85001,-6.999994
22.15001,-8.999994
24.45001,-10.49999
26.55001,-11.49999
28.25001,-11.89999
29.75001,-12.19999
31.75001,-12.19999
34.05001,-11.89999
36.25001,-11.49999
38.15001,-10.99999
40.35001,-10.09999
42.75001,-8.699994
45.25001,-6.899994
47.35001,-4.699994
48.75001,-1.999994
49.05001,1.400006
48.05001,4.700006
46.05001,7.500006
43.25001,9.300006
39.85001,10.40001
36.05001,10.80001
32.15001,10.60001
28.35001,9.600006
24.75001,7.700006
21.65001,4.800006
19.15001,1.000006
17.35001,-3.499994
15.85001,-7.999994
14.45001,-12.19999
12.95001,-16.89999
12.15001,-23.49999
12.35001,-31.49999
36.65001,11.30001
34.25001,10.30001
31.55001,9.000007
28.75001,7.500006
26.05001,5.500006
23.65001,3.300006
21.85001,0.9000061
20.55001,-1.399994
19.85001,-3.299994
19.45001,-4.899994
19.25001,-6.199994
19.05001,-7.299994
19.15001,-7.899994
19.45001,-8.099994
20.05001,-7.799994
20.85001,-7.199994
22.05001,-6.099994
23.05001,-4.299994
23.15001,-1.499994
22.25001,1.300006
20.65001,3.700006
18.95001,5.300006
17.55001,6.300006
16.65001,6.900006
16.25001,7.000006
16.05001,6.300006
16.25001,5.400006
16.55001,4.900006
16.65001,5.200006
16.45001,5.700006
16.55001,5.400006
17.25001,4.100006
18.25001,1.600006
19.25001,-1.299994
20.25001,-3.999994
21.65001,-6.599994
23.55001,-8.999994
25.85001,-11.19999
28.15001,-12.49999
30.05001,-13.09999
31.35001,-13.69999
33.35001,-14.79999
37.15001,-15.29999
41.15001,-15.19999
43.95001,-14.59999
46.35001,-13.79999
49.65001,-11.99999
52.65001,-9.399994
53.65001,-6.899994
54.05001,-4.699994
56.15001,-1.599994
58.25001,2.800006
57.85001,7.700006
55.15001,11.50001
51.85001,13.50001
48.65001,14.70001
45.35001,15.50001
41.35001,15.70001
36.75001,14.70001
31.95001,12.70001
27.35001,9.800006
22.85001,6.000006
19.15001,1.500006
16.45001,-3.599994
14.65001,-8.699994
13.15001,-14.29999
11.55001,-21.2
10.55001,-29.79999
42.55001,14.70001
39.05001,14.20001
35.55001,12.90001
32.15001,11.10001
29.25001,9.300006
26.55001,7.200006
24.25001,5.100006
22.35001,2.600006
21.35001,-1.00E-01
20.85001,-2.799994
20.95001,-4.999994
21.05001,-6.599994
21.45001,-7.499994
22.05001,-7.899994
23.15001,-7.899994
24.25001,-7.499994
25.15001,-6.299994
25.55001,-4.299994
25.25001,-1.699994
24.15001,1.000006
22.75001,3.600006
21.25001,5.600006
20.15001,7.000006
19.25001,7.600006
18.55001,7.200006
18.25001,6.000006
18.85001,4.300006
19.85001,3.200006
20.55001,3.000006
20.55001,3.100006
20.45001,2.600006
20.65001,1.300006
21.55001,-1.099994
22.75001,-3.599994
24.15001,-5.899994
25.65001,-8.099994
27.15001,-10.69999
29.25001,-12.99999
31.85001,-14.19999
33.65001,-14.79999
35.05001,-16.39999
38.55001,-18.39999
44.75001,-19.39999
49.65001,-18.99999
51.75001,-17.59999
53.55001,-15.59999
56.95001,-13.09999
58.75001,-10.29999
57.75001,-7.399994
57.15001,-4.499994
59.95001,-0.8999939
62.55001,3.500006
61.55001,8.300006
58.55001,12.80001
56.05001,16.60001
53.85001,20.00001
51.05001,22.20001
47.25001,23.10001
43.15001,22.20001
38.85001,20.10001
34.25001,16.80001
28.95001,12.60001
23.45001,7.700006
18.55001,2.100006
15.25001,-4.099994
13.05001,-10.59999
11.15001,-17.99999
9.250012,-26.99999
49.45001,15.70001
45.75001,17.10001
41.05001,16.70001
36.55001,14.70001
32.85001,11.90001
29.85001,8.900006
27.35001,6.400006
25.05001,3.900006
23.45001,1.100006
22.75001,-1.799994
23.35001,-4.299994
24.25001,-6.199994
25.15001,-7.399994
26.05001,-7.999994
26.85001,-7.799994
27.15001,-7.199994
26.95001,-6.199994
26.75001,-4.999994
27.05001,-2.899994
27.15001,0.1000061
26.75001,3.700006
26.15001,6.500006
25.95001,8.100006
25.85001,8.700006
25.75001,8.400006
25.35001,7.600006
25.15001,6.200006
25.25001,4.600006
25.75001,3.300006
25.75001,2.600006
25.55001,1.600006
25.25001,-0.1999939
25.45001,-2.699994
26.55001,-5.399994
28.35001,-7.599994
29.65001,-9.799994
30.85001,-12.29999
33.15001,-14.89999
36.65001,-16.79999
39.25001,-18.59999
41.95001,-20.39999
46.75001,-21.49999
52.05001,-21.2
54.65001,-20.39999
54.85001,-18.79999
55.65001,-16.59999
57.25001,-14.09999
57.15001,-11.69999
55.55001,-8.499994
55.35001,-4.999994
57.25001,-1.799994
58.65001,1.200006
58.25001,4.900006
57.05001,9.300006
56.15001,14.20001
54.65001,18.50001
52.15001,22.00001
48.95001,24.50001
45.55001,25.70001
42.15001,25.60001
38.35001,23.90001
34.05001,20.80001
28.85001,16.00001
23.05001,10.00001
18.05001,2.800006
14.15001,-5.099994
11.45001,-13.59999
8.850013,-23.09999
53.35001,12.40001
51.65001,16.30001
47.95001,18.40001
42.95001,18.50001
38.05001,16.10001
33.95001,12.30001
30.95001,8.300006
28.45001,4.600006
26.45001,1.300006
25.25001,-1.999994
25.75001,-4.699994
27.05001,-6.599994
28.45001,-7.599994
29.25001,-7.899994
29.25001,-7.499994
28.45001,-6.899994
27.95001,-6.599994
28.15001,-5.999994
29.95001,-3.799994
31.55001,0.2000061
32.25001,4.600006
32.35001,8.200006
32.65001,10.40001
33.05001,12.00001
33.05001,13.00001
31.85001,13.10001
30.15001,11.50001
28.85001,8.600006
29.05001,5.600006
29.55001,3.600006
29.55001,1.900006
29.05001,-0.5999939
29.05001,-3.799994
30.45001,-6.799994
32.55001,-9.399994
33.95001,-11.59999
35.15001,-14.29999
38.15001,-17.2
42.75001,-19.89999
46.55001,-22.39999
50.35001,-23.2
54.45001,-22.09999
55.75001,-20.29999
54.15001,-19.09999
52.85001,-17.59999
52.95001,-15.29999
52.85001,-12.79999
51.25001,-9.999994
49.85001,-6.499994
49.45001,-3.299994
50.25001,-0.8999939
50.85001,1.400006
51.45001,4.200006
51.85001,7.400006
52.25001,10.90001
52.05001,14.60001
51.55001,18.50001
50.45001,22.40001
48.55001,25.40001
45.75001,27.30001
42.05001,27.80001
37.85001,26.80001
33.05001,23.70001
27.55001,18.50001
21.85001,10.90001
16.75001,2.100006
12.85001,-7.599994
9.450012,-17.89999
51.95001,7.500006
53.05001,12.00001
52.25001,15.90001
49.75001,18.40001
45.15001,18.40001
39.85001,16.10001
35.55001,11.80001
32.35001,7.200006
30.35001,3.200006
28.95001,-0.3999939
28.45001,-3.399994
28.75001,-5.799994
29.35001,-6.899994
29.65001,-7.299994
29.45001,-7.599994
29.35001,-8.399994
30.65001,-8.799994
32.85001,-7.499994
35.15001,-3.699994
36.15001,1.200006
35.75001,5.600006
35.25001,9.100006
35.05001,12.00001
34.95001,14.40001
34.65001,15.70001
33.55001,15.70001
32.05001,13.40001
31.25001,9.500007
32.05001,5.700006
33.25001,2.900006
33.75001,0.5000061
33.85001,-2.299994
34.45001,-5.399994
35.95001,-8.199994
38.25001,-11.19999
40.65001,-14.29999
43.45001,-17.29999
47.45001,-19.89999
51.25001,-21.49999
53.25001,-22.29999
55.05001,-21.59999
56.15001,-19.99999
53.85001,-18.09999
49.85001,-16.09999
47.75001,-13.09999
47.05001,-10.09999
45.65001,-7.399994
43.65001,-4.499994
42.15001,-1.799994
41.35001,0.4000061
41.35001,2.300006
41.75001,4.200006
42.25001,6.500006
42.55001,8.900006
43.15001,11.70001
44.05001,14.80001
45.15001,18.40001
46.15001,22.00001
46.95001,25.30001
47.05001,28.00001
45.75001,29.70001
42.75001,30.00001
37.95001,28.50001
32.15001,24.90001
25.85001,18.40001
20.25001,9.700006
15.95001,-0.1999939
11.75001,-10.79999
48.15001,5.000006
50.95001,8.900006
52.55001,12.80001
52.95001,16.20001
51.45001,17.90001
47.65001,17.50001
42.65001,14.40001
38.15001,10.00001
35.15001,5.800006
33.15001,2.700006
31.65001,0.4000061
30.45001,-1.799994
29.75001,-3.399994
29.25001,-4.999994
29.25001,-7.599994
30.75001,-10.59999
34.45001,-11.39999
37.55001,-8.499994
38.45001,-3.399994
37.45001,1.200006
36.45001,4.700006
35.65001,7.900006
35.15001,11.00001
34.75001,12.90001
34.85001,13.30001
34.65001,12.20001
34.75001,9.000007
35.85001,5.200006
38.15001,1.800006
40.25001,-0.7999939
41.85001,-3.099994
43.15001,-5.099994
44.25001,-6.699994
44.65001,-8.699994
45.85001,-12.29999
48.35001,-16.49999
52.35001,-19.59999
55.95001,-20.89999
56.55001,-20.49999
54.65001,-18.99999
52.55001,-17.09999
50.55001,-15.59999
47.35001,-13.79999
43.25001,-11.59999
40.65001,-8.399994
38.65001,-5.799994
36.95001,-3.799994
35.65001,-1.899994
34.85001,0.1000061
33.65001,2.000006
33.35001,3.500006
33.95001,4.700006
34.75001,6.300006
34.85001,8.700006
35.35001,11.80001
36.15001,15.20001
36.95001,18.70001
37.85001,22.00001
39.45001,25.00001
41.65001,27.80001
43.75001,30.20001
44.55001,31.90001
42.75001,31.80001
38.05001,29.80001
30.95001,24.40001
24.05001,16.00001
19.45001,6.100006
15.85001,-3.399994
40.95001,5.100006
44.85001,7.600006
47.55001,10.90001
49.45001,14.30001
50.95001,16.90001
51.25001,18.50001
49.25001,18.10001
45.85001,15.50001
42.15001,11.50001
38.85001,7.500006
36.15001,4.600006
34.05001,2.100006
32.65001,-1.00E-01
31.35001,-2.799994
30.95001,-6.999994
32.75001,-10.89999
36.65001,-10.79999
39.15001,-7.399994
38.75001,-3.499994
37.95001,-0.6999939
37.75001,2.000006
37.15001,5.100006
36.15001,7.700006
35.65001,9.000007
36.05001,8.900006
36.25001,7.200006
37.55001,2.900006
41.05001,-1.699994
45.95001,-4.599994
50.05001,-5.899994
53.15001,-6.599994
55.75001,-6.699994
56.65001,-6.499994
55.75001,-7.299994
54.95001,-9.999994
55.55001,-13.29999
57.15001,-15.89999
57.75001,-16.99999
55.95001,-16.2
52.75001,-13.59999
48.35001,-9.699994
43.95001,-6.099994
40.45001,-3.199994
37.35001,-1.099994
34.05001,0.3000061
30.95001,0.6000061
28.35001,0.4000061
26.55001,0.2000061
25.45001,0.7000061
24.45001,1.700006
24.25001,2.600006
25.35001,3.000006
27.45001,4.000006
29.25001,6.200006
30.55001,9.600006
31.45001,13.40001
31.75001,17.20001
31.85001,20.60001
32.15001,23.20001
33.65001,25.60001
36.25001,28.20001
39.35001,30.80001
41.55001,32.70001
41.45001,33.00001
37.05001,29.70001
29.95001,21.90001
24.05001,10.80001
20.85001,0.8000061
32.85001,5.300006
36.95001,6.200006
40.65001,8.200006
43.15001,11.00001
45.55001,14.10001
48.05001,17.50001
49.15001,20.10001
48.45001,20.80001
46.05001,18.30001
42.55001,13.90001
39.15001,8.600006
36.65001,3.800006
35.25001,0.2000061
33.65001,-3.199994
32.55001,-6.899994
33.75001,-9.699994
37.15001,-8.499994
39.25001,-5.699994
39.85001,-4.099994
40.65001,-2.899994
41.25001,-0.6999939
40.45001,1.700006
39.55001,3.400006
39.35001,4.500006
39.45001,4.900006
38.75001,3.700006
39.45001,-0.9999939
43.45001,-6.399994
49.55001,-9.299994
54.65001,-10.19999
58.55001,-10.39999
61.85001,-9.899994
63.55001,-8.699994
63.25001,-7.599994
61.75001,-6.399994
59.45001,-5.699994
56.05001,-6.399994
52.05001,-7.999994
48.75001,-7.899994
45.25001,-5.199994
39.55001,-1.299994
33.65001,2.800006
29.25001,5.500006
25.95001,6.800006
23.55001,7.600006
21.75001,7.800006
20.45001,7.200006
19.25001,5.800006
17.65001,4.400006
15.95001,3.200006
14.75001,2.300006
15.15001,1.500006
17.75001,1.800006
21.05001,3.900006
23.75001,7.500006
25.45001,11.40001
26.35001,15.10001
26.75001,18.50001
26.95001,21.00001
27.95001,22.90001
29.95001,24.80001
32.45001,27.30001
35.65001,30.20001
38.95001,32.80001
39.45001,33.10001
35.95001,28.60001
29.75001,17.00001
25.75001,4.300006
27.95001,4.300006
31.25001,5.100006
35.05001,6.400006
38.05001,8.300006
40.35001,10.60001
42.25001,13.40001
43.45001,16.20001
44.15001,18.50001
43.75001,18.40001
42.05001,15.90001
39.55001,10.80001
37.85001,4.900006
37.05001,6.10E-06
36.05001,-3.999994
35.75001,-7.099994
37.45001,-8.599994
40.85001,-7.499994
43.25001,-5.999994
44.65001,-5.299994
46.05001,-4.499994
46.25001,-3.199994
45.15001,-2.199994
45.15001,-1.499994
46.65001,-0.3999939
46.95001,0.8000061
45.05001,0.8000061
44.15001,-2.299994
46.15001,-6.599994
50.35001,-9.499994
54.15001,-11.59999
57.65001,-13.19999
61.25001,-13.99999
64.35001,-13.29999
66.05001,-11.29999
65.25002,-8.099994
61.75001,-4.799994
56.35001,-2.799994
52.25001,-1.699994
52.25001,0.5000061
51.15001,3.500006
46.85001,7.200006
41.75001,11.40001
35.25001,14.00001
27.25001,14.00001
19.15001,12.20001
12.65001,9.600006
8.750012,7.900006
7.750012,6.600006
8.350013,5.300006
8.750012,4.200006
8.150012,2.900006
7.650012,1.300006
8.650012,0.3000061
11.25001,1.300006
14.25001,4.600006
16.95001,8.600006
18.85001,12.20001
20.15001,15.70001
21.25001,18.30001
23.05001,20.20001
25.45001,21.50001
27.75001,23.40001
29.85001,25.60001
32.35001,28.10001
34.95001,30.40001
36.15001,30.80001
33.95001,24.00001
30.85001,11.50001
25.35001,2.000006
27.75001,3.400006
30.85001,5.400006
33.65001,7.300006
36.05001,8.800006
37.85001,10.10001
38.35001,11.50001
38.75001,13.20001
39.35001,14.00001
39.55001,13.30001
39.05001,9.800006
39.15001,4.700006
40.15001,-0.4999939
41.15001,-4.399994
42.55001,-6.799994
44.95001,-7.799994
47.55001,-7.699994
49.05001,-7.499994
49.75001,-7.099994
50.15001,-6.499994
49.85001,-6.099994
49.25001,-6.099994
50.55001,-5.799994
53.15001,-4.899994
54.15001,-4.099994
52.95001,-4.099994
52.25001,-5.499994
53.55001,-7.499994
56.05001,-9.699994
58.85001,-11.79999
61.85001,-13.39999
65.05001,-14.09999
67.95001,-13.89999
70.25002,-13.29999
70.85001,-11.89999
69.25002,-9.899994
66.25002,-6.699994
64.65002,-2.499994
65.55001,3.100006
64.75002,9.300006
62.05001,15.90001
58.05001,23.00001
51.95001,28.80001
43.45001,31.60001
31.95001,28.50001
18.95001,20.90001
6.650012,11.60001
-1.349988,5.000006
-3.349988,1.800006
-2.349988,0.3000061
-0.1499878,6.10E-06
1.450012,-0.1999939
2.450012,-0.8999939
3.850012,-0.9999939
6.250012,0.9000061
9.050013,4.300006
11.65001,8.200006
13.75001,12.10001
15.45001,15.40001
17.85001,17.70001
20.75001,18.80001
23.35001,20.20001
25.35001,22.00001
26.85001,23.50001
28.55001,24.80001
30.65001,26.90001
32.65001,26.50001
33.45001,20.10001
23.15001,-0.6999939
24.85001,0.4000061
27.45001,2.500006
29.65001,5.000006
31.65001,7.000006
33.65001,8.200006
34.75001,8.700006
35.05001,9.100006
35.25001,9.000007
35.65001,8.100006
36.45001,5.200006
38.15001,0.9000061
41.35001,-3.999994
44.85001,-7.599994
47.55001,-9.299994
49.35001,-9.799994
50.15001,-9.999994
50.25001,-10.19999
49.85001,-10.09999
49.25001,-9.999994
48.85001,-9.999994
49.25001,-9.999994
51.25001,-9.799994
54.35001,-9.799994
56.45001,-10.39999
57.15001,-10.79999
57.85001,-11.09999
59.45001,-11.59999
61.35001,-12.39999
63.25001,-13.19999
65.25002,-13.69999
67.05001,-13.79999
67.95001,-13.59999
68.55001,-13.39999
68.75002,-12.49999
67.95001,-10.59999
64.45001,-6.999994
60.05001,-2.599994
56.75001,2.500006
54.05001,8.000007
51.45001,14.40001
48.45001,22.10001
44.35001,30.80001
39.45001,38.80001
32.75001,41.80001
23.85001,37.20001
12.95001,24.80001
2.050012,11.80001
-6.349988,2.800006
-11.14999,-3.299994
-10.74999,-6.499994
-7.849988,-7.399994
-4.249988,-6.399994
-1.049988,-4.699994
1.450012,-2.899994
3.850012,-0.4999939
6.250012,3.000006
8.450012,7.500006
10.55001,12.00001
13.25001,15.50001
16.35001,17.00001
18.75001,18.00001
20.55001,19.40001
22.45001,21.00001
23.55001,21.10001
24.15001,20.90001
25.65001,21.70001
28.55001,21.30001
20.65001,-3.299994
21.85001,-2.899994
24.45001,-1.399994
26.65001,1.300006
27.95001,4.000006
29.55001,6.100006
31.35001,6.800006
32.45001,6.400006
32.45001,4.800006
32.75001,2.800006
33.75001,0.1000061
35.15001,-3.599994
38.15001,-8.099994
42.65001,-11.99999
46.05001,-13.89999
47.65001,-14.29999
47.55001,-13.79999
46.85001,-13.59999
45.85001,-13.49999
44.95001,-13.39999
44.95001,-13.19999
45.95001,-12.99999
47.85001,-13.49999
50.55001,-14.59999
53.05001,-15.69999
54.45001,-15.39999
54.25001,-13.29999
53.55001,-10.89999
52.85001,-9.199994
52.75001,-8.799994
53.35001,-9.999994
54.05001,-11.69999
54.15001,-12.59999
53.95001,-12.39999
53.85001,-11.29999
52.85001,-9.299994
48.85001,-6.799994
44.25001,-4.299994
42.75001,-1.599994
43.75001,2.000006
44.45001,8.000007
43.25001,16.30001
39.35001,26.40001
33.45001,37.10001
26.35001,44.90001
19.15001,45.70001
12.85001,35.40001
6.550012,21.90001
-2.149988,10.30001
-11.04999,0.7000061
-16.14999,-7.399994
-16.44999,-13.59999
-12.04999,-14.79999
-6.349988,-11.99999
-2.249988,-7.799994
0.3500122,-4.799994
2.650012,-1.899994
4.650012,2.500006
6.650012,7.900006
9.150012,12.70001
12.35001,15.30001
14.65001,16.10001
15.95001,16.90001
17.45001,18.80001
19.05001,19.20001
19.85001,17.40001
19.55001,15.60001
20.45001,15.40001
17.95001,-5.799994
18.15001,-5.799994
20.55001,-4.699994
23.45001,-2.299994
24.85001,0.5000061
25.55001,2.800006
27.25001,4.200006
29.25001,4.400006
30.45001,2.300006
31.55001,-0.8999939
33.05001,-3.699994
33.85001,-5.699994
34.85001,-7.999994
37.35001,-10.19999
40.15001,-11.99999
41.65001,-13.29999
41.45001,-13.69999
40.55001,-13.69999
39.05001,-13.89999
38.05001,-14.19999
37.95001,-14.39999
38.55001,-14.79999
39.45001,-15.49999
40.85001,-16.29999
42.25001,-16.49999
42.75001,-15.29999
41.45001,-12.09999
39.65001,-8.499994
38.45001,-5.499994
38.55001,-4.199994
39.75001,-4.899994
40.85001,-6.199994
41.35001,-6.099994
41.85001,-5.299994
42.15001,-4.599994
41.25001,-4.199994
37.95001,-3.799994
34.65001,-3.099994
34.45001,-0.9999939
37.75001,3.300006
41.15001,10.50001
41.25001,18.30001
37.75001,26.40001
32.35001,35.70001
24.45001,44.70001
15.75001,48.10001
10.45001,40.30001
7.450012,28.50001
2.050012,18.00001
-6.249988,8.700006
-13.94999,-1.099994
-18.04999,-11.09999
-16.14999,-18.39999
-10.94999,-20.2
-5.049988,-15.19999
-1.149988,-9.699994
1.150012,-6.099994
2.950012,-1.699994
4.350012,3.800006
5.650012,9.400006
8.350013,13.00001
10.95001,14.10001
12.15001,14.10001
12.85001,15.60001
14.05001,17.10001
15.65001,16.30001
16.25001,13.30001
15.95001,10.60001
15.25001,-8.499994
14.55001,-8.399994
16.15001,-7.399994
19.25001,-5.099994
21.35001,-2.599994
22.05001,-0.7999939
23.15001,0.5000061
25.25001,1.500006
27.25001,0.4000061
29.25001,-3.399994
31.85001,-7.399994
33.75001,-8.699994
34.45001,-7.999994
35.65001,-7.199994
37.35001,-7.399994
38.15001,-8.399994
37.15001,-9.499994
35.45001,-10.09999
33.35001,-10.29999
32.05001,-10.89999
31.35001,-11.89999
31.25001,-13.39999
31.15001,-14.69999
31.35001,-14.89999
31.55001,-13.69999
31.45001,-11.89999
30.85001,-10.19999
30.55001,-8.799994
30.95001,-7.699994
32.55001,-6.999994
34.75001,-6.699994
36.45001,-5.699994
37.05001,-3.099994
37.45001,-0.2999939
37.55001,2.000006
36.75001,4.000006
35.05001,5.000006
32.35001,4.900006
30.55001,4.700006
32.25001,7.600006
35.65001,15.20001
35.85001,22.50001
32.85001,27.30001
29.35001,33.50001
22.75001,42.30001
14.35001,47.20001
10.35001,41.70001
9.550013,32.90001
5.850012,25.10001
-2.249988,15.30001
-10.24999,3.800006
-14.84999,-6.699994
-15.14999,-17.39999
-12.24999,-25.09999
-6.449988,-22.7
-1.549988,-15.59999
1.250012,-9.999994
2.950012,-4.599994
3.450012,1.100006
3.150012,6.400006
4.450012,10.40001
6.950012,11.80001
8.650012,11.30001
9.650012,12.20001
10.55001,13.70001
11.65001,14.00001
13.45001,12.00001
14.25001,8.900006
12.45001,-10.09999
12.35001,-10.29999
12.85001,-9.599994
14.75001,-7.499994
17.55001,-4.899994
18.95001,-3.199994
19.85001,-2.999994
21.45001,-2.399994
23.55001,-2.199994
25.25001,-4.599994
27.75001,-9.599994
31.05001,-12.69999
32.95001,-12.29999
34.15001,-10.89999
35.35001,-9.999994
35.95001,-9.399994
34.45001,-9.399994
31.85001,-9.199994
28.95001,-8.299994
26.65001,-7.499994
25.45001,-7.299994
25.15001,-8.099994
25.45001,-9.599994
26.15001,-10.59999
26.65001,-9.999994
26.85001,-8.699994
26.85001,-7.999994
27.15001,-7.999994
27.85001,-8.499994
28.75001,-8.999994
29.65001,-9.399994
29.95001,-8.899994
29.25001,-6.499994
28.65001,-3.599994
28.65001,-0.3999939
29.05001,3.000006
30.05001,6.900006
29.95001,9.100006
28.85001,7.600006
29.85001,8.100006
32.45001,16.80001
30.85001,26.20001
27.05001,29.00001
25.65001,32.10001
21.95001,39.20001
16.65001,44.90001
13.75001,43.00001
13.15001,37.90001
10.95001,32.60001
4.550012,22.40001
-2.949988,7.000006
-7.049988,-5.299994
-8.049988,-14.79999
-7.849988,-24.2
-4.249988,-25.89999
0.5500122,-20.2
3.350012,-12.39999
4.050012,-5.299994
3.050012,0.1000061
1.350012,4.500006
1.750012,8.200006
3.750012,9.500007
5.650012,8.800006
7.550012,9.500007
9.550013,10.10001
10.85001,9.800006
12.35001,8.700006
13.75001,6.700006
9.650012,-10.29999
10.85001,-10.89999
11.25001,-10.89999
12.35001,-9.699994
15.15001,-6.999994
17.05001,-4.899994
17.65001,-5.099994
18.85001,-5.699994
20.65001,-5.399994
21.85001,-5.999994
23.25001,-10.29999
26.35001,-14.79999
28.95001,-15.99999
30.15001,-15.39999
30.55001,-14.19999
30.75001,-12.49999
29.65001,-11.09999
27.55001,-9.999994
24.65001,-8.599994
21.95001,-6.999994
19.95001,-5.699994
18.75001,-4.899994
18.55001,-5.299994
19.45001,-6.499994
20.75001,-7.799994
22.05001,-8.199994
22.75001,-7.899994
23.55001,-7.599994
24.35001,-7.499994
25.15001,-7.699994
25.05001,-7.999994
23.95001,-7.999994
21.65001,-6.399994
19.95001,-3.899994
19.95001,-1.899994
21.15001,0.3000061
23.25001,4.400006
24.05001,8.700006
24.15001,9.700006
26.25001,9.700006
28.35001,17.70001
23.55001,26.60001
19.05001,28.70001
19.85001,30.50001
21.05001,35.20001
20.95001,41.30001
19.15001,43.20001
17.05001,40.40001
16.25001,36.30001
14.25001,28.20001
9.550013,12.20001
5.250012,-2.599994
1.950012,-12.09999
-0.7499878,-21.29999
0.6500122,-25.2
4.550012,-20.29999
6.050012,-10.99999
4.750012,-3.799994
2.350012,6.10E-06
-5.00E-02,3.300006
0.3500122,6.600006
1.850012,7.400006
3.350012,6.600006
6.150012,7.000006
9.850013,6.600006
12.15001,5.200006
13.55001,4.200006
15.15001,2.800006
7.950012,-10.69999
9.750012,-10.49999
11.15001,-10.79999
12.95001,-10.99999
15.75001,-8.999994
17.65001,-6.499994
17.85001,-5.999994
18.25001,-7.199994
19.95001,-7.699994
20.85001,-7.899994
21.25001,-10.69999
22.65001,-15.19999
24.85001,-17.39999
26.05001,-17.39999
25.55001,-15.79999
24.15001,-13.49999
22.65001,-10.99999
21.25001,-9.199994
19.95001,-7.999994
18.45001,-7.199994
17.15001,-6.199994
15.65001,-5.199994
14.05001,-4.599994
12.85001,-4.999994
12.75001,-6.099994
13.35001,-7.299994
14.55001,-7.799994
15.55001,-7.699994
16.25001,-7.099994
16.95001,-6.499994
17.75001,-5.999994
17.65001,-5.299994
16.45001,-3.599994
14.95001,-1.199994
14.55001,0.8000061
16.25001,2.700006
19.35001,4.500006
20.55001,7.400006
21.05001,10.10001
23.55001,10.80001
24.15001,15.10001
17.15001,19.90001
13.65001,23.00001
17.05001,25.70001
21.65001,29.30001
25.05001,35.30001
25.15001,39.80001
23.05001,38.50001
22.15001,34.00001
22.25001,28.10001
21.75001,16.80001
19.45001,3.800006
14.45001,-6.799994
9.850013,-15.89999
9.050013,-17.89999
9.550013,-12.39999
7.450012,-5.399994
3.850012,-1.599994
0.6500122,0.6000061
-1.349988,3.500006
-0.8499878,5.900006
0.3500122,6.000006
2.150012,5.000006
6.650012,4.000006
11.85001,2.200006
14.95001,0.6000061
17.35001,-0.2999939
20.25001,-1.499994
8.450012,-11.79999
10.05001,-10.69999
12.25001,-10.89999
14.95001,-11.79999
17.75001,-10.59999
19.35001,-8.399994
19.25001,-7.799994
19.85001,-8.799994
22.15001,-9.399994
23.05001,-9.099994
22.25001,-10.59999
21.65001,-13.99999
21.75001,-16.7
21.55001,-17.29999
20.35001,-16.09999
17.95001,-13.89999
15.65001,-10.99999
14.35001,-8.399994
14.05001,-7.199994
13.75001,-6.799994
13.75001,-6.399994
13.25001,-5.799994
11.85001,-4.999994
9.650012,-4.699994
7.550012,-5.099994
6.350012,-5.899994
6.550012,-6.599994
7.250012,-6.999994
7.550012,-6.799994
7.350012,-6.399994
7.950012,-5.699994
8.650012,-4.899994
9.350013,-4.299994
9.650012,-2.599994
10.15001,0.5000061
11.95001,3.900006
15.45001,5.300006
18.15001,6.400006
18.75001,9.400006
20.55001,11.50001
20.85001,11.90001
15.85001,13.10001
14.35001,16.00001
18.95001,18.60001
24.95001,21.70001
29.65001,27.90001
31.65001,34.00001
31.45001,34.70001
29.85001,30.20001
28.35001,24.30001
28.75001,16.60001
28.15001,8.100006
23.75001,-0.4999939
18.45001,-7.499994
14.65001,-7.599994
10.55001,-3.499994
5.850012,-0.3999939
1.650012,1.100006
-0.4499878,2.900006
-1.349988,4.800006
-0.4499878,5.400006
0.7500122,4.500006
3.950012,2.500006
9.950012,-0.1999939
15.45001,-2.599994
18.75001,-3.699994
22.65001,-4.699994
27.55001,-5.799994
11.25001,-12.39999
13.65001,-11.69999
15.75001,-11.49999
17.95001,-11.89999
19.75001,-11.29999
20.65001,-10.49999
21.05001,-10.59999
23.15001,-10.89999
26.55001,-9.899994
27.65001,-8.699994
26.85001,-9.099994
25.95001,-10.69999
24.45001,-12.29999
23.05001,-12.99999
22.25001,-11.99999
20.95001,-9.999994
19.55001,-7.299994
18.55001,-4.999994
17.75001,-3.899994
16.55001,-3.499994
15.25001,-3.199994
13.75001,-2.999994
11.65001,-2.999994
9.250012,-3.299994
6.250012,-3.799994
3.250012,-4.699994
1.350012,-5.499994
0.7500122,-6.199994
1.150012,-6.699994
1.750012,-7.099994
2.550012,-6.799994
3.150012,-6.199994
4.650012,-6.699994
6.750012,-6.099994
8.150012,-2.699994
9.050013,1.700006
11.45001,4.500006
15.35001,5.300006
16.55001,7.800006
17.35001,10.80001
18.65001,11.30001
17.75001,10.30001
19.45001,9.800006
25.25001,10.80001
31.05001,14.40001
35.65001,20.30001
39.35001,26.10001
41.75001,29.00001
41.05001,27.80001
38.15001,23.10001
35.35001,16.00001
32.55001,9.100006
28.15001,3.500006
23.05001,6.10E-06
18.85001,0.6000061
15.15001,2.600006
11.95001,3.900006
9.450012,4.600006
7.950012,4.900006
7.150012,4.500006
7.150012,3.300006
8.050013,1.400006
11.65001,-1.799994
16.55001,-4.899994
20.25001,-6.399994
23.45001,-7.199994
28.45001,-8.999994
33.75001,-10.79999
14.95001,-12.09999
18.45001,-11.99999
20.35001,-11.49999
21.15001,-11.19999
21.45001,-11.39999
21.95001,-12.39999
22.95001,-13.09999
25.65001,-11.89999
29.25001,-9.699994
30.55001,-8.399994
31.55001,-8.699994
32.65001,-8.799994
32.35001,-8.199994
31.65001,-7.299994
31.65001,-5.499994
30.65001,-3.199994
28.85001,-0.8999939
26.55001,1.000006
24.35001,2.200006
21.95001,2.500006
19.25001,2.500006
16.55001,2.200006
13.85001,1.600006
11.05001,0.8000061
7.850012,-1.00E-01
4.050012,-1.299994
0.2500122,-2.899994
-2.849988,-4.499994
-4.149988,-5.699994
-3.749988,-7.099994
-1.649988,-7.899994
0.6500122,-7.999994
2.850012,-7.699994
4.350012,-6.399994
5.650012,-3.999994
6.350012,-0.5999939
8.250012,2.500006
12.85001,3.900006
14.65001,5.500006
15.25001,8.300006
17.25001,9.400006
18.95001,7.000006
24.85001,3.300006
32.85001,3.900006
37.15001,8.400006
40.35001,13.20001
44.65001,17.50001
48.95001,21.50001
50.95001,24.40001
49.85001,24.00001
46.95001,19.40001
43.25001,13.70001
38.95001,8.900006
34.75001,6.100006
31.55001,5.700006
29.15001,6.100006
27.15001,7.000006
24.85001,7.300006
22.35001,6.600006
20.05001,4.700006
18.65001,1.800006
18.75001,-1.699994
20.85001,-5.399994
22.75001,-7.699994
24.55001,-8.699994
27.75001,-10.29999
32.55001,-13.39999
36.95001,-15.89999
18.55001,-10.89999
22.05001,-11.39999
23.75001,-10.69999
23.85001,-10.79999
23.55001,-12.49999
23.85001,-14.29999
24.75001,-13.99999
26.95001,-12.19999
29.75001,-10.79999
31.25001,-10.39999
33.05001,-9.899994
34.55001,-8.199994
33.75001,-5.499994
32.15001,-2.799994
30.75001,-0.6999939
29.05001,1.000006
27.05001,3.400006
24.25001,5.800006
21.45001,7.300006
18.75001,7.000006
16.35001,5.600006
14.25001,4.600006
12.45001,4.600006
10.35001,4.500006
7.850012,4.400006
5.250012,4.100006
2.150012,2.800006
-1.549988,0.5000061
-4.949988,-2.099994
-7.049988,-5.099994
-6.449988,-7.399994
-3.849988,-8.599994
-0.8499878,-8.099994
0.9500122,-6.399994
2.850012,-5.099994
4.350012,-3.099994
7.150012,-1.00E-01
11.75001,2.000006
13.45001,3.000006
14.25001,4.100006
16.95001,3.900006
20.85001,0.5000061
28.75001,-2.699994
36.75001,-0.6999939
39.85001,4.400006
41.85001,8.500007
44.45001,11.30001
47.65001,14.10001
50.25001,17.70001
51.65001,20.20001
52.55001,20.10001
52.25001,18.30001
50.35001,15.40001
47.65001,12.40001
43.95001,10.20001
40.65001,9.000007
37.85001,9.600006
34.65001,10.20001
31.05001,9.400006
28.15001,7.200006
26.35001,2.900006
25.55001,-1.999994
25.15001,-5.099994
25.45001,-7.299994
27.65001,-9.999994
30.65001,-13.59999
33.95001,-17.7
37.35001,-20.39999
22.55001,-9.899994
24.95001,-10.29999
26.05001,-9.999994
25.75001,-11.19999
25.45001,-13.79999
25.75001,-15.49999
26.85001,-14.69999
28.95001,-13.39999
30.95001,-12.79999
31.45001,-11.59999
31.35001,-8.599994
30.45001,-4.999994
28.05001,-1.899994
25.15001,0.8000061
23.25001,3.100006
22.25001,5.100006
21.55001,7.500006
19.65001,10.40001
16.95001,12.10001
14.25001,11.10001
12.15001,7.800006
10.75001,5.800006
9.450012,6.300006
7.550012,7.100006
5.250012,7.300006
2.950012,7.500006
1.350012,7.400006
-0.6499878,5.800006
-3.349988,2.400006
-6.349988,-2.199994
-7.649988,-6.199994
-7.349988,-9.199994
-4.449988,-10.29999
-1.149988,-8.999994
1.650012,-7.999994
3.650012,-5.899994
6.950012,-2.699994
11.15001,-1.00E-01
12.65001,0.5000061
12.95001,6.10E-06
16.35001,-2.099994
21.75001,-5.399994
28.45001,-6.099994
33.35001,-2.099994
35.15001,3.300006
36.35001,7.000006
38.35001,9.100006
40.65001,10.30001
42.85001,11.70001
44.35001,14.00001
46.65001,16.40001
48.75001,18.00001
49.95001,18.30001
50.35001,18.30001
48.35001,18.20001
45.45001,18.20001
42.45001,17.70001
39.05001,16.00001
35.65001,12.20001
32.55001,8.300006
29.95001,4.600006
27.45001,0.2000061
25.85001,-3.399994
26.45001,-6.699994
29.35001,-11.29999
31.55001,-16.7
33.75001,-21.59999
36.65001,-22.89999
24.95001,-9.099994
27.95001,-9.999994
28.45001,-10.69999
27.85001,-12.99999
28.05001,-15.39999
28.85001,-16.2
29.95001,-14.99999
30.85001,-13.29999
30.35001,-11.29999
28.55001,-8.799994
26.05001,-5.599994
23.75001,-2.899994
21.55001,-1.099994
19.75001,0.8000061
18.85001,3.300006
18.45001,6.000006
17.55001,9.000007
15.55001,12.00001
12.95001,14.20001
10.55001,13.80001
9.450012,10.20001
8.850013,7.500006
7.850012,8.600006
6.350012,9.900006
4.250012,9.500007
2.050012,8.700006
0.8500122,9.000007
-0.1499878,9.100006
-1.849988,6.300006
-4.249988,0.7000061
-5.249988,-5.799994
-6.349988,-10.89999
-6.049988,-12.19999
-3.949988,-11.69999
-0.1499878,-10.89999
2.850012,-8.599994
5.650012,-4.999994
9.350013,-2.399994
11.75001,-2.499994
11.95001,-3.899994
13.95001,-6.299994
18.75001,-8.499994
23.05001,-7.599994
25.35001,-3.099994
26.35001,1.100006
28.05001,3.700006
30.85001,6.200006
33.15001,7.600006
35.35001,8.200006
36.65001,10.10001
38.35001,12.90001
39.85001,15.00001
41.45001,15.80001
43.65001,16.90001
44.25001,19.20001
43.05001,21.20001
40.25001,22.10001
37.35001,21.70001
35.85001,17.60001
34.35001,11.60001
31.85001,7.100006
28.85001,3.200006
27.55001,-1.899994
28.65001,-7.199994
30.65001,-12.09999
31.15001,-18.09999
32.55001,-22.59999
34.65001,-21.7
27.95001,-7.499994
31.15001,-10.29999
31.35001,-12.89999
30.95001,-15.69999
31.35001,-16.89999
31.65001,-15.99999
31.15001,-13.39999
29.35001,-10.19999
26.95001,-7.399994
24.55001,-5.499994
22.45001,-3.799994
20.65001,-1.899994
19.65001,0.4000061
18.95001,2.400006
18.55001,4.200006
17.45001,6.400006
15.45001,9.200006
12.75001,11.70001
10.15001,13.60001
7.950012,13.50001
7.250012,10.30001
7.050012,8.100006
6.350012,9.900006
5.350012,11.60001
4.150012,10.60001
3.250012,9.200006
2.850012,9.700006
2.150012,11.50001
0.2500122,10.20001
-1.949988,4.200006
-2.349988,-4.999994
-2.849988,-11.79999
-3.949988,-13.49999
-3.949988,-13.69999
-1.049988,-12.89999
2.150012,-10.59999
4.350012,-7.199994
7.450012,-4.499994
11.05001,-4.799994
11.35001,-6.799994
11.05001,-8.799994
14.05001,-10.49999
18.05001,-9.999994
20.55001,-6.399994
23.65001,-3.399994
27.55001,-1.999994
28.95001,0.8000061
28.55001,2.900006
30.25001,3.400006
32.05001,5.800006
33.75001,9.300006
34.95001,11.60001
36.05001,11.80001
37.95001,12.30001
39.05001,14.50001
38.65001,16.50001
36.75001,17.70001
34.35001,19.90001
33.25001,20.80001
32.75001,16.60001
32.05001,9.700006
30.65001,4.800006
29.85001,-0.3999939
30.85001,-6.899994
31.65001,-12.59999
30.85001,-18.29999
31.15001,-20.89999
31.35001,-18.09999
34.55001,-5.899994
35.15001,-9.299994
34.35001,-12.49999
33.55001,-14.59999
32.65001,-14.19999
30.65001,-12.49999
28.15001,-9.699994
25.95001,-6.799994
24.45001,-4.499994
23.45001,-2.599994
22.65001,-1.00E-01
22.05001,3.100006
21.45001,6.500006
20.25001,8.600006
18.95001,9.200006
17.15001,9.800006
14.85001,11.30001
12.45001,12.30001
10.45001,13.20001
8.450012,12.80001
7.450012,9.900006
6.650012,8.100006
5.750012,9.900006
4.950012,10.90001
4.150012,9.100006
3.450012,7.600006
2.950012,9.000007
2.350012,12.00001
1.750012,12.70001
0.9500122,7.500006
0.4500122,-2.799994
0.4500122,-10.69999
0.1500122,-12.69999
-0.4499878,-13.09999
0.3500122,-12.89999
2.150012,-11.59999
3.450012,-9.099994
5.650012,-6.499994
9.450012,-6.099994
10.35001,-7.899994
9.150012,-10.49999
11.45001,-13.69999
16.05001,-14.19999
18.55001,-10.59999
21.65001,-6.699994
26.05001,-5.199994
26.55001,-3.099994
25.15001,-1.399994
27.45001,-1.799994
30.45001,-0.2999939
32.15001,3.600006
32.65001,6.900006
33.45001,8.500007
34.75001,9.800006
35.75001,12.00001
35.75001,12.80001
34.35001,11.00001
33.55001,10.90001
32.35001,15.20001
29.75001,16.80001
29.05001,11.20001
29.75001,5.100006
30.15001,0.8000061
31.15001,-5.899994
31.75001,-13.39999
30.85001,-18.29999
29.45001,-17.29999
27.95001,-13.09999
37.15001,-4.399994
35.55001,-6.599994
33.75001,-8.299994
32.15001,-9.199994
29.75001,-8.799994
26.55001,-7.599994
24.15001,-5.899994
22.85001,-4.299994
22.65001,-2.399994
22.15001,0.5000061
21.75001,4.000006
21.45001,7.500006
20.55001,10.40001
18.65001,12.10001
17.05001,12.00001
15.75001,11.20001
13.55001,11.30001
11.85001,12.30001
11.35001,13.50001
10.05001,13.60001
8.550013,11.50001
6.950012,9.900006
6.050012,10.70001
5.450012,10.40001
4.350012,8.100006
2.950012,7.000006
2.350012,9.100006
2.650012,12.10001
3.950012,12.90001
4.950012,9.100006
4.450012,-1.00E-01
3.550012,-7.899994
3.050012,-10.49999
2.450012,-11.39999
1.950012,-12.19999
2.150012,-11.79999
2.950012,-10.09999
4.150012,-7.899994
7.250012,-7.099994
8.450012,-8.799994
7.950012,-12.79999
10.65001,-17.09999
14.25001,-17.29999
14.85001,-12.49999
16.25001,-7.099994
20.45001,-5.499994
22.55001,-4.599994
22.15001,-3.399994
24.65001,-4.099994
28.25001,-3.299994
29.95001,-1.00E-01
29.25001,3.000006
28.45001,5.500006
28.15001,7.900006
30.75001,10.20001
32.95001,10.10001
32.45001,6.700006
32.55001,4.600006
32.55001,8.400006
29.45001,12.80001
27.65001,10.50001
28.55001,4.900006
29.35001,1.000006
30.25001,-5.099994
31.15001,-13.49999
30.35001,-17.09999
27.65001,-12.99999
24.85001,-8.399994
30.65001,-3.199994
30.65001,-5.499994
29.25001,-5.999994
27.45001,-6.399994
25.15001,-6.199994
22.25001,-5.399994
19.85001,-4.099994
18.85001,-3.099994
19.75001,-0.8999939
20.15001,2.600006
19.75001,5.900006
19.45001,8.400006
18.75001,10.60001
17.55001,12.20001
16.45001,12.30001
15.65001,10.90001
13.75001,9.700006
12.55001,11.10001
12.65001,14.00001
12.05001,15.10001
10.65001,13.80001
9.150012,12.30001
8.450012,11.80001
8.250012,10.90001
7.150012,9.900006
5.550012,10.30001
5.050012,12.10001
5.450012,12.70001
6.850012,11.50001
8.250012,8.300006
7.950012,1.700006
6.050012,-5.399994
4.650012,-9.299994
3.850012,-10.99999
2.850012,-11.39999
2.250012,-10.69999
2.550012,-9.599994
3.150012,-8.399994
5.250012,-7.599994
6.550012,-9.499994
7.150012,-14.29999
9.450012,-18.39999
10.65001,-16.89999
9.550013,-11.19999
10.15001,-5.699994
13.95001,-4.799994
17.05001,-5.299994
17.55001,-3.999994
18.75001,-3.599994
21.25001,-2.799994
23.15001,-0.7999939
23.05001,0.7000061
21.75001,2.300006
20.55001,4.700006
22.75001,7.000006
25.15001,7.000006
26.55001,4.800006
28.55001,3.800006
29.25001,5.700006
26.85001,7.700006
25.45001,6.700006
28.65001,3.400006
30.15001,0.4000061
29.65001,-4.199994
29.05001,-11.39999
27.15001,-14.59999
24.15001,-10.89999
21.25001,-7.499994
22.05001,-0.5999939
22.75001,-3.099994
21.65001,-3.799994
20.15001,-4.099994
18.95001,-4.099994
16.75001,-3.699994
14.65001,-3.699994
13.85001,-3.299994
15.65001,-0.4999939
16.85001,3.700006
16.85001,7.000006
17.15001,8.800006
18.35001,10.30001
18.45001,11.80001
17.55001,12.50001
16.15001,11.70001
14.55001,9.800006
14.15001,10.70001
14.75001,13.90001
14.75001,15.10001
14.55001,14.10001
13.95001,13.20001
13.75001,12.50001
13.95001,12.40001
13.05001,12.80001
10.45001,13.80001
9.450012,14.70001
9.550013,13.30001
9.550013,10.20001
9.550013,6.800006
8.950012,1.600006
7.150012,-4.399994
5.650012,-8.099994
4.550012,-9.099994
2.750012,-7.899994
1.150012,-7.099994
1.050012,-8.199994
1.550012,-8.899994
3.350012,-7.999994
5.050012,-9.499994
5.650012,-14.29999
6.250012,-17.89999
6.250012,-16.39999
5.850012,-10.99999
6.950012,-6.099994
9.750012,-5.499994
12.85001,-5.899994
14.05001,-4.299994
14.35001,-3.399994
15.45001,-2.599994
17.25001,-1.399994
17.55001,-0.6999939
16.65001,-0.1999939
16.05001,1.200006
16.85001,2.800006
16.35001,2.800006
17.65001,1.800006
20.85001,2.000006
21.95001,3.300006
19.85001,3.500006
19.35001,2.600006
25.15001,1.300006
27.45001,-0.4999939
26.05001,-2.699994
25.35001,-7.199994
22.65001,-10.89999
20.05001,-9.999994
18.95001,-8.599994
15.95001,2.300006
15.25001,1.000006
14.05001,-1.00E-01
12.55001,-0.7999939
12.15001,-1.299994
11.65001,-2.199994
11.15001,-3.299994
10.85001,-3.199994
11.25001,-0.3999939
11.65001,3.400006
11.75001,6.400006
12.95001,8.200006
17.15001,9.200006
20.45001,11.00001
19.95001,12.20001
17.95001,11.50001
16.25001,9.800006
17.05001,10.20001
17.85001,12.50001
17.75001,13.30001
19.15001,13.30001
19.35001,13.90001
19.95001,14.80001
20.75001,15.20001
18.85001,15.00001
15.35001,15.00001
13.35001,15.20001
12.75001,13.50001
11.55001,10.80001
9.650012,7.300006
7.950012,2.500006
6.250012,-1.999994
4.750012,-4.099994
2.950012,-4.199994
0.8500122,-3.199994
-0.4499878,-3.399994
-0.3499878,-6.199994
0.5500122,-8.199994
2.850012,-8.299994
5.250012,-11.39999
5.450012,-15.99999
4.750012,-18.39999
4.650012,-16.59999
5.850012,-11.89999
8.250012,-7.799994
11.85001,-6.799994
15.65001,-5.899994
16.85001,-4.499994
16.85001,-3.999994
17.85001,-3.199994
18.95001,-1.799994
18.65001,-1.399994
17.35001,-1.399994
17.25001,-0.7999939
19.55001,0.3000061
20.25001,0.3000061
19.35001,-0.6999939
19.25001,-1.199994
20.05001,-0.3999939
19.65001,6.10E-06
18.75001,-0.2999939
21.55001,-0.4999939
22.25001,-1.399994
21.65001,-2.299994
22.75001,-3.999994
21.25001,-7.099994
19.75001,-8.599994
19.95001,-9.499994
13.35001,1.500006
12.25001,0.8000061
11.95001,-0.4999939
11.45001,-0.9999939
11.15001,-0.7999939
10.85001,-1.099994
10.65001,-1.499994
9.950012,-1.099994
9.050013,0.5000061
8.450012,2.200006
8.550013,4.700006
9.550013,6.700006
14.35001,7.500006
20.35001,9.200006
21.65001,11.10001
20.45001,10.10001
19.15001,8.800006
20.15001,9.400006
20.45001,11.20001
20.15001,11.50001
21.75001,12.20001
22.25001,13.70001
22.45001,15.00001
23.15001,16.10001
21.75001,16.00001
18.55001,15.40001
16.45001,14.70001
15.85001,13.30001
14.45001,11.40001
11.45001,8.900006
8.650012,5.100006
6.350012,1.700006
4.250012,-0.1999939
2.350012,-1.199994
1.450012,-1.399994
1.350012,-2.099994
1.350012,-4.699994
2.050012,-6.999994
4.650012,-9.499994
7.150012,-14.69999
7.750012,-18.89999
7.750012,-19.09999
8.650012,-16.2
10.15001,-11.79999
13.05001,-8.699994
17.65001,-7.099994
21.75001,-5.399994
22.15001,-4.399994
22.75001,-4.099994
24.65001,-2.799994
25.55001,-1.699994
25.15001,-1.499994
24.55001,-1.699994
24.95001,-1.199994
27.35001,6.10E-06
28.45001,0.7000061
26.45001,0.4000061
24.05001,6.10E-06
23.65001,-0.1999939
23.45001,-0.8999939
22.25001,-1.799994
22.45001,-2.099994
23.25001,-3.099994
23.55001,-4.399994
23.45001,-5.199994
22.25001,-6.699994
21.55001,-9.099994
20.75001,-11.69999
13.05001,0.4000061
11.95001,-0.2999939
12.15001,-2.299994
12.55001,-2.999994
11.75001,-1.399994
10.45001,6.10E-06
9.450012,0.7000061
8.450012,0.6000061
8.150012,0.2000061
8.350013,0.9000061
8.650012,3.800006
8.850013,6.100006
11.35001,5.800006
16.85001,5.900006
20.95001,7.900006
21.95001,8.100006
20.85001,7.300006
20.65001,8.200006
22.25001,10.30001
23.45001,10.80001
23.55001,11.10001
24.15001,11.70001
24.85001,13.20001
24.35001,15.10001
22.55001,16.10001
19.05001,15.70001
16.85001,14.80001
16.75001,13.20001
16.25001,10.90001
14.25001,8.600006
11.85001,6.200006
9.650012,3.600006
7.550012,1.300006
6.250012,-0.4999939
6.350012,-1.399994
6.250012,-2.299994
5.350012,-4.299994
5.850012,-7.599994
8.550013,-12.59999
11.15001,-17.99999
12.75001,-19.49999
14.15001,-17.99999
15.65001,-15.09999
16.85001,-11.59999
19.05001,-8.999994
22.95001,-6.899994
25.95001,-5.199994
26.45001,-4.399994
28.55001,-3.499994
31.05001,-2.499994
31.95001,-1.899994
32.15001,-1.699994
32.55001,-1.399994
33.15001,-0.6999939
33.65001,0.4000061
33.05001,1.200006
31.05001,1.800006
29.05001,2.300006
27.45001,1.800006
25.65001,-1.00E-01
24.85001,-1.999994
25.35001,-2.799994
26.35001,-3.399994
26.15001,-5.199994
24.75001,-7.499994
23.25001,-9.499994
22.05001,-11.69999
20.35001,-14.39999
12.75001,1.100006
12.25001,1.300006
12.15001,-0.6999939
12.05001,-2.299994
10.45001,-1.599994
8.250012,-0.1999939
6.850012,0.9000061
5.950012,0.7000061
6.350012,-0.2999939
6.850012,0.4000061
7.250012,3.400006
7.450012,5.500006
8.150012,4.000006
12.05001,2.300006
17.45001,3.800006
20.75001,5.600006
20.75001,5.700006
19.35001,5.900006
20.75001,8.400006
23.85001,11.00001
23.65001,11.00001
23.45001,11.30001
26.65001,14.30001
26.65001,16.80001
23.45001,17.20001
19.45001,16.10001
16.55001,14.80001
15.35001,13.00001
15.05001,10.70001
14.45001,8.700006
13.05001,6.700006
11.45001,4.200006
10.35001,1.900006
9.950012,6.10E-06
10.05001,-1.499994
9.450012,-2.799994
8.550013,-5.299994
9.650012,-10.39999
13.45001,-16.99999
16.65001,-19.79999
18.35001,-17.99999
19.75001,-16.2
20.95001,-14.39999
21.15001,-11.49999
22.65001,-8.999994
25.85001,-7.199994
27.85001,-5.999994
28.95001,-5.099994
31.45001,-3.999994
33.15001,-3.299994
34.05001,-2.899994
34.55001,-2.199994
35.05001,-1.399994
35.45001,-0.4999939
35.35001,0.1000061
33.95001,0.2000061
32.45001,0.4000061
31.15001,1.000006
29.55001,0.8000061
27.35001,-0.7999939
26.25001,-2.599994
26.25001,-3.399994
26.15001,-2.599994
25.25001,-2.399994
24.15001,-4.399994
22.95001,-7.699994
21.95001,-11.79999
20.75001,-15.19999
11.85001,1.600006
12.05001,1.900006
12.35001,1.400006
12.55001,0.5000061
11.15001,0.1000061
9.150012,0.2000061
7.250012,1.000006
5.650012,1.600006
4.850012,1.900006
3.950012,2.600006
3.950012,4.500006
4.750012,6.000006
4.950012,4.800006
6.950012,1.900006
11.35001,0.7000061
14.45001,1.800006
16.05001,3.100006
16.65001,3.400006
16.55001,4.000006
17.25001,6.900006
18.55001,10.40001
18.85001,13.20001
23.15001,17.40001
26.35001,20.00001
25.05001,19.80001
21.55001,17.50001
18.65001,15.00001
16.85001,12.90001
15.75001,11.30001
14.35001,9.700006
12.65001,7.800006
11.05001,5.100006
10.65001,2.300006
10.95001,6.10E-06
11.15001,-1.699994
10.85001,-3.799994
11.55001,-7.799994
14.35001,-14.79999
18.85001,-19.7
21.65001,-18.59999
22.75001,-15.99999
23.85001,-15.09999
23.95001,-13.39999
23.25001,-10.99999
25.05001,-9.299994
28.05001,-8.499994
29.55001,-7.899994
30.35001,-6.999994
31.65001,-5.999994
32.35001,-5.399994
32.85001,-4.599994
33.45001,-3.699994
34.25001,-2.299994
35.05001,-0.7999939
35.45001,-1.00E-01
34.85001,-0.6999939
33.65001,-1.699994
32.25001,-1.899994
30.85001,-1.599994
28.95001,-1.599994
27.05001,-2.899994
26.05001,-4.399994
24.85001,-3.199994
22.85001,-0.2999939
20.75001,1.400006
19.15001,0.6000061
18.25001,-3.599994
17.55001,-8.099994
11.05001,2.800006
10.85001,2.000006
12.05001,1.700006
13.55001,2.400006
12.95001,3.300006
10.65001,3.800006
7.750012,4.000006
5.350012,4.900006
3.950012,6.000006
2.050012,6.000006
1.950012,7.300006
1.950012,10.20001
5.00E-02,10.50001
-0.4499878,7.300006
2.850012,1.700006
6.250012,-1.199994
8.050013,0.1000061
10.55001,1.300006
11.85001,0.3000061
11.05001,0.9000061
12.25001,6.900006
12.55001,13.00001
15.35001,16.80001
21.25001,20.30001
24.65001,22.70001
23.45001,21.40001
20.85001,18.10001
19.75001,15.50001
18.55001,13.60001
16.45001,11.80001
13.95001,9.600006
12.05001,6.600006
11.55001,3.000006
12.05001,6.10E-06
12.85001,-2.399994
13.45001,-5.299994
15.55001,-11.19999
19.35001,-18.59999
23.15001,-19.49999
24.55001,-15.99999
25.55001,-14.79999
26.45001,-13.79999
25.65001,-12.09999
25.25001,-10.69999
27.35001,-10.09999
29.55001,-10.09999
30.35001,-9.699994
30.95001,-8.799994
31.35001,-8.099994
31.45001,-7.299994
32.15001,-6.299994
32.75001,-4.999994
33.05001,-3.099994
32.95001,-0.8999939
32.45001,0.7000061
32.05001,0.8000061
32.55001,-0.9999939
32.05001,-2.499994
29.85001,-1.999994
27.35001,-0.9999939
25.55001,-1.399994
24.35001,-2.699994
22.95001,-2.399994
20.95001,-0.2999939
18.85001,2.000006
16.55001,3.500006
14.15001,2.600006
12.15001,-1.00E-01
11.05001,4.000006
9.650012,2.600006
10.25001,0.8000061
12.55001,1.300006
12.85001,4.200006
10.55001,6.100006
6.650012,6.800006
3.350012,7.600006
1.750012,8.400006
1.150012,7.600006
3.350012,8.100006
2.350012,11.20001
-3.449988,12.50001
-7.549988,11.50001
-5.849988,5.800006
-1.249988,-1.099994
0.1500122,-2.599994
0.5500122,-1.599994
3.550012,-1.199994
4.650012,-1.499994
5.750012,3.200006
6.550012,9.300006
8.050013,13.10001
12.65001,16.90001
20.45001,22.30001
24.25001,24.60001
22.25001,21.70001
21.25001,18.80001
21.05001,16.80001
19.25001,14.30001
17.25001,11.40001
15.55001,8.000007
14.75001,4.300006
15.25001,0.7000061
16.45001,-2.999994
17.45001,-7.799994
19.95001,-15.19999
23.55001,-20.49999
25.25001,-17.49999
25.25001,-14.19999
25.95001,-13.89999
25.95001,-12.59999
24.95001,-11.49999
25.65001,-11.19999
27.45001,-10.89999
27.95001,-10.99999
28.35001,-10.59999
29.15001,-9.799994
29.75001,-8.899994
30.15001,-7.699994
30.85001,-5.799994
30.95001,-3.699994
29.85001,-0.8999939
27.65001,2.200006
24.85001,4.900006
22.35001,6.000006
22.55001,4.000006
23.65001,1.200006
22.65001,0.6000061
20.35001,1.100006
18.65001,1.000006
17.85001,0.5000061
17.55001,0.6000061
17.35001,1.200006
16.65001,1.800006
15.15001,2.700006
12.85001,3.400006
10.55001,2.400006
10.65001,4.600006
8.850013,4.100006
7.550012,2.600006
8.550013,2.900006
10.05001,5.900006
9.750012,8.000007
6.850012,8.200006
2.850012,8.600006
-5.00E-02,9.300006
0.6500122,8.700006
5.450012,6.700006
4.250012,5.500006
-3.349988,6.100006
-10.24999,7.700006
-10.94999,5.700006
-5.249988,0.3000061
-3.349988,-3.399994
-5.949988,-4.299994
-5.449988,-3.699994
-3.549988,-2.699994
-1.849988,-1.00E-01
1.650012,4.600006
3.350012,9.300006
4.950012,12.60001
13.75001,18.40001
23.25001,24.40001
23.85001,22.90001
22.75001,19.80001
23.35001,18.00001
22.25001,15.30001
20.95001,11.90001
19.75001,8.500007
18.95001,5.200006
19.15001,1.500006
20.25001,-3.499994
21.05001,-10.39999
23.25001,-17.99999
25.85001,-19.99999
25.95001,-14.79999
25.15001,-12.59999
25.15001,-12.89999
24.15001,-12.09999
23.05001,-12.09999
23.65001,-11.99999
24.95001,-11.49999
24.85001,-11.49999
25.05001,-11.39999
26.05001,-10.49999
27.05001,-9.199994
27.65001,-7.499994
27.95001,-4.899994
27.15001,-1.999994
24.85001,1.500006
22.25001,5.900006
19.55001,9.300006
16.45001,10.40001
14.45001,8.300006
13.95001,5.200006
14.25001,3.700006
13.75001,3.400006
12.75001,2.800006
11.75001,2.200006
11.65001,2.300006
11.75001,3.000006
10.95001,4.600006
9.450012,6.500006
7.850012,7.700006
6.550012,7.000006
10.55001,6.800006
9.750012,7.100006
7.350012,7.100006
5.550012,7.700006
5.850012,9.300006
7.950012,10.40001
8.150012,9.900006
4.950012,9.200006
1.250012,9.300006
0.2500122,9.800006
4.250012,7.900006
4.550012,3.800006
-1.749988,1.400006
-9.749988,0.9000061
-12.04999,0.8000061
-6.349988,0.3000061
-3.749988,-1.699994
-6.949988,-4.699994
-8.749988,-5.799994
-8.649988,-5.099994
-7.649988,-3.999994
-3.749988,-1.499994
5.00E-02,4.300006
0.9500122,8.500007
6.750012,12.80001
18.65001,20.70001
24.55001,22.90001
24.75001,19.60001
25.45001,17.20001
25.25001,14.70001
24.45001,11.90001
24.05001,9.000007
23.35001,5.700006
22.65001,1.300006
22.95001,-4.999994
23.95001,-12.89999
25.35001,-18.09999
26.35001,-16.09999
25.75001,-11.49999
24.85001,-11.39999
24.05001,-12.49999
22.75001,-12.79999
21.25001,-13.19999
20.85001,-13.19999
21.55001,-12.59999
21.75001,-12.39999
21.85001,-12.29999
22.45001,-11.69999
23.85001,-10.69999
25.15001,-8.999994
24.75001,-6.199994
22.65001,-2.899994
19.45001,1.600006
16.55001,7.200006
14.35001,11.70001
12.85001,12.60001
11.45001,10.60001
9.850013,8.300006
9.550013,6.900006
10.15001,6.400006
10.35001,5.600006
9.550013,4.100006
8.850013,3.300006
8.250012,4.400006
7.150012,7.100006
5.750012,9.700006
4.450012,10.90001
3.650012,10.50001
10.15001,7.800006
10.45001,8.000007
8.950012,7.700006
5.950012,8.200006
4.050012,9.400006
6.650012,10.80001
9.450012,9.900006
7.450012,8.100006
3.350012,7.700006
-0.1499878,9.300006
0.6500122,11.00001
2.550012,8.300006
-0.6499878,1.900006
-8.349988,-2.599994
-11.74999,-2.399994
-7.849988,0.3000061
-5.949988,-0.2999939
-7.849988,-4.099994
-8.649988,-6.299994
-9.649988,-6.699994
-10.24999,-7.299994
-7.949988,-6.999994
-2.649988,-0.8999939
-0.6499878,5.000006
1.750012,7.500006
12.15001,15.20001
22.95001,21.60001
26.25001,19.70001
26.65001,16.20001
26.85001,14.00001
26.85001,12.30001
27.45001,10.50001
27.65001,6.700006
26.35001,0.9000061
25.75001,-6.799994
26.35001,-14.19999
27.15001,-15.39999
26.85001,-11.09999
25.75001,-9.099994
24.35001,-11.09999
22.95001,-12.89999
21.25001,-13.59999
19.65001,-13.99999
18.55001,-14.09999
18.95001,-13.49999
19.45001,-13.09999
19.25001,-13.19999
19.65001,-13.29999
21.75001,-12.59999
23.25001,-10.69999
21.55001,-7.599994
17.65001,-3.699994
13.95001,2.100006
10.85001,9.900006
8.150012,15.20001
7.050012,15.20001
7.650012,12.60001
7.150012,11.00001
6.750012,9.900006
7.350012,9.500007
7.850012,9.400006
7.250012,8.200006
6.450012,6.600006
5.850012,6.800006
5.550012,8.800006
5.150012,10.40001
4.850012,10.60001
5.050012,10.20001
7.150012,6.200006
6.950012,5.800006
7.150012,5.000006
5.950012,5.100006
3.850012,6.800006
5.650012,8.600006
8.350013,7.900006
6.450012,7.100006
1.650012,8.000007
-2.549988,9.300006
-3.449988,11.10001
-1.049988,10.10001
-1.349988,3.800006
-7.149988,-1.099994
-10.54999,-1.00E-01
-8.649988,1.900006
-8.349988,-0.1999939
-8.949988,-4.499994
-8.349988,-6.699994
-9.949988,-8.299994
-10.94999,-9.999994
-9.549988,-10.49999
-4.549988,-5.299994
-1.249988,1.700006
-5.00E-02,3.900006
6.750012,9.200006
18.85001,17.80001
25.95001,19.30001
27.15001,15.70001
27.35001,12.90001
27.55001,11.70001
28.75001,10.50001
30.65001,7.300006
30.55001,2.000006
29.25001,-4.599994
28.55001,-9.699994
28.25001,-9.499994
27.55001,-7.499994
26.05001,-8.699994
23.95001,-11.19999
22.15001,-12.69999
20.65001,-13.39999
19.45001,-13.79999
18.65001,-13.99999
19.15001,-13.49999
19.65001,-13.39999
19.55001,-13.99999
20.05001,-14.39999
21.45001,-13.39999
21.25001,-11.19999
17.55001,-7.999994
13.05001,-3.799994
10.15001,3.900006
7.750012,13.90001
5.350012,19.10001
5.050012,17.50001
6.750012,14.40001
6.750012,13.30001
6.250012,12.10001
6.550012,11.30001
6.250012,11.60001
4.950012,11.00001
4.250012,9.200006
4.350012,8.100006
4.650012,8.500007
4.650012,9.500007
4.950012,9.800006
5.850012,9.600006
3.950012,6.500006
2.250012,4.800006
1.850012,3.600006
1.050012,3.000006
0.6500122,4.100006
2.950012,5.300006
4.050012,5.700006
0.9500122,7.900006
-4.249988,11.10001
-7.349988,11.10001
-6.949988,9.100006
-3.949988,7.600006
-2.849988,4.200006
-5.849988,1.100006
-7.949988,2.000006
-7.049988,1.900006
-8.049988,-1.899994
-8.049988,-5.599994
-8.449988,-7.499994
-11.24999,-9.999994
-10.94999,-12.29999
-9.449988,-12.89999
-5.149988,-8.499994
-1.949988,-1.799994
-0.5499878,1.300006
3.450012,4.400006
13.65001,12.30001
23.15001,17.10001
26.65001,15.40001
27.95001,12.40001
28.15001,10.20001
28.95001,8.700006
31.45001,6.500006
32.75001,3.100006
31.65001,-0.7999939
29.65001,-3.499994
28.75001,-4.799994
28.15001,-6.699994
26.65001,-9.599994
24.25001,-11.49999
22.65001,-12.19999
21.75001,-12.59999
21.45001,-13.19999
21.35001,-13.39999
21.65001,-13.19999
21.75001,-13.59999
21.65001,-14.59999
21.55001,-15.29999
21.05001,-14.09999
18.65001,-11.79999
14.25001,-8.699994
10.15001,-3.499994
7.950012,6.300006
6.050012,17.30001
4.450012,21.70001
5.650012,19.30001
8.350013,16.30001
8.150012,15.30001
7.250012,13.80001
7.150012,12.40001
5.950012,12.00001
3.850012,11.20001
3.250012,9.300006
3.650012,7.600006
4.050012,7.700006
4.150012,9.100006
4.850012,10.00001
6.150012,9.800006
2.450012,9.900006
5.00E-02,6.500006
-2.349988,3.300006
-5.149988,1.600006
-5.049988,2.500006
-2.649988,3.200006
-2.449988,4.300006
-5.149988,8.500007
-7.749988,12.80001
-8.449988,11.90001
-7.749988,7.600006
-6.649988,5.400006
-6.249988,3.400006
-7.049988,0.8000061
-7.949988,0.5000061
-8.049988,-0.5999939
-8.149988,-3.999994
-6.549988,-6.699994
-8.449988,-8.799994
-10.84999,-11.89999
-10.04999,-14.59999
-8.049988,-14.69999
-4.449988,-11.09999
-2.349988,-5.199994
-0.7499878,-0.7999939
2.150012,1.700006
9.050013,6.700006
17.55001,12.00001
23.05001,13.50001
26.65001,12.50001
27.85001,10.10001
28.55001,7.800006
30.05001,5.800006
31.45001,3.300006
31.25001,0.5000061
30.05001,-2.099994
29.35001,-4.699994
28.85001,-7.599994
27.55001,-9.999994
25.95001,-11.39999
25.15001,-11.89999
25.05001,-12.19999
24.95001,-12.49999
24.75001,-12.79999
24.25001,-13.39999
23.45001,-14.49999
22.75001,-15.79999
22.15001,-16.09999
20.05001,-14.59999
16.45001,-12.09999
11.35001,-7.699994
6.750012,-1.00E-01
4.450012,10.60001
3.850012,19.30001
3.650012,22.50001
4.950012,21.00001
7.650012,17.30001
8.250012,15.20001
7.550012,13.60001
7.250012,12.20001
5.950012,11.50001
4.150012,10.40001
3.850012,8.000007
4.050012,6.200006
3.950012,7.000006
3.950012,9.200006
5.450012,10.20001
7.750012,10.40001
