U,V
2.500012,-3.3
2.600012,-3.3
2.700012,-3.2
2.800012,-3.1
2.900012,-3.1
2.900012,-3
3.000012,-2.9
3.100012,-2.8
3.200012,-2.7
3.200012,-2.7
3.300012,-2.6
3.400012,-2.5
3.400012,-2.4
3.500012,-2.3
3.500012,-2.2
3.600012,-2.1
3.700012,-2
3.700012,-1.9
3.800012,-1.8
3.800012,-1.7
3.800012,-1.6
3.900012,-1.5
3.900012,-1.4
4.000012,-1.3
4.000012,-1.2
4.000012,-1.1
4.100012,-1
4.100012,-0.9
4.100012,-0.8
4.100012,-0.7
4.100012,-0.6
4.200012,-0.5
4.200012,-0.4
4.200012,-0.3
4.200012,-1.00E-01
4.200012,0.00E+00
4.200012,1.00E-01
4.200012,0.2
4.200012,0.3
4.200012,0.4
4.100012,0.5
4.100012,0.6
4.100012,0.7
4.100012,0.8
4.100012,0.9
4.000012,1
4.000012,1.2
4.000012,1.3
3.900012,1.4
3.900012,1.5
3.900012,1.6
3.800012,1.7
3.800012,1.8
3.700012,1.9
3.700012,2
3.600012,2.1
3.600012,2.2
3.500012,2.2
3.500012,2.3
3.400012,2.4
3.300012,2.5
3.300012,2.6
3.200012,2.7
3.100012,2.8
3.100012,2.9
3.000012,2.9
2.900012,3
2.800012,3.1
3.000012,-2.7
3.100012,-2.5
3.100012,-2.4
3.100012,-2.2
3.300012,-2.1
3.200012,-2
3.300012,-1.8
3.300012,-1.7
3.400012,-1.6
3.300012,-1.4
3.400012,-1.3
3.400012,-1.2
3.400012,-1.1
3.400012,-0.9
3.500012,-0.8
3.400012,-0.7
3.500012,-0.5
3.400012,-0.4
3.400012,-0.3
3.400012,-0.2
3.400012,0.00E+00
3.400012,1.00E-01
3.400012,0.2
3.300012,0.3
3.400012,0.4
3.200012,0.5
3.300012,0.6
3.200012,0.7
3.200012,0.8
3.100012,0.9
3.100012,1
3.100012,1.1
3.000012,1.2
2.900012,1.3
2.900012,1.4
2.800012,1.5
2.900012,1.5
2.700012,1.6
2.700012,1.6
2.600012,1.7
2.600012,1.7
2.500012,1.8
2.500012,1.8
2.400012,1.9
2.400012,1.9
2.300012,1.9
2.300012,1.9
2.200012,2
2.200012,2
2.100012,2
2.100012,2.1
2.000012,2.1
2.000012,2.1
1.900012,2.1
1.900012,2.1
1.900012,2.1
1.900012,2
1.800012,2.1
1.800012,2.1
1.700012,2.1
1.700012,2
1.700012,2.1
1.700012,2
1.700012,2.1
1.700012,2
1.700012,2.1
1.600012,2
1.600012,2.1
0.6000122,-1.7
0.5000122,-1.6
0.5000122,-1.4
0.4000122,-1.3
0.4000122,-1.2
0.3000122,-1.1
0.3000122,-0.9
0.2000122,-0.8
0.2000122,-0.7
0.1000122,-0.6
0.1000122,-0.5
1.22E-05,-0.4
1.22E-05,-0.3
1.22E-05,-0.2
-1.00E-01,-1.00E-01
-1.00E-01,0.00E+00
-1.00E-01,1.00E-01
-1.00E-01,0.2
-0.1999878,0.3
-0.1999878,0.4
-0.1999878,0.5
-0.1999878,0.6
-0.1999878,0.7
-0.1999878,0.8
-0.1999878,0.9
-0.2999878,1
-0.2999878,1
-0.2999878,1.1
-0.2999878,1.2
-0.2999878,1.3
-0.2999878,1.4
-0.2999878,1.5
-0.3999878,1.5
-0.3999878,1.6
-0.3999878,1.6
-0.3999878,1.7
-0.3999878,1.8
-0.4999878,1.8
-0.4999878,1.8
-0.4999878,1.9
-0.4999878,1.9
-0.5999878,1.9
-0.5999878,1.9
-0.5999878,1.9
-0.5999878,1.9
-0.5999878,1.9
-0.6999878,1.8
-0.6999878,1.8
-0.6999878,1.7
-0.6999878,1.7
-0.6999878,1.6
-0.6999878,1.6
-0.5999878,1.5
-0.5999878,1.4
-0.5999878,1.3
-0.5999878,1.3
-0.4999878,1.1
-0.4999878,1.1
-0.3999878,0.9
-0.3999878,0.9
-0.2999878,0.8
-0.1999878,0.7
-0.1999878,0.6
1.22E-05,0.5
1.22E-05,0.4
0.2000122,0.4
0.2000122,0.3
0.4000122,0.3
-3.999988,-0.2
-4.299988,-0.2
-4.399988,-0.2
-4.599988,-0.2
-4.799988,-0.2
-4.999988,-0.3
-5.099988,-0.3
-5.199988,-0.3
-5.299988,-0.4
-5.399988,-0.4
-5.499988,-0.4
-5.599988,-0.4
-5.599988,-0.5
-5.699988,-0.5
-5.699988,-0.5
-5.699988,-0.5
-5.799988,-0.5
-5.799988,-0.5
-5.699988,-0.5
-5.699988,-0.5
-5.699988,-0.4
-5.599988,-0.4
-5.599988,-0.3
-5.599988,-0.3
-5.499988,-0.2
-5.499988,-0.2
-5.399988,-1.00E-01
-5.399988,-1.00E-01
-5.299988,0.00E+00
-5.299988,1.00E-01
-5.199988,1.00E-01
-5.199988,0.2
-5.199988,0.2
-5.099988,0.3
-5.099988,0.3
-4.999988,0.3
-4.899988,0.4
-4.899988,0.4
-4.799988,0.4
-4.799988,0.5
-4.699988,0.4
-4.699988,0.4
-4.599988,0.4
-4.599988,0.4
-4.399988,0.3
-4.399988,0.3
-4.299988,0.2
-4.199988,0.2
-4.099988,1.00E-01
-3.999988,0.00E+00
-3.899988,-1.00E-01
-3.799988,-0.2
-3.599988,-0.4
-3.499988,-0.4
-3.299988,-0.6
-3.199988,-0.7
-2.999988,-0.9
-2.799988,-1
-2.599988,-1.2
-2.399988,-1.3
-2.199988,-1.5
-1.999988,-1.5
-1.799988,-1.7
-1.499988,-1.8
-1.299988,-1.9
-1.099988,-2
-0.7999878,-2.1
-0.5999878,-2.1
-7.999988,0.8
-8.199988,0.6
-8.399988,0.4
-8.599988,1.00E-01
-8.799988,-1.00E-01
-8.899988,-0.3
-8.999988,-0.5
-9.099988,-0.7
-9.199988,-0.8
-9.299988,-1
-9.299988,-1.1
-9.299988,-1.2
-9.299988,-1.2
-9.299988,-1.3
-9.299988,-1.3
-9.299988,-1.4
-9.199988,-1.4
-9.199988,-1.4
-9.199988,-1.4
-9.099988,-1.4
-9.099988,-1.3
-9.099988,-1.3
-9.099988,-1.3
-9.099988,-1.3
-9.099988,-1.3
-9.099988,-1.3
-8.999988,-1.3
-8.999988,-1.3
-8.999988,-1.3
-8.999988,-1.3
-8.899988,-1.3
-8.899988,-1.3
-8.899988,-1.3
-8.799988,-1.4
-8.699988,-1.4
-8.699988,-1.5
-8.599988,-1.5
-8.499988,-1.6
-8.299988,-1.6
-8.299988,-1.7
-8.099988,-1.7
-7.999988,-1.8
-7.899988,-1.9
-7.699988,-1.9
-7.499988,-2
-7.299988,-2.1
-7.099988,-2.2
-6.899988,-2.3
-6.699988,-2.4
-6.499988,-2.5
-6.199988,-2.6
-5.999988,-2.7
-5.699988,-2.9
-5.399988,-3
-5.199988,-3.2
-4.899988,-3.3
-4.599988,-3.5
-4.299988,-3.6
-3.999988,-3.8
-3.599988,-3.9
-3.299988,-4.1
-2.999988,-4.2
-2.599988,-4.4
-2.299988,-4.4
-1.899988,-4.5
-1.499988,-4.6
-1.199988,-4.6
-0.7999878,-4.6
-10.19999,-0.3
-10.29999,-0.8
-10.39999,-1.1
-10.39999,-1.3
-10.49999,-1.6
-10.59999,-1.8
-10.49999,-1.9
-10.59999,-2
-10.49999,-1.9
-10.49999,-1.9
-10.39999,-1.8
-10.29999,-1.6
-10.19999,-1.5
-10.19999,-1.3
-10.09999,-1.2
-10.09999,-1
-9.999988,-0.9
-9.999988,-0.7
-9.999988,-0.7
-9.999988,-0.6
-9.999988,-0.6
-9.999988,-0.7
-9.999988,-0.8
-10.09999,-0.9
-10.09999,-1
-10.09999,-1.2
-10.09999,-1.3
-10.19999,-1.5
-10.09999,-1.7
-10.09999,-1.8
-10.09999,-2
-9.999988,-2.2
-9.899988,-2.3
-9.799988,-2.5
-9.699988,-2.7
-9.599988,-2.8
-9.399988,-3
-9.299988,-3.1
-9.199988,-3.3
-8.999988,-3.4
-8.799988,-3.6
-8.599988,-3.7
-8.399988,-3.9
-8.199988,-4
-7.999988,-4.2
-7.799988,-4.3
-7.499988,-4.4
-7.299988,-4.5
-6.999988,-4.7
-6.699988,-4.8
-6.399988,-4.9
-6.099988,-5
-5.799988,-5.2
-5.499988,-5.3
-5.099988,-5.5
-4.799988,-5.6
-4.399988,-5.8
-4.099988,-5.9
-3.699988,-6
-3.299988,-6.1
-2.999988,-6.3
-2.599988,-6.4
-2.099988,-6.5
-1.799988,-6.6
-1.299988,-6.6
-0.9999878,-6.5
-0.5999878,-6.5
-0.1999878,-6.4
-11.49999,-2.5
-11.49999,-2.7
-11.49999,-3
-11.29999,-3
-11.19999,-3.1
-10.99999,-3
-10.79999,-2.8
-10.59999,-2.5
-10.29999,-2.2
-10.09999,-1.9
-9.899988,-1.5
-9.799988,-1.1
-9.699988,-0.7
-9.699988,-0.4
-9.599988,-1.00E-01
-9.599988,1.00E-01
-9.599988,0.2
-9.599988,0.3
-9.599988,0.3
-9.599988,0.3
-9.599988,1.00E-01
-9.499988,0.00E+00
-9.499988,-0.3
-9.499988,-0.5
-9.399988,-0.8
-9.399988,-1.1
-9.299988,-1.4
-9.199988,-1.7
-9.099988,-1.9
-8.999988,-2.2
-8.899988,-2.4
-8.699988,-2.7
-8.599988,-2.9
-8.299988,-3.1
-8.199988,-3.4
-7.999988,-3.6
-7.899988,-3.8
-7.699988,-4
-7.499988,-4.2
-7.299988,-4.4
-7.199988,-4.7
-6.999988,-4.9
-6.899988,-5.1
-6.699988,-5.3
-6.499988,-5.5
-6.199988,-5.7
-5.999988,-5.9
-5.799988,-6
-5.499988,-6.2
-5.199988,-6.4
-4.899988,-6.6
-4.599988,-6.7
-4.299988,-6.9
-3.999988,-7
-3.699988,-7.2
-3.399988,-7.3
-3.099988,-7.4
-2.699988,-7.5
-2.399988,-7.7
-1.999988,-7.8
-1.699988,-7.9
-1.199988,-7.9
-0.8999878,-8
-0.4999878,-8
-1.00E-01,-7.9
0.3000122,-7.8
0.7000122,-7.8
1.000012,-7.5
-10.69999,-3.4
-10.69999,-3.5
-10.49999,-3.5
-10.39999,-3.3
-10.09999,-3.1
-9.799988,-2.7
-9.499988,-2.4
-9.199988,-1.9
-8.799988,-1.6
-8.599988,-1.2
-8.399988,-0.9
-8.199988,-0.6
-8.099988,-0.4
-8.099988,-0.2
-7.999988,-1.00E-01
-7.999988,0.00E+00
-7.799988,0.00E+00
-7.699988,0.00E+00
-7.499988,-1.00E-01
-7.399988,-0.2
-7.199988,-0.4
-6.999988,-0.6
-6.799988,-0.8
-6.699988,-1.1
-6.499988,-1.3
-6.399988,-1.5
-6.299988,-1.7
-6.199988,-1.8
-5.999988,-2
-5.899988,-2.2
-5.799988,-2.4
-5.599988,-2.5
-5.499988,-2.7
-5.299988,-3
-5.199988,-3.2
-5.099988,-3.5
-4.999988,-3.8
-4.899988,-4
-4.799988,-4.4
-4.699988,-4.6
-4.599988,-4.9
-4.399988,-5.2
-4.299988,-5.5
-4.099988,-5.7
-3.899988,-6.1
-3.699988,-6.3
-3.399988,-6.6
-3.199988,-6.8
-2.899988,-7.1
-2.699988,-7.2
-2.399988,-7.5
-2.099988,-7.6
-1.799988,-7.8
-1.499988,-7.9
-1.199988,-8.1
-0.8999878,-8.2
-0.5999878,-8.3
-0.2999878,-8.400001
0.1000122,-8.5
0.4000122,-8.5
0.8000122,-8.6
1.100012,-8.6
1.400012,-8.6
1.700012,-8.5
2.000012,-8.400001
2.300012,-8.2
2.600012,-8
2.900012,-7.7
-8.999988,-3.1
-8.799988,-3.1
-8.399988,-3
-7.999988,-2.9
-7.599988,-2.7
-7.199988,-2.4
-6.799988,-2.2
-6.399988,-1.9
-6.099988,-1.8
-5.899988,-1.5
-5.699988,-1.5
-5.499988,-1.3
-5.299988,-1.3
-5.199988,-1.3
-4.999988,-1.3
-4.799988,-1.2
-4.499988,-1.2
-4.299988,-1.2
-3.999988,-1.2
-3.799988,-1.1
-3.599988,-1.1
-3.399988,-1.2
-3.299988,-1.3
-3.099988,-1.3
-2.999988,-1.4
-2.899988,-1.5
-2.899988,-1.6
-2.799988,-1.6
-2.799988,-1.8
-2.699988,-1.9
-2.599988,-2
-2.499988,-2.2
-2.499988,-2.5
-2.299988,-2.8
-2.299988,-3.1
-2.099988,-3.4
-2.099988,-3.8
-1.899988,-4.1
-1.899988,-4.5
-1.699988,-4.8
-1.599988,-5.2
-1.399988,-5.5
-1.299988,-5.9
-1.099988,-6.2
-0.8999878,-6.5
-0.6999878,-6.9
-0.4999878,-7.2
-0.1999878,-7.5
1.22E-05,-7.8
0.3000122,-8
0.5000122,-8.3
0.8000122,-8.400001
1.100012,-8.6
1.400012,-8.7
1.700012,-8.8
2.100012,-8.8
2.400012,-8.900001
2.700012,-8.900001
2.900012,-8.900001
3.200012,-8.8
3.400012,-8.8
3.600012,-8.7
3.800012,-8.6
4.000012,-8.3
4.100012,-8.1
4.200012,-7.8
4.300012,-7.4
4.300012,-7
-5.399988,-2.8
-4.999988,-2.9
-4.499988,-3
-4.199988,-2.9
-3.899988,-2.7
-3.699988,-2.5
-3.499988,-2.3
-3.399988,-2.1
-3.199988,-2.1
-2.999988,-2
-2.699988,-2
-2.499988,-1.9
-2.099988,-1.9
-1.799988,-1.9
-1.499988,-1.9
-1.199988,-1.8
-0.8999878,-1.7
-0.6999878,-1.6
-0.4999878,-1.5
-0.3999878,-1.3
-0.1999878,-1.3
-1.00E-01,-1.2
1.22E-05,-1.3
0.1000122,-1.4
0.3000122,-1.6
0.4000122,-1.6
0.5000122,-1.8
0.6000122,-1.9
0.8000122,-2
0.9000122,-2.2
1.000012,-2.4
1.200012,-2.5
1.300012,-2.7
1.500012,-2.9
1.600012,-3.2
1.700012,-3.5
1.700012,-3.7
1.800012,-4
1.800012,-4.3
1.900012,-4.6
1.900012,-5
2.000012,-5.3
2.100012,-5.7
2.200012,-6
2.300012,-6.5
2.300012,-6.9
2.500012,-7.2
2.600012,-7.6
2.800012,-8
3.000012,-8.2
3.200012,-8.5
3.300012,-8.6
3.600012,-8.8
3.700012,-8.900001
3.900012,-9
4.000012,-8.900001
4.200012,-8.900001
4.300012,-8.7
4.400012,-8.6
4.400012,-8.400001
4.500012,-8.1
4.400012,-7.8
4.400012,-7.5
4.300012,-7.1
4.200012,-6.6
4.000012,-6.3
3.900012,-5.8
3.700012,-5.4
-1.899988,-3.8
-1.699988,-4
-1.599988,-3.9
-1.599988,-3.6
-1.699988,-3.3
-1.699988,-3
-1.599988,-2.8
-1.499988,-2.7
-1.199988,-2.6
-0.8999878,-2.6
-0.3999878,-2.6
1.22E-05,-2.6
0.4000122,-2.6
0.9000122,-2.6
1.300012,-2.6
1.600012,-2.4
1.800012,-2.3
2.000012,-2.2
2.200012,-2.1
2.500012,-2.1
2.700012,-2.2
3.100012,-2.2
3.400012,-2.4
3.800012,-2.6
4.100012,-2.7
4.500012,-2.8
4.700012,-2.9
4.900012,-2.9
5.100012,-2.9
5.200012,-2.9
5.200012,-2.9
5.200012,-2.8
5.100012,-2.8
5.100012,-2.9
4.900012,-2.9
4.700012,-3
4.500012,-3.2
4.400012,-3.4
4.200012,-3.7
4.100012,-4
4.000012,-4.3
4.100012,-4.7
4.100012,-5.1
4.200012,-5.6
4.200012,-6
4.400012,-6.4
4.400012,-6.8
4.600012,-7.2
4.700012,-7.6
4.800012,-7.9
4.900012,-8.1
5.000012,-8.3
5.100012,-8.400001
5.100012,-8.5
5.100012,-8.400001
5.100012,-8.3
5.100012,-8.1
5.000012,-7.8
4.900012,-7.4
4.700012,-7.1
4.500012,-6.6
4.300012,-6.1
4.100012,-5.6
3.900012,-5.2
3.800012,-4.7
3.600012,-4.3
3.500012,-3.8
3.400012,-3.5
0.4000122,-3.8
0.3000122,-3.6
0.3000122,-3.3
0.2000122,-3
0.3000122,-2.7
0.3000122,-2.6
0.5000122,-2.7
0.7000122,-2.8
1.100012,-3
1.500012,-3.2
2.000012,-3.4
2.500012,-3.5
2.900012,-3.6
3.300012,-3.6
3.700012,-3.6
3.900012,-3.5
4.200012,-3.6
4.600012,-3.7
5.100012,-3.8
5.600012,-4
6.200012,-4.3
6.700012,-4.4
7.300012,-4.5
7.700012,-4.5
8.100013,-4.5
8.300013,-4.2
8.400012,-3.9
8.400012,-3.5
8.300013,-3.1
8.100013,-2.7
7.900012,-2.3
7.600012,-1.9
7.200012,-1.7
6.700012,-1.5
6.300012,-1.4
5.800012,-1.4
5.300012,-1.6
4.900012,-1.9
4.500012,-2.4
4.200012,-2.9
4.100012,-3.5
4.000012,-4.2
4.000012,-4.9
4.100012,-5.4
4.300012,-6
4.500012,-6.4
4.800012,-6.8
5.100012,-7.1
5.400012,-7.4
5.700012,-7.6
5.900012,-7.8
6.100012,-7.8
6.200012,-7.7
6.200012,-7.6
6.300012,-7.4
6.300012,-7.1
6.200012,-6.8
6.200012,-6.4
6.100012,-5.9
6.000012,-5.5
5.900012,-5.1
5.800012,-4.6
5.800012,-4.3
5.700012,-3.9
5.800012,-3.6
5.700012,-3.3
5.800012,-3.1
5.800012,-2.9
2.100012,-2.8
2.000012,-2.7
2.000012,-2.6
2.000012,-2.7
2.000012,-2.8
2.200012,-3.1
2.500012,-3.3
2.900012,-3.6
3.300012,-4
3.900012,-4.3
4.400012,-4.6
5.000012,-4.8
5.400012,-4.9
5.800012,-4.9
6.100012,-5
6.500012,-5.1
7.000012,-5.3
7.700012,-5.6
8.300013,-5.8
9.000012,-6.1
9.600013,-6.2
10.20001,-6.2
10.60001,-5.9
10.80001,-5.6
11.00001,-5.1
10.90001,-4.4
10.90001,-3.7
10.60001,-3.1
10.40001,-2.4
10.10001,-1.8
9.800013,-1.2
9.500012,-0.7
9.100013,-0.3
8.700012,0.00E+00
8.400012,0.2
7.900012,0.2
7.400012,1.00E-01
7.000012,-0.3
6.500012,-0.8
6.100012,-1.6
5.700012,-2.4
5.500012,-3.5
5.300012,-4.4
5.400012,-5.4
5.500012,-6.2
5.700012,-6.7
6.000012,-7.2
6.300012,-7.5
6.700012,-7.7
7.000012,-7.7
7.300012,-7.7
7.600012,-7.5
7.900012,-7.3
8.000012,-7.1
8.300013,-6.8
8.400012,-6.4
8.600013,-6.1
8.600013,-5.6
8.800013,-5.3
8.800013,-4.9
8.900012,-4.5
8.900012,-4.1
8.900012,-3.8
8.900012,-3.5
8.900012,-3.3
9.000012,-3.2
9.000012,-3
9.000012,-3
3.300012,-2.4
3.200012,-2.5
3.200012,-2.7
3.200012,-3
3.500012,-3.4
3.900012,-3.8
4.400012,-4.3
5.100012,-4.8
5.900012,-5.2
6.500012,-5.6
7.200012,-5.8
7.700012,-6
8.300013,-6.2
8.800013,-6.2
9.400012,-6.4
10.00001,-6.6
10.80001,-6.8
11.40001,-6.9
11.90001,-7
12.40001,-6.9
12.70001,-6.7
12.90001,-6.3
13.10001,-5.8
13.10001,-5.2
13.10001,-4.4
13.00001,-3.7
12.80001,-2.9
12.50001,-2.2
12.30001,-1.5
12.00001,-1
11.80001,-0.5
11.60001,-1.00E-01
11.50001,0.3
11.30001,0.5
11.30001,0.7
11.20001,0.8
11.10001,0.7
11.00001,0.6
10.70001,0.2
10.40001,-0.3
10.00001,-1.1
9.600013,-2.2
9.300013,-3.3
9.100013,-4.4
9.000012,-5.5
9.000012,-6.3
9.100013,-7
9.100013,-7.4
9.300013,-7.6
9.500012,-7.6
9.800013,-7.6
10.00001,-7.5
10.30001,-7.3
10.50001,-7
10.80001,-6.8
11.10001,-6.4
11.30001,-6
11.40001,-5.6
11.50001,-5.1
11.40001,-4.6
11.30001,-4.2
11.10001,-3.7
10.90001,-3.3
10.70001,-3
10.50001,-2.8
10.30001,-2.7
10.20001,-2.8
10.20001,-2.8
4.500012,-2.2
4.500012,-2.6
4.600012,-3.1
5.000012,-3.6
5.600012,-4.2
6.400012,-4.9
7.200012,-5.7
8.000012,-6.3
8.800013,-6.8
9.600013,-7.1
10.30001,-7.4
11.10001,-7.5
11.70001,-7.6
12.50001,-7.6
13.10001,-7.7
13.70001,-7.8
14.20001,-7.8
14.60001,-7.7
14.90001,-7.5
15.10001,-7.2
15.30001,-6.7
15.30001,-6.1
15.40001,-5.4
15.30001,-4.6
15.10001,-3.7
14.90001,-2.9
14.60001,-2
14.30001,-1.3
14.00001,-0.6
13.70001,-1.00E-01
13.40001,0.4
13.20001,0.6
12.90001,0.8
12.90001,0.8
12.90001,0.7
13.10001,0.6
13.40001,0.4
13.70001,0.3
13.90001,1.00E-01
14.00001,-0.3
13.90001,-0.8
13.70001,-1.6
13.50001,-2.5
13.20001,-3.6
13.00001,-4.6
12.90001,-5.6
12.80001,-6.3
12.70001,-6.8
12.70001,-7.1
12.70001,-7.3
12.70001,-7.4
12.70001,-7.4
12.80001,-7.3
13.00001,-7.1
13.30001,-6.8
13.40001,-6.4
13.50001,-5.9
13.50001,-5.3
13.40001,-4.6
13.00001,-3.9
12.70001,-3
12.10001,-2.4
11.60001,-1.8
11.10001,-1.5
10.70001,-1.5
10.50001,-1.8
10.50001,-2.4
10.80001,-2.9
5.800012,-2.5
6.100012,-3.3
6.600012,-4.2
7.300012,-5
8.100013,-5.9
8.900012,-6.8
9.800013,-7.6
10.60001,-8.1
11.50001,-8.6
12.30001,-8.900001
13.20001,-9
14.00001,-9
14.60001,-8.900001
15.10001,-8.7
15.50001,-8.6
15.90001,-8.5
16.20001,-8.400001
16.50001,-8.1
16.80001,-7.8
16.80001,-7.2
16.90001,-6.5
16.70001,-5.7
16.60001,-4.7
16.30001,-3.8
16.10001,-2.8
15.80001,-1.9
15.60001,-1
15.40001,-0.2
15.20001,0.3
15.00001,0.8
14.80001,1.1
14.40001,1.3
14.10001,1.2
13.80001,0.9
13.80001,0.5
13.90001,0.00E+00
14.30001,-0.6
14.90001,-1
15.50001,-1.4
15.90001,-1.7
16.30001,-2.1
16.60001,-2.6
16.70001,-3.2
16.80001,-3.8
16.90001,-4.4
16.80001,-4.9
16.70001,-5.4
16.60001,-5.7
16.30001,-6
16.10001,-6.1
15.80001,-6.2
15.50001,-6.2
15.20001,-6
15.00001,-5.9
14.90001,-5.6
14.70001,-5.4
14.50001,-4.8
14.10001,-4.1
13.80001,-3.4
13.30001,-2.5
13.00001,-1.5
12.50001,-0.7
12.30001,-0.3
12.00001,-0.2
12.00001,-0.7
12.20001,-1.5
12.70001,-2.7
13.40001,-3.9
7.600012,-3
8.100013,-4.2
8.700012,-5.6
9.600013,-6.9
10.50001,-8
11.40001,-8.900001
12.20001,-9.6
13.10001,-10.1
13.90001,-10.3
14.70001,-10.3
15.40001,-10.2
16.10001,-9.900001
16.60001,-9.7
16.90001,-9.5
17.30001,-9.3
17.60001,-9
17.90001,-8.7
18.10001,-8.3
18.20001,-7.6
18.10001,-6.9
17.80001,-5.9
17.40001,-4.8
17.10001,-3.7
16.70001,-2.6
16.50001,-1.6
16.20001,-0.7
16.10001,1.00E-01
16.00001,0.6
15.90001,1
15.90001,1.3
15.80001,1.4
15.70001,1.5
15.50001,1.4
15.30001,1
15.10001,0.4
15.00001,-0.3
15.10001,-1.2
15.40001,-2
15.80001,-2.7
16.40001,-3.1
16.90001,-3.4
17.40001,-3.6
17.80001,-3.8
18.10001,-4
18.20001,-4.3
18.40001,-4.5
18.40001,-4.7
18.30001,-4.9
18.20001,-4.9
17.90001,-4.9
17.50001,-4.9
17.00001,-4.8
16.50001,-4.8
16.10001,-4.7
15.60001,-4.5
15.10001,-4.2
14.50001,-3.8
13.90001,-3.2
13.50001,-2.5
13.10001,-1.7
13.00001,-1
13.10001,-0.5
13.20001,-0.4
13.60001,-0.8
14.20001,-1.8
15.10001,-3.2
16.00001,-4.7
17.20001,-6.1
9.800013,-3.5
10.30001,-5.2
10.90001,-7.1
11.80001,-8.7
12.60001,-10
13.40001,-10.9
14.30001,-11.5
15.10001,-11.6
15.90001,-11.6
16.60001,-11.5
17.30001,-11.3
18.00001,-11
18.60001,-10.7
19.10001,-10.3
19.50001,-9.900001
19.70001,-9.2
19.80001,-8.6
19.70001,-7.7
19.60001,-6.7
19.20001,-5.6
18.70001,-4.4
18.20001,-3.2
17.80001,-2.1
17.40001,-1.1
17.10001,-0.3
16.70001,0.5
16.50001,1
16.10001,1.4
15.90001,1.6
15.70001,1.7
15.60001,1.6
15.50001,1.6
15.40001,1.4
15.30001,1.1
15.10001,0.6
15.00001,0.00E+00
14.90001,-0.9
14.90001,-1.7
15.00001,-2.5
15.20001,-3.1
15.40001,-3.5
15.70001,-3.6
15.90001,-3.7
16.00001,-3.7
16.10001,-3.8
16.10001,-4
16.20001,-4.2
16.30001,-4.3
16.40001,-4.5
16.30001,-4.5
16.20001,-4.4
15.90001,-4.3
15.70001,-4
15.40001,-3.8
15.00001,-3.6
14.60001,-3.5
14.10001,-3.2
13.70001,-2.8
13.50001,-2.3
13.50001,-1.6
13.80001,-1.2
14.20001,-1
14.80001,-1.5
15.70001,-2.6
16.70001,-4.2
17.90001,-6
19.20001,-7.7
20.50001,-9.2
12.10001,-3.9
12.50001,-6.2
13.00001,-8.400001
13.80001,-10.3
14.50001,-11.7
15.30001,-12.4
16.10001,-12.8
16.90001,-12.8
17.70001,-12.7
18.40001,-12.6
19.00001,-12.5
19.80001,-12.2
20.50001,-11.8
21.00001,-11.2
21.40001,-10.3
21.40001,-9.2
21.30001,-8
21.10001,-6.8
20.90001,-5.4
20.50001,-4.1
20.10001,-2.9
19.70001,-1.7
19.30001,-0.8
19.00001,1.00E-01
18.60001,0.8
18.00001,1.5
17.40001,2.1
16.70001,2.4
15.90001,2.6
15.30001,2.6
14.70001,2.4
14.30001,2
14.00001,1.5
13.80001,1
13.60001,0.4
13.50001,-0.2
13.50001,-0.8
13.50001,-1.5
13.50001,-2.1
13.60001,-2.7
13.70001,-3.1
13.90001,-3.2
14.00001,-3.2
14.10001,-3.2
14.10001,-3.2
14.10001,-3.3
14.10001,-3.6
14.30001,-3.8
14.30001,-4
14.40001,-4.1
14.30001,-4
14.20001,-3.8
14.20001,-3.5
14.20001,-3.2
14.00001,-2.9
13.80001,-2.8
13.60001,-2.7
13.50001,-2.6
13.50001,-2.4
13.90001,-2.1
14.40001,-2.2
15.20001,-2.5
16.20001,-3.6
17.40001,-5.1
18.70001,-7
20.10001,-9
21.50001,-10.9
23.10001,-12.6
14.60001,-4
14.80001,-6.6
15.30001,-9
15.70001,-10.9
16.20001,-12.2
16.70001,-12.9
17.40001,-13.2
18.20001,-13.2
18.80001,-13.2
19.40001,-13.2
19.90001,-13.2
20.40001,-12.9
20.90001,-12.4
21.30001,-11.5
21.60001,-10.3
21.70001,-8.8
21.80001,-7.4
21.80001,-5.9
21.80001,-4.6
21.60001,-3.4
21.30001,-2.3
20.90001,-1.4
20.50001,-0.5
20.10001,0.4
19.50001,1.2
18.70001,1.9
17.70001,2.6
16.60001,3
15.60001,3.3
14.50001,3.4
13.70001,3.2
12.90001,2.9
12.40001,2.2
12.00001,1.3
11.70001,0.3
11.50001,-0.7
11.50001,-1.7
11.60001,-2.4
11.90001,-3
12.30001,-3.4
12.70001,-3.6
13.00001,-3.5
13.30001,-3.5
13.60001,-3.4
14.00001,-3.3
14.30001,-3.3
14.70001,-3.4
14.90001,-3.3
15.00001,-3.3
14.90001,-3.2
14.70001,-3.1
14.40001,-2.9
14.20001,-2.6
13.90001,-2.3
13.60001,-2.2
13.40001,-2.2
13.30001,-2.3
13.20001,-2.5
13.40001,-2.7
13.80001,-3
14.70001,-3.5
15.90001,-4.2
17.10001,-5.6
18.30001,-7.4
19.50001,-9.6
20.70001,-11.8
22.40001,-14.1
24.30001,-16.1
17.30001,-4
17.60001,-6.7
17.70001,-8.900001
17.80001,-10.6
17.80001,-11.8
18.00001,-12.5
18.40001,-12.9
18.90001,-13
19.30001,-13.1
19.60001,-13.1
19.80001,-13
20.00001,-12.6
20.20001,-12.1
20.50001,-11.1
20.90001,-9.900001
21.20001,-8.400001
21.50001,-6.8
21.60001,-5.4
21.60001,-4.2
21.30001,-3.1
20.80001,-2.2
20.20001,-1.3
19.60001,-0.3
18.80001,0.7
18.00001,1.6
17.00001,2.5
16.10001,3.1
15.10001,3.4
14.10001,3.4
13.10001,3.2
12.30001,3.1
11.60001,2.9
11.00001,2.5
10.70001,1.8
10.50001,0.5
10.40001,-1
10.30001,-2.4
10.40001,-3.7
10.70001,-4.4
11.30001,-4.6
11.90001,-4.6
12.50001,-4.5
13.00001,-4.4
13.60001,-4.3
14.30001,-4.2
15.00001,-4
15.60001,-3.7
16.00001,-3.4
16.10001,-2.9
15.90001,-2.6
15.60001,-2.2
15.10001,-1.9
14.60001,-1.6
14.20001,-1.5
13.90001,-1.4
13.70001,-1.7
13.70001,-2
13.60001,-2.6
13.60001,-3.1
13.90001,-3.7
14.80001,-4.6
16.00001,-5.7
17.10001,-7.4
18.20001,-9.5
19.20001,-11.9
20.50001,-14.4
22.20001,-17
24.60001,-19.7
20.20001,-3.3
20.40001,-6.2
20.40001,-8.2
20.10001,-9.8
19.70001,-10.8
19.40001,-11.5
19.40001,-11.8
19.40001,-12.2
19.50001,-12.2
19.50001,-12.3
19.40001,-12.1
19.30001,-11.7
19.20001,-11
19.10001,-10.1
19.30001,-8.8
19.60001,-7.4
19.90001,-5.8
19.90001,-4.5
19.70001,-3.4
19.00001,-2.4
18.10001,-1.6
17.10001,-0.7
16.30001,0.2
15.40001,1.5
14.60001,2.7
13.80001,4.1
13.30001,5.1
12.90001,5.4
12.80001,5
12.60001,4
12.10001,3.1
11.50001,2.5
10.90001,2.1
10.40001,1.8
10.30001,0.8
10.30001,-0.7
10.30001,-2.5
10.30001,-4.1
10.50001,-5
10.90001,-5.3
11.40001,-5.3
12.00001,-5.1
12.60001,-5.3
13.30001,-5.3
14.10001,-5.3
14.80001,-5.1
15.60001,-4.6
16.00001,-3.9
16.30001,-3.2
16.20001,-2.4
16.10001,-1.9
15.80001,-1.4
15.40001,-1.1
15.00001,-1.1
14.80001,-1.2
14.50001,-1.5
14.30001,-2.1
14.00001,-2.7
13.70001,-3.4
13.70001,-4.1
14.20001,-5.4
15.10001,-6.9
16.20001,-8.900001
17.30001,-11.2
18.30001,-13.7
19.30001,-16.5
21.00001,-19.7
23.40001,-22.9
22.50001,-1.6
22.40001,-4.8
22.20001,-7
21.70001,-8.7
21.10001,-9.6
20.60001,-10.2
20.20001,-10.6
19.90001,-10.9
19.70001,-11.1
19.50001,-11.3
19.20001,-11.2
18.80001,-11
18.30001,-10.3
17.90001,-9.2
17.80001,-7.7
18.00001,-6
18.20001,-4.6
18.10001,-3.4
17.60001,-2.6
16.70001,-2
15.70001,-1.3
14.60001,-0.5
13.80001,0.8
13.00001,2.2
12.30001,3.9
11.60001,5.7
11.30001,7.2
11.60001,8
12.40001,7.5
13.30001,6.1
13.40001,4.3
13.00001,2.8
12.20001,2.1
11.50001,1.7
11.10001,1
11.20001,-0.3
11.30001,-2.1
11.30001,-3.8
11.20001,-4.8
11.30001,-5.2
11.60001,-5.4
12.30001,-5.7
13.10001,-6.2
14.10001,-6.6
15.10001,-6.7
16.20001,-6.3
17.20001,-5.5
17.90001,-4.5
18.40001,-3.5
18.70001,-2.5
18.80001,-1.6
18.50001,-0.9
18.20001,-0.5
17.60001,-0.3
17.10001,-0.5
16.40001,-0.9
15.60001,-1.5
14.80001,-2.2
14.20001,-3
13.90001,-3.9
14.10001,-5.3
14.70001,-7.1
15.50001,-9.400001
16.30001,-12
16.90001,-14.9
17.60001,-18.1
19.00001,-21.8
21.20001,-25.7
24.90001,0.5
24.30001,-2.2
23.70001,-4.6
23.00001,-6.4
22.30001,-7.5
21.80001,-8.2
21.20001,-8.5
20.80001,-8.8
20.30001,-9.1
19.80001,-9.5
19.10001,-9.8
18.40001,-10
17.80001,-9.6
17.30001,-8.5
17.20001,-6.9
17.30001,-5.1
17.30001,-3.8
17.20001,-3.2
16.90001,-2.8
16.20001,-2.3
15.40001,-1.2
14.50001,0.4
13.70001,2.2
12.90001,4
12.20001,5.6
11.50001,6.9
11.20001,7.9
11.40001,8.5
12.40001,8.1
13.60001,7.1
14.50001,5.4
14.60001,3.9
13.90001,2.8
12.90001,2
12.40001,1.1
12.20001,-0.2
12.30001,-1.9
12.50001,-3.4
12.60001,-4.6
12.80001,-5.3
13.60001,-6.1
14.70001,-7
16.30001,-8
17.90001,-8.5
19.60001,-8.400001
21.00001,-7.8
22.20001,-6.8
23.20001,-5.5
24.00001,-4.3
24.50001,-2.9
24.70001,-1.7
24.60001,-0.5
24.20001,0.6
23.40001,1.4
22.20001,1.6
20.70001,1.3
19.00001,0.6
17.50001,-0.4
16.30001,-1.6
15.40001,-2.9
15.10001,-4.5
15.10001,-6.4
15.30001,-8.8
15.50001,-11.6
15.50001,-14.8
15.70001,-18.5
16.90001,-22.8
19.10001,-27.4
27.30001,2.3
26.60001,0.00E+00
25.70001,-2
24.90001,-3.7
24.10001,-4.9
23.50001,-5.8
22.90001,-6.2
22.40001,-6.5
21.60001,-6.8
20.60001,-7.3
19.40001,-7.9
18.50001,-8.5
17.80001,-8.6
17.40001,-7.9
17.40001,-6.5
17.30001,-5
17.30001,-4.1
17.30001,-3.7
17.40001,-3.1
17.20001,-1.9
16.70001,0.2
15.80001,2.7
14.80001,4.9
14.00001,6.5
13.50001,7.5
13.10001,7.9
12.90001,8
12.90001,7.9
13.30001,7.4
14.00001,6.8
14.70001,5.8
15.00001,4.6
14.60001,3.4
13.90001,2.2
13.30001,1
13.10001,-0.5
13.30001,-2.3
14.00001,-3.9
14.90001,-5.2
16.10001,-6.5
17.70001,-7.9
19.60001,-9.400001
21.80001,-10.4
23.80001,-10.8
25.40001,-10.4
26.70001,-9.5
27.90001,-8.400001
29.10001,-7
30.20001,-5.4
31.00001,-3.6
31.50001,-1.7
31.50001,0.2
31.20001,1.9
30.20001,3.3
28.70001,4.2
26.70001,4.5
24.30001,4.1
21.90001,3
19.80001,1.4
18.00001,-0.5
16.70001,-2.7
16.00001,-5.2
15.60001,-7.8
15.30001,-10.6
14.70001,-13.8
14.30001,-17.8
15.00001,-23
17.10001,-28.7
30.30001,5.1
29.20001,3
27.80001,1.1
26.40001,-0.7
25.20001,-2.1
24.20001,-3.2
23.30001,-3.9
22.50001,-4.5
21.60001,-5
20.50001,-5.6
19.40001,-6.3
18.40001,-7.2
17.90001,-7.7
17.80001,-7.6
17.90001,-6.8
17.90001,-5.8
18.20001,-5.1
18.70001,-4.3
19.10001,-2.8
19.20001,-0.3
18.60001,2.6
17.40001,5.1
16.30001,6.7
15.50001,7.6
15.40001,8
15.50001,8.3
15.60001,8.2
15.40001,8
15.20001,7.5
15.10001,7
15.10001,6.2
15.10001,5
14.90001,3.3
14.60001,1.5
14.50001,-0.2
14.80001,-2
15.80001,-3.9
17.40001,-5.7
19.40001,-7.4
21.50001,-8.900001
23.50001,-10.4
25.40001,-11.7
27.10001,-12.4
28.70001,-12.3
30.20001,-11.5
31.20001,-10.4
32.40001,-9.5
34.00001,-8.5
35.80001,-7.1
37.40001,-5
38.40001,-2.7
38.50001,-1.00E-01
37.90001,2.2
36.80001,4.3
35.40001,6
33.40001,7.2
30.80001,7.6
28.00001,7.2
25.00001,5.8
22.20001,3.9
19.80001,1.1
18.00001,-2.1
16.80001,-5.4
15.90001,-8.7
14.90001,-12.1
13.70001,-16
13.40001,-21.7
14.70001,-28.5
34.60001,9.2
32.80001,7.8
30.70001,6.2
28.40001,4.4
26.10001,2.5
24.20001,0.6
22.60001,-1
21.30001,-2.4
20.40001,-3.4
19.60001,-4.3
18.70001,-5.2
18.00001,-6.3
17.80001,-7.2
18.00001,-7.6
18.60001,-7.3
19.10001,-6.7
19.90001,-5.9
20.90001,-4.4
21.60001,-1.8
21.50001,1.4
20.70001,4.2
19.50001,6.1
18.60001,7
18.10001,7.4
18.20001,7.9
18.20001,8.400001
17.90001,8.6
17.50001,8.400001
16.90001,8.1
16.50001,7.6
16.10001,6.6
15.90001,4.9
16.00001,2.4
16.40001,0.00E+00
17.10001,-2.1
18.20001,-4.1
20.00001,-6.2
22.40001,-8.3
24.90001,-10
27.10001,-11.3
28.40001,-12.4
29.40001,-13.2
30.70001,-13.6
32.60001,-13.2
34.30001,-12.4
35.70001,-12.1
37.60001,-11.8
40.30001,-11.1
43.90001,-9.3
46.60001,-6.5
47.40001,-3.1
47.00001,-1.00E-01
46.20001,2.6
45.10001,4.9
43.50001,6.8
41.30001,8.1
38.70001,9.1
35.70001,9.7
32.10001,9.5
28.10001,8.3
24.20001,5.8
20.80001,2.5
18.30001,-1.3
16.70001,-5.3
15.50001,-9.3
14.00001,-13.7
12.50001,-19.7
12.40001,-27.2
39.60001,13
37.00001,12.3
34.20001,11.1
31.30001,9.8
28.40001,7.8
25.80001,5.5
23.50001,3.2
21.70001,1
20.40001,-0.9
19.40001,-2.5
18.70001,-4
18.20001,-5.5
18.20001,-6.8
18.70001,-7.5
19.80001,-7.7
21.10001,-7.3
22.70001,-6
23.70001,-3.7
24.00001,-0.8
23.90001,2.2
23.40001,4.2
22.80001,5.4
22.60001,6.2
22.40001,7.1
22.10001,8.1
21.30001,8.900001
20.30001,8.900001
19.30001,8.5
18.80001,7.8
18.40001,7.2
18.10001,6
18.00001,4
18.70001,1
19.90001,-1.9
21.30001,-4
22.80001,-5.9
24.60001,-8.1
26.80001,-10.1
29.00001,-11.7
30.50001,-12.5
31.10001,-13.5
32.20001,-14.5
35.10001,-14.9
38.40001,-14.7
40.40001,-14.9
42.10001,-15.3
45.70001,-15.2
50.60001,-13.5
54.30001,-10.2
55.80001,-6.3
56.20001,-2.5
56.40001,1.4
56.00001,5
54.50001,8
52.30001,10.3
49.90001,12.2
47.60001,13.8
44.70001,14.9
40.70001,15
36.00001,13.9
30.90001,11.4
25.90001,8
21.40001,4
17.90001,-0.4
16.00001,-5
14.40001,-10.1
12.50001,-16.7
11.00001,-24.9
45.20001,16.8
41.70001,16.4
37.80001,15.2
34.10001,13.5
30.80001,11.5
27.90001,9.1
25.40001,6.7
23.30001,4.2
21.80001,1.8
20.90001,-0.6
20.40001,-2.7
20.10001,-4.7
20.20001,-6.3
20.80001,-7.4
22.30001,-7.8
24.10001,-7.3
25.30001,-5.5
25.80001,-3.2
26.00001,-0.8
26.40001,1.3
27.00001,2.9
27.50001,4.4
27.70001,6.1
27.40001,8
26.40001,9.5
24.80001,10
23.00001,9.400001
21.90001,8.2
21.60001,7
21.50001,5.9
21.30001,4.6
21.30001,2.4
22.20001,-0.6
23.90001,-3.4
25.60001,-5.3
27.00001,-7
28.10001,-9.2
29.70001,-11.3
31.80001,-12.8
33.30001,-13.7
34.40001,-15.2
37.30001,-16.9
42.40001,-17.6
46.30001,-17.7
47.40001,-17.8
48.90001,-17.7
53.80001,-16.7
59.00001,-14
60.50001,-10.2
60.30001,-6.3
60.70001,-2.5
61.40001,1.4
61.00001,5.4
59.60001,9.6
57.70001,13.8
55.60001,17.5
53.10001,20.2
50.00001,21.7
46.30001,22.1
42.30001,21.3
37.80001,19.1
32.50001,15.5
26.70001,10.7
21.20001,5.4
17.20001,0.00E+00
14.70001,-5.7
12.70001,-12.6
10.50001,-21.4
50.90001,18.3
47.40001,19.6
43.10001,19.4
38.30001,17.8
34.00001,14.9
30.30001,11.7
27.40001,8.5
25.00001,5.5
23.40001,2.6
22.60001,-0.2
22.70001,-2.5
23.00001,-4.3
23.40001,-5.7
24.10001,-6.9
25.50001,-7.1
26.50001,-6.3
26.50001,-4.9
26.30001,-3.7
28.00001,-2.6
30.40001,-0.7
32.00001,2.1
32.50001,5.1
32.20001,8
31.50001,10.5
30.00001,11.9
27.90001,12.2
26.00001,10.8
25.10001,8.8
25.30001,6.8
25.50001,5.3
25.30001,3.5
25.30001,1.2
26.10001,-1.6
27.60001,-4.1
29.10001,-6
29.90001,-7.9
30.50001,-10.4
32.60001,-13
36.20001,-15
39.10001,-16.7
41.70001,-18.4
46.00001,-19.4
50.60001,-19.5
52.50001,-19.5
52.70001,-19
54.30001,-17.6
57.80001,-15.5
59.40001,-12.9
58.20001,-10
57.10001,-6.8
57.60001,-3.6
58.30001,-0.3
58.40001,3.5
58.00001,7.9
57.40001,12.3
56.10001,16.5
53.80001,19.9
51.20001,22.6
48.40001,24.7
45.30001,26
41.50001,26
36.90001,24.2
31.60001,19.9
25.90001,13.9
20.60001,6.9
16.30001,-0.2
13.30001,-7.7
10.50001,-16.5
52.20001,15.6
50.90001,18.7
48.10001,20.8
43.90001,21.4
39.00001,19.6
34.40001,16.1
30.70001,11.8
27.80001,7.3
26.00001,3.3
25.20001,-0.3
25.40001,-2.8
25.90001,-4.3
26.20001,-5.4
26.90001,-6.3
27.90001,-6.4
27.90001,-5.7
27.10001,-5.2
27.80001,-5.4
31.50001,-4.9
35.30001,-2.2
36.30001,2.3
35.80001,6.5
35.10001,9.7
34.30001,12
33.10001,13.4
31.30001,13.8
29.50001,12.3
28.70001,9.6
28.80001,7
29.10001,5
29.10001,2.7
29.50001,1.00E-01
30.40001,-2.6
31.70001,-4.9
32.70001,-7.1
33.40001,-9.6
34.70001,-12.7
38.40001,-15.8
43.60001,-18.3
47.80001,-20.2
51.10001,-21.1
54.80001,-20.5
56.40001,-19.3
55.00001,-18.5
54.00001,-17.1
54.90001,-15.1
55.50001,-13
53.80001,-10.7
51.40001,-7.7
50.40001,-4.4
50.70001,-1.2
50.90001,1.8
51.10001,4.8
51.50001,8
51.70001,11.1
51.60001,14.5
51.10001,18
50.50001,21.5
49.40001,24.8
47.40001,27.5
43.80001,29.2
39.20001,29.3
34.20001,27.2
29.00001,22.7
23.80001,15.5
18.90001,6.9
15.00001,-1.8
11.40001,-11.1
48.20001,11
49.00001,14.5
49.10001,17.6
47.60001,20.2
44.10001,20.9
39.40001,19.5
35.00001,15.5
31.50001,10.6
29.80001,5.9
29.10001,1.8
28.90001,-1
28.30001,-2.9
27.80001,-4.5
27.90001,-5.8
28.80001,-6.6
29.00001,-7
29.60001,-7.9
32.00001,-8.3
35.80001,-6.6
38.20001,-2.6
37.40001,2
36.30001,5.8
35.80001,8.6
35.60001,11.1
35.30001,12.7
34.50001,13.3
33.40001,11.5
33.30001,8.3
34.10001,5.1
34.70001,2.7
34.80001,0.3
35.50001,-2.3
36.70001,-4.5
37.60001,-6.6
38.60001,-9.400001
40.50001,-13.1
44.20001,-16.5
49.40001,-18.8
53.90001,-20.1
56.00001,-20.3
57.20001,-19.5
58.20001,-18
56.40001,-16.3
52.40001,-14.2
49.80001,-11.2
48.70001,-8.5
47.00001,-6.7
44.60001,-4.7
42.90001,-2
41.80001,0.8
41.30001,3.2
41.20001,5.3
41.60001,7.2
42.00001,9.5
42.60001,12.2
43.10001,15.4
43.80001,18.6
44.70001,21.8
45.70001,24.8
45.90001,27.6
44.50001,29.5
41.40001,30.3
36.80001,29.6
31.30001,27.4
25.70001,22.3
20.70001,14.6
16.90001,5.1
13.40001,-4.7
42.90001,8.7
44.70001,11.5
46.70001,14.2
48.10001,16.8
47.40001,18.8
44.60001,19.1
40.30001,16.7
36.40001,12.5
34.00001,7.9
32.80001,4.2
31.90001,1.8
30.60001,-0.3
29.20001,-2.7
28.80001,-5
29.30001,-7
29.90001,-9
31.90001,-11
35.50001,-11
38.10001,-7.6
38.10001,-3
36.70001,0.8
35.90001,3.7
35.90001,6.4
35.90001,9
36.30001,10.5
36.50001,10.6
37.00001,8.2
39.00001,4.5
42.10001,1.5
44.10001,-1.00E-01
44.70001,-1.9
45.70001,-3.8
46.70001,-5.4
46.70001,-7.2
46.80001,-11.2
49.20001,-16.1
54.00001,-19.7
58.90001,-21
60.40001,-19.9
58.70001,-17.6
55.80001,-14.8
53.30001,-12.8
49.90001,-11.2
45.20001,-9
41.70001,-6
39.40001,-3.6
37.60001,-2.1
36.40001,-0.7
35.70001,1.1
34.40001,3
33.30001,4.8
33.10001,5.9
33.90001,7.1
34.80001,9
35.80001,11.7
36.60001,14.9
37.10001,18.4
37.80001,21.8
39.10001,24.7
40.30001,27.4
41.40001,29.4
41.80001,30.8
39.90001,31
35.50001,29.9
28.90001,26.4
22.40001,20.2
18.20001,11.2
15.60001,1.3
37.10001,8.900001
39.30001,10.6
42.00001,12.6
44.60001,14.8
46.40001,16.6
47.00001,18
45.60001,17.6
43.00001,15.2
40.20001,11.3
37.80001,7.3
36.00001,4.4
34.10001,1.8
32.30001,-1
30.90001,-3.9
30.00001,-6.4
29.60001,-8.900001
31.80001,-11.2
35.80001,-11.3
38.10001,-8.1
37.70001,-4.2
36.90001,-1.4
36.60001,0.7
36.70001,2.9
36.90001,5.1
37.60001,6.4
37.90001,6.6
39.10001,3.9
42.90001,-1.00E-01
48.80001,-2.8
52.90001,-3.5
54.70001,-3.8
56.40001,-4.3
57.40001,-4.6
56.20001,-5.6
54.50001,-8.8
54.90001,-13.1
57.60001,-16.5
59.90001,-17.9
59.00001,-16.3
55.20001,-12.9
49.70001,-8.5
44.30001,-5
40.30001,-2.9
36.90001,-1
34.00001,0.3
31.50001,0.7
29.50001,0.6
28.10001,0.4
27.40001,1
26.60001,2.1
25.80001,3.2
25.90001,3.9
27.20001,4.9
28.90001,6.9
30.40001,9.8
31.50001,13.2
31.90001,16.9
32.20001,20.5
32.70001,23.7
33.50001,26.7
35.10001,29
37.50001,31.1
39.20001,32.5
38.50001,32.6
33.80001,30.2
26.70001,24.6
20.50001,15.4
17.30001,5.3
31.50001,9
33.90001,10.2
36.80001,11.8
39.50001,13.5
42.30001,15.2
45.00001,17
46.60001,18.3
46.50001,18.6
44.30001,16.5
41.40001,12.5
38.80001,7.8
36.60001,3.2
34.50001,-0.7
32.30001,-4
30.50001,-6
30.00001,-7.7
32.40001,-9.3
36.40001,-9.6
38.90001,-7.9
39.60001,-5.9
39.80001,-4.4
40.20001,-3.1
40.80001,-1.6
41.50001,1.00E-01
42.00001,1.5
41.70001,2
41.90001,-1.00E-01
44.90001,-4.1
50.70001,-7.5
55.70001,-8.900001
58.70001,-9.2
61.70001,-8.900001
63.40001,-7.7
62.70001,-6.4
60.00001,-5.9
57.40001,-6.1
54.80001,-6.9
52.20001,-7.9
49.50001,-7.2
45.60001,-4.9
39.50001,-1.2
33.20001,2.4
28.50001,4.5
25.00001,5.6
22.70001,5.7
21.40001,5.1
20.70001,4.4
19.90001,3.3
19.00001,2.5
17.80001,2.1
17.00001,1.7
17.30001,1.5
19.10001,2.2
21.50001,4.4
23.50001,8
24.70001,11.8
25.40001,15.3
25.90001,18.5
26.60001,21.4
27.50001,24.4
29.20001,27.3
31.40001,30.1
34.10001,32.3
36.70001,33.9
36.60001,33.6
32.20001,29.4
24.80001,19.8
20.00001,8.400001
27.40001,6.9
29.60001,9
32.10001,10.8
34.50001,12.5
37.10001,13.8
39.80001,15.3
42.00001,16.7
43.40001,17.8
42.70001,17.1
40.40001,14.2
37.60001,9.1
35.60001,3.4
34.50001,-1.3
33.70001,-4.8
33.70001,-6.9
35.20001,-8.400001
38.50001,-9.2
41.80001,-9
43.70001,-8.400001
45.10001,-7.9
46.20001,-7.6
46.90001,-7
48.00001,-6.3
49.20001,-5.1
50.00001,-4
49.70001,-3.2
48.80001,-4.1
49.20001,-6.6
52.30001,-10
55.90001,-12.6
59.20001,-14.3
62.90001,-14.7
65.90002,-13.5
66.80001,-11.3
65.40002,-8.400001
62.00001,-5.3
57.10001,-3
53.30001,-1.4
52.80001,0.5
51.40001,2.8
47.80001,6.7
43.40001,11.4
37.40001,15.2
29.40001,16.2
20.40001,13.8
12.80001,9.5
8.700012,5.6
7.800012,2.7
9.000012,0.7
9.700012,1.00E-01
9.300013,0.2
9.400012,1.00E-01
10.60001,0.3
12.80001,1.9
14.90001,5.2
16.30001,9.3
17.20001,13.1
18.20001,16.4
19.70001,18.5
21.80001,20.5
24.40001,23.6
26.70001,27.2
28.50001,29.8
30.80001,31.9
33.50001,33.3
34.10001,32.5
30.00001,24.9
25.20001,12.5
24.20001,3.1
26.10001,5.7
28.20001,8.2
30.40001,10.3
32.70001,11.8
35.00001,12.9
36.90001,13.8
38.40001,14.5
39.10001,14
38.50001,12.1
36.60001,7.8
35.40001,2.1
36.30001,-3.1
38.00001,-6.7
40.50001,-9.1
43.90001,-10.6
47.00001,-10.8
48.90001,-10.2
49.60001,-9.8
50.50001,-10.3
51.50001,-11.2
52.40001,-11.7
53.70001,-11.4
55.40001,-10.7
56.70001,-10
57.40001,-9.3
57.20001,-9.1
57.00001,-9.7
58.20001,-11.4
60.70001,-13.3
63.30001,-14.8
66.20001,-15.5
68.80001,-15.4
70.40002,-14.6
70.60001,-12.6
68.80001,-9.8
65.30001,-6.8
63.20001,-3.5
63.50001,0.6
63.10001,5.7
61.20001,12.4
57.90001,20.5
52.50001,28.6
44.90001,33.8
33.40001,31.9
19.30001,24.1
5.900012,12.9
-2.599988,3.8
-3.499988,-1.8
-1.399988,-4.7
1.100012,-4.5
2.800012,-2.9
3.900012,-1.5
5.400012,-0.2
7.300012,2.1
8.600013,5.5
9.700012,9.6
11.10001,13.4
13.60001,15.5
16.70001,16.6
19.90001,18.9
22.50001,22.9
24.20001,26.5
25.50001,28.6
27.70001,29.8
30.70001,31.4
31.90001,28.7
30.60001,18.9
20.90001,-0.3
22.60001,1.7
24.70001,3.9
27.00001,6.5
29.40001,8.6
31.60001,10
33.30001,10.7
34.30001,10.9
35.40001,10
36.10001,8.1
35.80001,4.3
36.00001,-1.1
39.20001,-6.6
43.30001,-10.4
46.60001,-12.2
49.30001,-12.8
51.10001,-12.4
51.70001,-11.8
51.20001,-11.8
50.70001,-12.6
51.00001,-14
51.80001,-15.1
53.60001,-15.5
55.60001,-15.6
57.50001,-15.8
59.00001,-15.6
59.70001,-15.1
59.70001,-14.4
60.20001,-13.9
61.60001,-13.9
63.00001,-14.4
64.10001,-14.9
65.00002,-15.3
65.50002,-15.2
65.50002,-14.4
63.90001,-12.7
60.00001,-10.3
56.10001,-7
54.10001,-2.5
53.00001,2.9
51.30001,9.5
48.30001,17.6
43.60001,27.5
38.50001,37.4
32.50001,42.3
24.10001,39
12.00001,26.1
-0.4999878,12.1
-8.799988,1.8
-11.99999,-6.2
-10.29999,-10.3
-6.699988,-10.4
-2.999988,-7.2
0.1000122,-3.6
2.500012,-0.8
4.000012,1.7
5.000012,4.9
6.600012,8.8
9.900012,11.8
13.70001,13.5
16.80001,15
18.90001,18.3
20.40001,22.7
21.60001,25.7
22.60001,25.8
24.60001,26.1
27.70001,27.1
30.40001,23.8
17.80001,-2.9
18.80001,-1.5
21.10001,0.00E+00
23.90001,2.2
26.40001,4.8
28.70001,6.7
30.70001,7.7
31.70001,8
32.40001,6.5
33.60001,3.6
34.40001,-0.2
35.40001,-4.8
39.10001,-10.2
44.30001,-14
47.50001,-15.1
49.00001,-14.8
49.90001,-14.1
50.20001,-13.4
49.50001,-13.2
48.40001,-13.5
47.80001,-14.2
47.80001,-15.2
48.80001,-16.3
50.40001,-17.6
51.90001,-18.3
52.60001,-17.9
52.20001,-16.5
51.20001,-14.4
50.20001,-12
49.70001,-10.4
49.30001,-10.4
49.10001,-11.4
49.30001,-12.2
49.70001,-12.2
49.70001,-11.5
48.00001,-10.8
43.90001,-9.6
39.80001,-7.4
38.90001,-3.8
40.60001,1
42.30001,6.5
42.30001,13.2
39.10001,22.7
32.40001,34.5
24.90001,44.3
19.00001,46.3
12.80001,34.9
4.200012,19.9
-6.099988,8.3
-14.49999,-1.4
-17.79999,-10.5
-16.79999,-16.6
-11.89999,-15.8
-5.999988,-10.4
-0.9999878,-4.8
1.900012,-1.4
3.100012,0.6
4.700012,3.7
7.800012,7.7
11.50001,10.9
14.40001,12.8
16.20001,14.8
16.90001,18.6
17.60001,22.5
18.50001,22.8
19.70001,20.8
21.90001,21
25.50001,22
15.30001,-5.1
15.80001,-4.2
17.70001,-3.1
20.60001,-1.4
23.20001,1
25.40001,3.1
27.90001,4.3
29.60001,4.8
30.40001,3.2
31.70001,-0.2
33.50001,-3.9
34.50001,-7
36.40001,-10.4
40.40001,-13.1
43.80001,-13.9
45.30001,-14.2
46.00001,-14
46.40001,-13.7
45.90001,-13.5
45.10001,-13.6
43.80001,-13.8
42.20001,-13.8
41.30001,-14
41.60001,-14.3
42.40001,-13.8
42.80001,-12.2
42.70001,-10.1
42.70001,-7.8
42.40001,-5.1
41.70001,-2.8
40.60001,-1.4
39.70001,-1.3
39.60001,-1.9
40.10001,-2.4
40.60001,-1.5
40.00001,-1.00E-01
37.60001,0.6
34.50001,0.7
33.60001,1.8
35.30001,5.2
37.50001,11.5
38.40001,18.1
37.40001,25
32.10001,34.1
21.70001,44.1
13.20001,49.3
9.900012,41.1
6.500012,26.5
-0.9999878,13.9
-9.899988,4.8
-16.39999,-4.1
-19.39999,-14.1
-17.39999,-20.3
-11.79999,-19
-4.499988,-11.3
1.000012,-5.1
3.400012,-2.8
5.000012,-0.2
6.800012,4.2
8.500012,8.7
10.80001,11.4
12.90001,12.9
13.70001,15.1
13.90001,18.5
14.70001,19.7
16.20001,17.6
17.70001,15.1
19.90001,14.9
12.70001,-7.2
13.40001,-6.9
15.00001,-6.2
17.70001,-4.7
20.00001,-2.3
21.60001,-0.3
24.20001,0.8
26.80001,1.3
28.00001,0.00E+00
29.70001,-3.8
32.40001,-7.7
34.00001,-9.5
34.60001,-9.8
37.10001,-9.8
40.20001,-9.900001
41.70001,-10.4
42.00001,-11.2
41.90001,-11.9
40.90001,-12.6
39.70001,-13.4
38.20001,-14
36.30001,-14.2
35.00001,-13.5
35.10001,-12.3
36.30001,-10.6
37.40001,-8.8
38.50001,-7.3
39.60001,-5.4
40.00001,-2.9
39.50001,-0.2
38.40001,2.5
37.30001,4.7
36.90001,5.3
37.30001,4.7
37.60001,4.7
37.00001,6.2
35.40001,8
33.20001,7.8
32.30001,6.2
34.50001,8.900001
35.50001,18.6
33.40001,27.8
32.10001,31.6
29.40001,34.7
19.50001,41.7
9.900012,47.5
8.300013,43.2
8.800013,32.3
4.000012,20.1
-4.599988,9.7
-11.89999,1
-15.89999,-8.8
-16.29999,-19.9
-13.39999,-25.2
-6.399988,-18.7
0.5000122,-9.900001
4.100012,-5.9
5.400012,-2.9
5.400012,1.8
5.000012,6.6
6.600012,9.8
9.100013,11.1
10.50001,12.4
11.00001,14.9
11.80001,16.1
13.60001,14.5
15.40001,11.1
16.60001,8.8
9.600013,-8.5
11.30001,-9.1
13.20001,-9.1
15.60001,-7.7
17.50001,-5.1
18.50001,-2.9
20.40001,-2.1
23.00001,-1.8
24.70001,-2.5
26.40001,-5.7
29.20001,-10.3
31.90001,-12.7
33.00001,-12.1
34.20001,-10.8
35.70001,-10
36.40001,-9.5
35.90001,-9.7
35.00001,-10.2
33.10001,-10.7
31.20001,-11
29.80001,-11.7
28.70001,-12.6
28.40001,-13
29.20001,-12.9
30.20001,-12.1
30.90001,-10.8
31.10001,-9.2
30.90001,-6.8
30.30001,-4
29.80001,-1.3
29.10001,1.2
28.20001,3.9
27.70001,5.8
28.00001,6.6
28.30001,5.8
27.70001,5.6
26.40001,7.5
25.10001,8.8
25.70001,7
30.00001,9.7
31.50001,20.8
25.90001,31.6
22.60001,33.7
24.40001,33.9
19.40001,38.4
12.20001,43.2
11.60001,41.5
13.00001,35.9
10.20001,27.5
2.700012,16.2
-5.199988,4.3
-9.199988,-6.4
-9.499988,-18.2
-8.099988,-26.9
-3.999988,-23.4
1.100012,-14.4
4.000012,-8.3
4.500012,-3.9
3.200012,0.7
1.900012,5
3.600012,7.7
6.100012,8.8
7.400012,10.2
8.500012,12.4
10.40001,12.4
12.80001,10.4
15.10001,7.3
16.50001,4.3
7.200012,-9.6
9.400012,-10.9
11.70001,-11.8
14.20001,-10.8
16.10001,-7.7
16.90001,-4.8
17.70001,-4.2
19.40001,-4.5
21.10001,-5
22.50001,-6.8
24.80001,-11
27.60001,-14.6
29.30001,-15.4
29.90001,-14.7
29.90001,-13.5
29.90001,-11.9
29.40001,-10.5
28.00001,-9.8
25.70001,-9.400001
23.50001,-8.8
22.30001,-8
21.50001,-7.4
21.10001,-7.4
20.90001,-8.1
20.80001,-9.1
20.70001,-9.900001
20.30001,-9.5
19.80001,-7.6
19.70001,-5
20.00001,-2.5
20.70001,-0.5
20.80001,1.4
20.20001,3.5
19.70001,5.8
19.80001,6.7
19.90001,6.5
19.80001,7.6
19.00001,9
20.00001,8.2
23.70001,8.900001
24.40001,16.9
15.40001,25.1
13.20001,27.5
20.60001,30.2
21.60001,34.8
18.70001,39.3
18.60001,40.2
18.40001,37.9
16.90001,32.7
13.10001,23.1
6.200012,9.5
1.500012,-4.3
0.4000122,-17.1
0.3000122,-26.5
1.000012,-24.8
2.600012,-16.3
3.700012,-8.6
3.200012,-3.4
1.400012,0.00E+00
0.4000122,3.1
2.100012,5.5
4.100012,6.5
4.800012,8.1
6.500012,9.900001
10.20001,8.5
13.70001,5.8
16.30001,3
18.60001,-1.00E-01
6.500012,-11.3
8.700012,-12.6
11.10001,-13.7
13.80001,-13
16.20001,-9.6
17.20001,-6.2
17.20001,-5.4
17.50001,-6.1
18.90001,-6.9
20.20001,-7.8
21.50001,-10.8
23.20001,-14.5
25.30001,-17
26.30001,-17.6
25.80001,-16.3
24.80001,-13.5
24.00001,-9.900001
22.90001,-7.4
21.30001,-7
19.80001,-7.1
19.10001,-6.2
18.00001,-4.7
16.60001,-3.4
15.00001,-2.5
13.40001,-2.6
11.90001,-3.5
11.20001,-4.7
11.20001,-4.9
11.80001,-3.9
12.30001,-2.3
13.10001,-0.6
13.90001,1
14.40001,2
14.70001,3.4
14.70001,5.5
15.20001,7.1
16.60001,7.5
17.40001,7.9
18.10001,7.4
20.00001,6.9
19.70001,10.6
12.70001,14.6
15.00001,19.3
23.30001,25.8
26.00001,30.7
27.20001,35.7
27.40001,38.9
25.00001,38
23.40001,33
22.60001,25.6
20.00001,14.3
16.10001,0.9
12.20001,-12.8
8.700012,-21.6
6.600012,-19.2
5.700012,-11.6
4.700012,-5.7
2.900012,-2.7
0.8000122,-0.8
-1.00E-01,2.1
1.000012,4.6
1.600012,5.9
2.700012,6.9
6.400012,6.8
11.90001,3.9
16.10001,1
19.40001,-1.8
23.10001,-4.4
7.000012,-13
9.300013,-14.3
12.00001,-15
14.80001,-13.6
17.20001,-10.2
18.30001,-7.5
17.90001,-6.8
18.10001,-7.2
19.60001,-7.6
20.60001,-7.8
20.40001,-9.6
20.30001,-13.1
21.40001,-16.5
22.40001,-18.1
21.40001,-16.9
19.30001,-13.6
17.80001,-8.6
17.20001,-4.7
16.70001,-3.7
16.30001,-4.3
15.80001,-4.7
14.60001,-4.5
12.60001,-3.6
10.30001,-2.1
8.000012,-0.4
5.800012,0.5
4.400012,-1.00E-01
4.100012,-1
4.500012,-1.5
4.900012,-1.5
5.200012,-0.6
5.500012,0.9
6.500012,1.5
8.600013,1.7
9.600013,4.1
10.80001,6.8
13.30001,7.3
16.50001,6.2
17.50001,6.3
18.60001,7.6
19.50001,7.6
19.40001,8.2
23.80001,14
27.50001,21.7
29.50001,26.7
33.00001,32.1
34.20001,36.8
32.20001,36.6
29.40001,31.4
28.30001,24.1
28.60001,15.3
26.70001,5.7
21.30001,-4.2
15.50001,-10.7
11.50001,-9.1
8.400012,-4.9
5.100012,-2.5
2.000012,-1.3
0.1000122,0.7
-0.2999878,3.5
0.3000122,5.3
1.000012,5.7
3.800012,4.9
9.400012,2.2
15.10001,-1.2
19.40001,-3.8
23.70001,-6.6
28.90001,-8.6
9.400012,-13.5
12.70001,-14.7
15.40001,-14.3
17.30001,-12.3
18.60001,-10.2
19.10001,-9.400001
19.50001,-9.3
21.10001,-8.7
23.40001,-7.3
24.20001,-6.2
23.20001,-7.1
21.80001,-9.5
21.10001,-12.5
20.80001,-14.3
20.30001,-13.3
19.20001,-10.5
18.30001,-6.9
17.70001,-4
16.80001,-2.8
15.60001,-2.3
14.30001,-2.2
12.50001,-2
9.900012,-1.6
7.100012,-0.8
4.300012,1.00E-01
1.700012,0.6
-0.3999878,0.3
-1.699988,-0.5
-2.099988,-1.7
-1.699988,-2.8
-0.6999878,-3.1
1.22E-05,-2.2
1.200012,-1.2
3.400012,-0.6
5.200012,1.3
6.700012,4.3
10.10001,5.6
14.70001,4.1
16.50001,4.9
17.40001,7.9
20.80001,7.6
25.70001,7
29.10001,11
29.90001,16.4
32.00001,20.9
35.10001,26.2
37.00001,31.1
38.30001,32.6
37.20001,29
34.70001,22.6
33.50001,14.7
31.80001,7.9
27.50001,3
22.20001,1.00E-01
17.80001,0.3
13.90001,1.4
10.60001,2.2
8.000012,3.1
6.800012,4
6.500012,4.8
6.900012,4.4
8.000012,3.2
11.10001,0.4
15.30001,-3.1
19.20001,-5.8
23.30001,-8.400001
28.70001,-11.6
33.70001,-13
14.50001,-13.1
18.80001,-13.5
20.20001,-12.4
20.00001,-11.1
20.00001,-11.3
20.30001,-12.1
21.50001,-11.8
24.40001,-10.2
27.30001,-8
28.80001,-6.7
29.60001,-6.8
29.90001,-7.4
29.50001,-8.2
29.30001,-7.9
29.00001,-5.7
27.90001,-3.3
26.00001,-1.7
23.50001,-0.9
20.70001,-0.5
17.90001,-0.2
15.20001,0.2
12.60001,0.6
9.900012,0.9
7.000012,1.1
4.000012,1.2
1.100012,1.2
-1.599988,0.9
-3.999988,-1.00E-01
-5.999988,-1.9
-6.699988,-4
-5.899988,-5.5
-3.699988,-5.5
-1.699988,-3.4
0.1000122,-1.9
1.400012,-0.9
3.200012,0.9
7.300012,3.1
12.70001,2.3
14.90001,1.8
15.90001,4.3
20.40001,5.2
26.50001,5
29.90001,7
32.50001,10.6
36.30001,14.6
38.40001,19
39.40001,23
42.50001,25.8
45.40001,25.4
45.60001,22.3
43.70001,16.7
41.40001,11.2
38.00001,8.1
34.10001,6.6
30.50001,6.2
27.30001,6.4
24.70001,6.6
22.60001,6.4
20.80001,5.6
19.20001,4.4
18.10001,2.9
18.30001,0.5
19.40001,-3.2
20.60001,-6.3
23.00001,-8.8
27.30001,-12.6
32.20001,-16.3
36.00001,-17.5
21.00001,-11.6
23.80001,-11.3
23.00001,-11.1
21.70001,-11.9
21.80001,-13.4
22.30001,-13.9
23.80001,-12.8
26.60001,-11.4
29.70001,-10.8
32.40001,-10.6
34.50001,-9.8
35.20001,-8.3
34.40001,-6.4
33.60001,-4.1
32.10001,-1.8
29.60001,0.6
26.80001,2.7
23.50001,3.7
20.30001,3.8
17.40001,3.3
14.80001,2.5
12.30001,2.2
9.800013,2.2
7.300012,2.3
5.000012,2.4
2.600012,2.9
1.22E-05,3.2
-2.899988,2.6
-5.499988,0.4
-7.599988,-2.3
-8.099988,-5.3
-6.399988,-6.9
-4.199988,-5.4
-2.099988,-3.8
-0.5999878,-3.4
2.100012,-2.8
7.000012,-0.4
12.10001,-0.2
13.70001,-1.7
14.90001,-0.4
19.60001,0.9
24.60001,0.9
26.70001,2.8
29.20001,6.7
34.10001,10.8
37.50001,14.5
39.10001,16
42.40001,17.1
47.60001,18.8
51.10001,20.1
52.70001,18.6
53.00001,15.4
50.80001,12.4
47.30001,10.2
43.60001,8.7
40.00001,8.1
36.40001,7.9
33.00001,7.8
30.00001,7.4
27.50001,6.3
25.50001,3.5
24.00001,0.00E+00
23.00001,-3.4
23.00001,-6.2
25.90001,-10.5
30.10001,-16.1
33.10001,-20.1
35.50001,-21.3
25.20001,-9.7
25.80001,-9.5
24.30001,-11.3
23.50001,-13.7
23.90001,-14.9
24.70001,-14.4
26.10001,-13.3
28.70001,-13.3
31.40001,-13.8
33.40001,-13
33.30001,-10.5
31.20001,-7.6
28.90001,-4.6
27.90001,-2.3
27.40001,-0.5
26.10001,2
24.10001,5.1
21.20001,7.5
17.90001,8.5
14.90001,7.9
12.60001,6.5
10.60001,5.4
8.400012,5.2
6.300012,4.9
4.200012,4.7
2.100012,4.9
-0.3999878,5.4
-2.899988,5
-4.699988,2.9
-6.199988,-1.00E-01
-6.999988,-3.9
-6.299988,-7.1
-4.999988,-7.5
-2.999988,-6.6
-0.9999878,-6.9
2.300012,-6.5
7.800012,-3.4
12.70001,-2.5
13.00001,-4.5
13.30001,-4.5
17.30001,-3
21.20001,-2.9
21.10001,-0.6
21.40001,3
26.10001,5.8
31.00001,9.3
34.20001,10.9
37.90001,11.3
42.10001,13.5
44.30001,16.9
47.90001,18.7
52.10001,18.5
53.50001,17.2
52.50001,16.3
49.80001,15.9
46.60001,15.3
42.90001,13.7
39.00001,11.1
35.20001,8.900001
31.80001,7.6
28.80001,5.2
26.30001,1.1
24.50001,-2.7
24.90001,-6.3
28.50001,-12.2
31.70001,-18.6
32.60001,-22.5
34.10001,-23
25.50001,-8.7
26.10001,-9.6
25.80001,-12.3
25.60001,-14.6
26.50001,-15.4
27.60001,-14.6
29.00001,-13.6
30.40001,-12.7
30.90001,-11.4
29.90001,-9.2
27.40001,-6.6
25.20001,-3.9
24.60001,-1.1
24.90001,1.2
25.10001,2.5
24.20001,4.1
22.30001,6.6
19.40001,9.3
15.80001,11.2
11.90001,11.8
9.200012,10.4
7.400012,8.6
6.200012,8.1
5.100012,8
3.500012,7.7
1.600012,7.7
1.22E-05,8
-1.799988,7.4
-3.799988,4
-5.199988,-1.00E-01
-4.999988,-4.1
-4.399988,-7.5
-4.199988,-9.2
-3.199988,-9.400001
-0.5999878,-10.1
3.000012,-8.900001
7.100012,-5.2
11.40001,-3.5
12.50001,-6.5
11.50001,-7.7
13.40001,-5.5
17.20001,-5.3
18.50001,-4.2
19.80001,-1.8
25.00001,-0.6
28.90001,2.6
29.20001,6.3
31.70001,7.9
34.80001,10
34.50001,13.2
36.30001,15.9
40.10001,17.6
43.20001,17.6
45.30001,18
45.50001,19.5
44.20001,21.2
41.90001,21.3
39.30001,18.8
37.20001,14
34.90001,10.1
32.10001,8.1
29.30001,4.7
28.40001,-1.4
29.30001,-7.4
31.50001,-13.4
32.30001,-18.9
31.70001,-21.7
32.20001,-20.2
26.80001,-7.9
28.50001,-10.9
28.60001,-13.5
28.60001,-15.3
29.40001,-15.6
30.10001,-14.5
29.90001,-12.2
28.90001,-9.3
27.00001,-6.9
24.60001,-5.3
23.40001,-3.6
24.00001,-0.9
25.20001,2.3
24.70001,4.8
23.00001,5.9
21.20001,6.7
19.70001,7.8
17.60001,9.400001
14.20001,11.9
10.10001,14.1
7.100012,13.1
5.200012,10.1
4.700012,8.5
5.100012,8.2
4.400012,8.6
3.400012,9.3
3.300012,10.3
2.700012,10
0.2000122,5.8
-2.299988,0.00E+00
-2.799988,-5.3
-2.499988,-8.5
-2.699988,-9.8
-2.199988,-11.1
0.6000122,-11.7
3.600012,-10.1
5.400012,-6.5
8.900012,-4.1
12.00001,-7.1
10.70001,-9.5
10.70001,-7.6
14.80001,-7.4
19.10001,-8.7
22.20001,-7
26.50001,-4.3
28.50001,-1.1
26.00001,2.2
27.50001,2.8
31.00001,4.2
31.10001,7.9
32.50001,11.2
34.50001,13.3
36.10001,13.8
38.10001,14.2
38.80001,15.5
38.30001,17.2
37.00001,19.3
35.20001,21.1
33.90001,19.5
33.80001,14.4
33.40001,10
32.00001,6.9
32.20001,0.5
33.70001,-7.2
34.00001,-12.7
32.60001,-17.1
30.70001,-18.4
29.60001,-15.5
32.90001,-6.1
32.90001,-9.5
31.80001,-11.5
30.60001,-12.7
29.60001,-12.7
28.00001,-11.5
25.90001,-9.1
24.00001,-6.9
22.90001,-6.1
22.30001,-5.1
23.30001,-2.3
24.80001,1.9
24.50001,5.8
22.30001,8.3
20.00001,9.3
18.40001,9.7
17.60001,10
16.30001,10.5
13.30001,12.6
9.700012,16.2
7.700012,16.1
6.100012,11.9
5.400012,7.9
6.100012,6.1
6.100012,6.3
5.700012,7.6
6.200012,10.2
6.300012,12
4.600012,9.5
1.900012,3.2
1.22E-05,-3.6
-0.8999878,-7.4
-0.6999878,-8.8
-1.00E-01,-10.7
1.500012,-11.4
3.100012,-10
3.600012,-7.5
6.100012,-4.7
10.40001,-6.1
10.40001,-10
9.200012,-10.5
11.60001,-9.7
17.00001,-11.5
20.20001,-10.6
22.20001,-6.9
24.40001,-4.3
23.10001,-2.2
24.40001,-2
28.20001,-1.6
29.50001,2.1
30.80001,5.8
32.90001,8.3
34.60001,10.3
35.50001,12.1
35.50001,13.1
35.00001,12.5
34.80001,11.1
33.40001,12.3
30.60001,15.5
29.40001,14.5
31.00001,8.8
31.90001,5
32.70001,0.8
34.30001,-5.9
34.50001,-11.4
32.10001,-14.8
29.00001,-14.8
26.80001,-12.1
35.90001,-4.1
33.60001,-6.1
31.00001,-6.9
28.50001,-7.4
26.20001,-7.4
23.60001,-6.8
21.10001,-6
19.90001,-6.2
20.80001,-6.2
22.20001,-3.9
23.30001,0.3
23.20001,4.5
21.30001,8.1
19.20001,10.8
17.80001,12
16.60001,11.4
15.30001,10.9
14.80001,11.4
12.70001,13.5
10.00001,17.2
9.000012,17.9
7.800012,13.4
6.800012,8.2
7.200012,5.2
7.000012,4.6
5.900012,5.8
6.000012,9.2
6.800012,11.9
6.900012,11
5.800012,6.6
3.500012,0.5
1.700012,-4
1.300012,-6.9
1.400012,-10.2
1.600012,-11.2
2.200012,-10
2.600012,-8.5
4.200012,-5.9
7.700012,-5.2
8.200012,-9.400001
7.500012,-13.8
9.000012,-13.7
13.00001,-12.9
15.00001,-11.2
16.60001,-8.8
20.50001,-8
21.60001,-6.5
22.20001,-5.3
25.40001,-4.9
27.10001,-2.6
26.60001,0.4
28.00001,3.1
29.80001,6.7
30.50001,10
31.30001,11.4
31.70001,10.2
33.90001,6.3
34.30001,5.6
30.90001,10.3
27.90001,12.9
28.40001,8
30.50001,2.6
31.30001,-0.4
32.50001,-5.6
32.80001,-11
30.80001,-13.4
26.80001,-12.3
24.10001,-10.5
29.50001,-2.7
28.30001,-4.4
26.80001,-4.8
25.40001,-4.4
23.20001,-4
20.50001,-3.5
17.70001,-3.8
17.00001,-5.4
19.50001,-5
21.10001,-1.3
21.00001,2.7
19.90001,5.7
18.30001,8.5
17.50001,11.4
16.80001,12.9
15.90001,12
15.10001,10.1
14.70001,10.8
13.50001,13.6
11.70001,16.9
11.10001,17.6
10.30001,13.9
9.300013,9.3
8.800013,7.1
7.800012,7
6.400012,8.6
6.100012,10.7
6.700012,11.2
7.600012,9.2
7.800012,6.2
6.500012,2.4
4.600012,-1.3
3.000012,-5.4
2.000012,-9.1
1.700012,-9.8
1.700012,-8.5
1.800012,-7.9
3.100012,-6.3
5.700012,-5.1
5.500012,-8.6
5.500012,-15.5
7.000012,-16.7
8.700012,-12.7
10.10001,-9.400001
12.70001,-8.5
16.40001,-8.400001
19.10001,-7.8
20.70001,-6.7
22.70001,-5.6
24.20001,-4.1
23.40001,-2
23.50001,0.00E+00
23.40001,3.2
23.50001,6
24.40001,7.1
24.30001,6.9
28.10001,4.8
30.60001,4.5
29.10001,7.5
26.90001,10.4
26.50001,7.4
28.80001,1.6
29.80001,-1
29.00001,-4
27.70001,-9.3
25.80001,-12
22.30001,-10.8
20.10001,-9.8
20.00001,0.5
18.90001,-1.5
19.10001,-2.5
19.90001,-2.3
18.80001,-1.9
16.50001,-2
14.10001,-3.2
14.70001,-5
18.20001,-3.8
19.50001,0.4
18.50001,4.1
17.30001,6.7
16.10001,8.8
15.70001,11
15.90001,12.9
16.10001,12.5
16.30001,9.900001
16.20001,10.2
14.90001,13.1
14.00001,15.7
14.20001,16.5
14.70001,14.2
14.70001,10.9
14.10001,9.900001
13.30001,11.8
11.40001,13.2
9.800013,13.3
9.400012,11.5
8.800013,7.7
8.300013,3.9
7.100012,0.9
5.400012,-1.6
3.200012,-4
1.700012,-5.7
1.200012,-5.2
0.6000122,-4.7
-1.00E-01,-5.7
1.700012,-5.7
5.800012,-5.7
6.300012,-9.8
5.100012,-16.2
5.200012,-17.2
6.000012,-12
8.700012,-8.7
11.80001,-8.8
13.20001,-8.1
15.30001,-7.8
17.70001,-7.4
18.40001,-5.2
19.00001,-2.9
19.30001,-0.9
19.80001,0.3
19.00001,1.3
18.80001,1.9
19.40001,1.4
18.20001,1.2
19.90001,1.9
21.30001,3
21.30001,4
21.00001,5.5
22.00001,4.6
26.80001,1.00E-01
29.00001,-1.8
26.70001,-2.3
24.20001,-5.8
22.60001,-8.7
20.60001,-8.6
19.70001,-9.3
15.80001,2.4
13.50001,1.9
12.30001,0.8
12.00001,-1.00E-01
11.90001,-1.1
12.00001,-2.8
12.00001,-5.3
13.70001,-6.2
16.00001,-3.8
15.80001,1.00E-01
14.80001,3.7
14.20001,6.6
13.90001,8.400001
14.10001,10.3
15.50001,12.1
16.90001,11.2
17.90001,8.7
17.40001,8.5
15.80001,10.9
15.10001,13.5
16.30001,14.8
19.00001,15
21.90001,13.7
21.90001,13.4
19.60001,14.9
15.50001,14.5
13.30001,13
13.60001,12
12.00001,8.900001
9.500012,5
6.700012,1.3
4.100012,-1.1
2.200012,-1.8
0.8000122,-1.6
0.3000122,-1.2
-0.2999878,-2.2
-1.199988,-4.3
0.7000122,-5
6.000012,-7.1
8.000012,-12.9
7.100012,-17.6
6.900012,-17
7.700012,-12.6
10.50001,-10.1
13.40001,-9.7
14.00001,-8.5
16.00001,-7.5
18.50001,-6.2
18.50001,-3.7
17.50001,-1.5
17.40001,-0.3
17.90001,0.3
18.10001,0.3
18.70001,-0.2
20.40001,-1.4
20.30001,-1.6
19.30001,-1.00E-01
17.80001,1.6
17.80001,1.4
17.70001,1
18.40001,0.8
23.30001,-1.4
26.40001,-3
25.00001,-2.7
23.40001,-3.7
21.50001,-4.8
19.70001,-6.2
19.70001,-9.2
16.40001,-0.3
14.90001,0.8
12.30001,1.2
9.800013,0.4
9.300013,-1.2
10.10001,-3.5
11.10001,-6.4
12.00001,-6.9
11.80001,-4.3
10.70001,-1.1
10.90001,2.4
11.40001,5.6
11.70001,7.5
13.30001,9
15.90001,10.3
18.20001,8.400001
18.80001,5.9
17.90001,5.5
16.10001,8.3
15.60001,10.6
16.40001,11.9
19.60001,13.9
24.50001,14.7
25.60001,14.9
22.10001,15.8
17.50001,15.3
16.10001,13.7
17.00001,12.9
15.40001,10.9
12.60001,8.2
8.800013,4.7
5.300012,1.8
3.200012,0.5
2.000012,-0.4
1.600012,-1.1
1.100012,-2.7
0.2000122,-4.4
1.500012,-5.4
6.400012,-9.5
9.600013,-16
9.800013,-17.9
10.00001,-15.5
11.00001,-12.5
13.30001,-10.8
16.00001,-9.6
18.20001,-7.9
21.70001,-5.6
24.30001,-3.1
23.90001,-1.8
22.40001,-1.9
21.80001,-1.8
21.70001,-1
22.20001,-0.3
23.80001,-0.5
26.30001,-0.7
26.80001,1.00E-01
25.00001,1.6
23.00001,2.4
22.60001,1.2
21.60001,-0.7
19.80001,-1.2
21.10001,-2.2
23.40001,-3.8
23.30001,-4.6
22.10001,-5.2
19.90001,-5.4
17.30001,-7.1
17.00001,-10.9
15.90001,-2.5
15.80001,-1.9
13.50001,-0.5
10.60001,-0.2
9.200012,-1.2
8.800013,-2.2
8.700012,-4.1
8.500012,-5.5
8.200012,-4.5
7.700012,-1.7
8.400012,1.6
9.000012,4.4
9.700012,6
12.20001,6.3
16.50001,7.2
20.00001,5.9
20.10001,3.6
19.40001,3.6
18.50001,6.3
18.80001,8.1
18.10001,8.5
19.20001,9.7
23.40001,11.8
26.50001,14.3
23.10001,15.5
18.30001,15.8
17.30001,15
17.20001,13
16.30001,10.6
14.90001,8.7
12.30001,6.1
9.600013,3.5
7.600012,1
6.200012,-1.1
5.400012,-2.3
4.400012,-3.3
3.500012,-4.8
4.700012,-7.2
8.800013,-13
11.90001,-18.1
12.70001,-16.8
13.70001,-13.4
15.70001,-11.7
17.60001,-10.3
19.60001,-8.900001
22.70001,-7.1
26.30001,-4.4
28.10001,-2
28.60001,-2
28.70001,-2.8
29.20001,-2.4
29.30001,-0.7
29.40001,0.4
30.60001,0.6
32.10001,1.1
32.00001,2.4
30.20001,3
28.20001,2.9
26.70001,1.3
25.00001,-1
22.80001,-2.2
21.90001,-3.1
23.00001,-4.3
23.40001,-5.8
22.60001,-7.7
21.20001,-9.3
19.50001,-11
18.70001,-13.4
13.00001,-1.4
14.00001,-2.1
12.80001,-2.1
10.10001,-2.2
8.500012,-2.4
7.600012,-2.2
6.300012,-2.4
5.800012,-3.9
6.700012,-4
6.700012,-1.5
6.400012,1.2
6.600012,3.3
7.400012,4
10.30001,2.7
15.50001,3.1
19.80001,4.2
20.30001,3.1
20.30001,2.5
21.20001,4.6
22.40001,6.8
22.20001,7.3
22.00001,8.2
24.40001,11.7
27.70001,16.1
24.60001,16.9
19.70001,16.3
17.80001,15.4
16.70001,13.1
15.80001,10.5
14.70001,8.400001
13.10001,6.1
11.70001,3.6
10.20001,1
9.200012,-1
8.500012,-2.1
7.600012,-3.2
7.100012,-5.5
8.900012,-10.1
12.30001,-16.1
14.80001,-18.2
16.30001,-15.4
19.00001,-12.9
21.10001,-11.7
21.20001,-10.2
22.20001,-8.900001
25.00001,-7.4
27.40001,-5.2
28.90001,-3.8
30.80001,-3.6
32.50001,-3.5
33.60001,-2.3
33.50001,-0.8
32.70001,0.3
32.70001,1.1
33.00001,2.3
32.80001,3.2
31.70001,2.9
29.80001,1.6
27.90001,-0.2
26.90001,-1.8
25.40001,-2.5
23.60001,-3.2
23.10001,-4
23.40001,-4.6
23.40001,-6.2
23.20001,-8.6
22.50001,-10.6
21.30001,-11.6
10.40001,-0.4
11.40001,-1.1
11.60001,-2.2
10.10001,-2.3
8.600013,-2
7.000012,-1.6
5.200012,-1.7
4.600012,-2.2
5.400012,-2.5
5.600012,-1.5
4.800012,0.6
4.100012,2.7
4.500012,3.2
6.900012,1
11.70001,-0.8
15.30001,0.4
16.70001,1.4
18.40001,1.2
19.60001,1.6
18.90001,3.8
19.30001,7.2
19.70001,11
22.30001,15.8
26.30001,20.2
25.60001,20.8
22.40001,19.2
20.30001,17.1
19.00001,14.8
17.50001,12.5
15.30001,10.3
13.40001,7.7
12.00001,4.9
11.10001,2.5
10.60001,0.7
10.60001,-1.2
10.90001,-3.7
12.00001,-8
14.60001,-13.4
17.40001,-16.6
19.30001,-16.1
21.30001,-14.6
24.00001,-13.4
24.40001,-12.1
23.30001,-10.8
24.40001,-9.7
26.70001,-8.2
28.40001,-7.1
29.90001,-6.6
31.80001,-6.1
33.20001,-5.3
33.70001,-4.2
32.80001,-2.7
31.70001,-0.6
31.30001,1.4
30.80001,2.7
30.80001,3.7
31.60001,3.2
31.40001,1.2
29.80001,-1.5
28.30001,-2.4
26.60001,-1.8
24.40001,-2.1
22.80001,-3.4
21.80001,-3.2
21.00001,-2
20.20001,-1.8
19.00001,-2.6
17.20001,-3.3
10.50001,-0.3
10.60001,0.00E+00
11.00001,-1.00E-01
10.20001,0.3
8.600013,1.1
7.100012,1.2
5.900012,1.2
5.500012,1.4
5.100012,0.8
4.600012,0.00E+00
4.000012,0.6
3.100012,2.1
2.200012,2.9
3.100012,1.3
6.300012,-2.1
9.000012,-3.7
10.30001,-2.7
13.30001,-1.2
15.40001,-1
14.00001,-0.7
12.90001,4.9
11.80001,10.8
14.20001,15.3
19.90001,19.6
24.10001,22.8
24.00001,22.4
22.00001,19.4
21.60001,17.1
20.30001,14.9
17.70001,12.7
15.40001,9.900001
14.10001,6.9
13.70001,4.1
13.80001,1.3
14.50001,-2.1
15.80001,-6.6
18.00001,-11.9
20.60001,-16.2
22.40001,-16.3
23.70001,-14.9
24.90001,-14.4
26.00001,-13.3
25.80001,-12
26.00001,-11.5
27.40001,-10.4
28.60001,-9.2
29.50001,-9
30.70001,-8.900001
31.70001,-8.1
32.10001,-6.9
31.60001,-5.3
30.00001,-2.9
28.60001,0.3
27.50001,3
25.60001,4.3
24.60001,4.8
26.30001,4.3
28.90001,2.7
29.30001,1.00E-01
27.80001,-1.2
25.50001,-0.6
23.60001,-0.5
22.40001,-1.6
21.00001,-1.9
19.30001,-0.3
17.50001,1.2
14.90001,2
12.30001,1.7
11.40001,-0.7
10.80001,0.8
10.30001,1.5
9.500012,1.9
8.700012,2.1
7.800012,2.5
6.800012,3.4
5.700012,4.7
4.200012,4.9
2.800012,4
2.200012,3.4
1.300012,2.9
0.2000122,2.3
0.6000122,1.6
2.300012,-1.1
2.900012,-4.1
2.900012,-5
3.800012,-3.9
6.800012,-2.3
7.900012,-2.5
8.200012,2.9
8.100013,9
8.900012,12.2
12.40001,15.6
20.00001,21.3
24.70001,24.2
23.40001,21.4
23.00001,18.9
22.60001,16.8
19.90001,14.3
17.80001,11.2
17.30001,7.9
17.80001,4.2
18.60001,-0.2
20.00001,-5.3
21.50001,-10.7
23.10001,-15
24.30001,-17
25.00001,-16.1
25.60001,-14.9
25.40001,-13.9
25.00001,-12.2
25.50001,-11.6
27.00001,-11.5
27.90001,-10.7
27.70001,-10.1
28.10001,-10.3
29.00001,-9.7
28.80001,-8.3
28.10001,-6.2
27.30001,-3.6
26.30001,-0.8
25.50001,2.3
24.00001,5.4
21.10001,7.6
18.10001,8.2
17.10001,6.4
18.30001,4.3
20.40001,2.6
20.70001,1.8
19.10001,1.9
17.60001,2.1
17.30001,1.8
17.20001,1.3
16.60001,1.2
15.10001,1.9
12.50001,3.1
9.700012,3.4
11.60001,-0.3
10.80001,1
9.800013,1.8
9.500012,2.1
9.500012,2
8.600013,2.7
6.000012,4.4
3.200012,6.1
1.600012,6.8
1.200012,7.3
0.7000122,7.2
-1.499988,6.2
-3.099988,4.5
-1.899988,2.8
0.4000122,0.2
0.1000122,-2.5
-1.399988,-4.5
-2.999988,-5.6
-2.999988,-4.8
-1.499988,-3.5
0.5000122,0.5
4.100012,6.1
5.600012,9.7
6.300012,11.6
14.00001,17.1
23.80001,23.3
25.10001,22.1
24.70001,19.5
24.90001,17.9
22.50001,15.2
20.60001,11.3
20.90001,7.4
21.90001,3
23.00001,-2.7
24.60001,-8.8
25.70001,-13.6
26.10001,-15.7
26.00001,-15.8
26.00001,-14.9
25.80001,-13.8
24.60001,-12.3
23.40001,-11.3
23.30001,-11.5
24.60001,-11.7
25.20001,-11.2
24.70001,-11.4
24.70001,-11.5
25.40001,-10.4
25.00001,-8.400001
24.40001,-6
24.40001,-3.6
24.50001,-1.4
23.80001,1.4
22.20001,5.2
19.50001,9
16.50001,10.7
13.30001,9
11.40001,6
11.90001,4
12.70001,3.3
12.20001,3.5
11.10001,3.6
10.70001,3.6
11.00001,3.3
10.90001,3.4
9.900012,4.6
8.100013,6.7
6.400012,7.6
12.30001,2.6
11.30001,2.2
10.00001,2
9.300013,2.2
8.700012,2.6
7.100012,3.9
4.100012,5.8
1.300012,7.1
0.2000122,7.8
0.3000122,8.900001
-0.9999878,9.3
-4.399988,8.900001
-6.499988,8.3
-5.799988,6.2
-1.899988,2.1
-0.3999878,-0.8
-2.399988,-2.7
-4.999988,-5.4
-7.199988,-6.9
-8.099988,-5.7
-6.999988,-3
-2.599988,0.6
1.900012,5.8
3.000012,8.5
8.100013,11.8
19.30001,19.4
25.60001,21.8
26.60001,19.5
27.10001,17.6
25.70001,14.9
24.80001,10
26.30001,4.9
27.70001,0.00E+00
28.30001,-6
29.00001,-11.5
29.10001,-14
28.20001,-13.3
26.80001,-11.9
25.50001,-11.7
24.10001,-11.8
22.70001,-11.6
21.40001,-11.7
20.30001,-12.3
20.40001,-12.4
21.40001,-12.3
21.30001,-12.7
21.00001,-12.7
21.70001,-11.5
22.60001,-10.2
23.40001,-8.8
23.50001,-6.9
22.20001,-4.4
19.70001,-0.6
16.80001,4.3
14.50001,8.7
13.00001,11.1
11.70001,10.5
10.30001,8.400001
9.600013,6.2
9.600013,4.6
9.500012,4
8.500012,3.8
7.400012,3.4
7.000012,3.3
7.000012,4.1
6.600012,5.9
5.700012,8.400001
4.900012,9.6
12.00001,5
10.90001,4.2
9.400012,3.5
7.800012,3.9
5.800012,4.9
3.900012,6.1
2.300012,6.8
1.100012,7.3
-0.4999878,8.8
-2.999988,11.1
-6.399988,11.3
-8.899988,10.5
-8.899988,9.5
-8.799988,7.4
-5.799988,3.6
-2.299988,0.3
-3.599988,-1.2
-6.399988,-3.5
-7.899988,-5.8
-9.799988,-5.9
-10.99999,-5.9
-7.999988,-5.3
-1.899988,0.6
1.300012,5.5
3.800012,7.2
13.00001,13.7
23.70001,20.1
28.10001,19.4
28.90001,16.6
28.80001,13.7
29.60001,8.5
32.30001,2.5
33.50001,-2.1
32.20001,-6
30.90001,-8.400001
30.10001,-8.900001
28.50001,-8
26.20001,-7.4
23.70001,-8.3
21.60001,-9.900001
20.40001,-11.4
19.30001,-12.4
18.10001,-13.1
17.80001,-13.3
18.90001,-13.3
19.30001,-13.6
18.90001,-13.4
19.80001,-13
21.90001,-12.5
23.20001,-11.4
21.40001,-8.8
17.60001,-4.7
13.30001,0.8
9.800013,6.7
7.900012,11.2
7.500012,13.4
8.200012,12.5
8.500012,10.4
8.500012,8.400001
8.300013,6.6
7.800012,5.4
6.700012,4.7
5.400012,4.2
4.500012,4
4.600012,4.7
4.700012,5.9
4.100012,7.4
4.100012,8.1
7.800012,6
7.400012,5.8
6.800012,6.1
5.600012,7.2
4.500012,8.7
3.500012,8.8
2.000012,7.3
0.1000122,7.4
-3.099988,10.4
-7.499988,12.9
-10.79999,12.6
-11.39999,10.9
-9.699988,8.400001
-9.699988,5.8
-8.699988,3.2
-4.499988,0.3
-4.599988,-1.8
-7.199988,-3.6
-8.099988,-5.3
-10.99999,-6.5
-12.79999,-9.1
-10.29999,-10
-4.699988,-4.5
-1.00E-01,2.3
2.200012,4.1
7.700012,8
19.00001,15.7
27.50001,18.2
30.00001,15.2
30.70001,11.9
31.30001,7.6
32.90001,3
32.50001,-1.00E-01
29.30001,-1.5
26.50001,-1.8
26.10001,-2.7
26.40001,-4.4
25.20001,-6
23.10001,-7.7
21.30001,-9.5
20.00001,-11.3
19.00001,-12.7
18.30001,-13.5
18.50001,-13.9
19.60001,-14
20.00001,-14.1
19.90001,-14.2
20.80001,-14.3
22.20001,-13.8
21.70001,-11.7
17.60001,-7.5
12.50001,-2.2
8.000012,4.3
4.900012,10.4
3.700012,14.6
3.900012,16.9
5.400012,15.5
6.700012,12.3
7.400012,10.4
7.600012,9.1
6.700012,8
5.300012,7.3
4.300012,6.5
3.700012,5.8
3.500012,5.6
3.200012,5.9
2.800012,6.2
3.300012,6.6
3.400012,7.1
2.900012,6.5
3.100012,6.3
3.200012,7
4.400012,9.1
4.400012,9.3
1.000012,8.1
-2.999988,9.8
-6.199988,13.5
-8.599988,14.3
-9.199988,11.1
-9.399988,8.5
-9.399988,6.8
-9.999988,4.4
-9.299988,2.2
-4.699988,-0.8
-3.899988,-4.4
-5.899988,-6.6
-8.199988,-8.1
-12.49999,-9.900001
-12.59999,-12.6
-9.399988,-12.9
-5.699988,-8.5
-1.399988,-1.4
1.500012,1.9
4.600012,3.6
13.20001,9.900001
23.70001,15.1
29.20001,13.9
31.20001,10.4
30.70001,6.7
29.90001,3.6
28.80001,1.3
26.40001,-1.00E-01
24.80001,-1
25.20001,-2.7
26.10001,-5.1
25.70001,-7.3
24.40001,-9
23.00001,-10.5
21.90001,-11.6
21.20001,-12.6
21.10001,-13.4
21.50001,-14.1
22.10001,-14.3
22.30001,-14.6
22.30001,-15.2
22.60001,-15.5
21.90001,-14.1
19.00001,-10.6
13.60001,-5.6
8.200012,0.3
4.100012,7.3
1.700012,13.4
1.100012,16.6
1.800012,18.4
4.700012,16.8
7.000012,13.1
7.500012,11.3
7.800012,10.5
6.900012,9.8
5.100012,9
4.100012,7.8
3.800012,6.8
3.400012,6.2
2.800012,5.9
2.800012,6
3.600012,6.6
2.200012,8.3
0.6000122,6.4
-0.5999878,4.3
-1.199988,3.3
0.9000122,5.1
1.700012,6.9
-1.699988,7.7
-5.599988,10.8
-6.999988,14.7
-7.199988,14.1
-7.799988,9.5
-9.299988,6.7
-10.79999,5.4
-11.39999,3
-9.399988,0.8
-5.099988,-1.7
-3.299988,-5.6
-4.399988,-8.7
-7.599988,-10.5
-11.39999,-12.3
-9.899988,-13.8
-7.599988,-14.1
-5.099988,-11.4
-1.899988,-4.9
1.200012,0.00E+00
3.300012,1.4
8.700012,4.8
17.30001,9.7
24.50001,11.5
28.90001,10.2
29.40001,7
28.50001,4
28.20001,1.5
28.00001,-0.7
27.70001,-2.5
27.50001,-4.3
27.30001,-6.3
26.70001,-8.1
26.10001,-9.5
25.50001,-10.5
25.10001,-11.2
24.90001,-12
24.90001,-12.8
24.90001,-13.7
24.80001,-14.4
24.60001,-15.2
24.10001,-16.1
23.10001,-15.6
20.20001,-12.7
15.20001,-8.3
9.100013,-3
3.700012,3.4
1.000012,10.8
1.000012,15.9
1.100012,17.6
0.9000122,18.2
4.000012,16.3
7.200012,12.6
7.500012,10.2
7.700012,9.7
7.600012,9.900001
6.100012,9.3
4.800012,7.8
4.300012,6.5
3.700012,6
3.300012,6.1
3.600012,6.1
4.600012,6.6
