U,V
6.397351,-2.95
6.497351,-2.75
6.497351,-2.55
6.597351,-2.45
6.697351,-2.25
6.697351,-2.05
6.797351,-1.85
6.797351,-1.75
6.897351,-1.55
6.897351,-1.35
6.897351,-1.15
6.997351,-0.95
6.997351,-0.85
6.997351,-0.65
6.997351,-0.45
6.997351,-0.25
6.997351,-5.00E-02
6.997351,0.15
6.997351,0.25
6.997351,0.45
6.997351,0.65
6.997351,0.85
6.997351,1.05
6.897351,1.25
6.897351,1.35
6.897351,1.55
6.797351,1.75
6.797351,1.95
6.697351,2.05
6.697351,2.25
6.597351,2.45
6.497351,2.65
6.497351,2.75
6.397351,2.95
6.297351,3.15
6.197351,3.25
6.097351,3.45
5.997351,3.65
5.897351,3.75
5.797351,3.95
5.697351,4.05
5.597351,4.25
5.497351,4.35
5.397351,4.55
5.297351,4.65
5.197351,4.75
4.997351,4.95
4.897351,5.05
4.797351,5.15
4.597351,5.25
4.497351,5.45
4.297351,5.55
4.197351,5.65
4.097351,5.75
3.897351,5.85
3.697351,5.95
3.597351,6.05
3.397351,6.15
3.297351,6.25
3.097351,6.35
2.897351,6.35
2.797351,6.45
2.597351,6.55
2.397351,6.55
2.297351,6.65
2.097351,6.75
1.897351,6.75
1.697351,6.85
5.197351,-0.85
5.197351,-0.65
5.197351,-0.55
5.197351,-0.35
5.097351,-0.15
5.097351,-5.00E-02
4.997351,5.00E-02
4.997351,0.25
4.997351,0.25
4.897351,0.45
4.897351,0.55
4.797351,0.75
4.797351,0.85
4.797351,0.95
4.697351,1.05
4.697351,1.25
4.597351,1.35
4.597351,1.45
4.597351,1.55
4.497351,1.65
4.497351,1.75
4.497351,1.85
4.397351,1.95
4.397351,2.15
4.397351,2.25
4.297351,2.25
4.297351,2.35
4.297351,2.55
4.197351,2.55
4.197351,2.75
4.097351,2.75
4.097351,2.95
3.997351,3.05
3.997351,3.05
3.897351,3.15
3.897351,3.35
3.897351,3.35
3.797351,3.45
3.797351,3.55
3.697351,3.65
3.597351,3.75
3.597351,3.85
3.497351,3.95
3.497351,4.05
3.397351,4.15
3.397351,4.25
3.297351,4.25
3.197351,4.35
3.097351,4.45
3.097351,4.55
2.997351,4.55
2.997351,4.65
2.897351,4.75
2.797351,4.75
2.697351,4.85
2.597351,4.95
2.497351,4.95
2.497351,5.05
2.397351,5.05
2.297351,5.15
2.197351,5.25
2.097351,5.25
1.997351,5.25
1.997351,5.35
1.797351,5.45
1.697351,5.45
1.697351,5.45
1.597351,5.55
-1.402649,0.75
-1.502649,0.85
-1.602649,0.85
-1.802649,0.85
-1.802649,0.85
-2.002649,0.85
-2.002649,0.95
-2.102649,0.85
-2.202649,0.75
-2.202649,0.85
-2.202649,0.85
-2.302649,0.85
-2.302649,0.75
-2.302649,0.85
-2.302649,0.75
-2.302649,0.85
-2.202649,0.75
-2.202649,0.85
-2.102649,0.75
-2.102649,0.85
-2.002649,0.75
-1.902649,0.85
-1.802649,0.75
-1.802649,0.95
-1.602649,0.85
-1.602649,0.95
-1.402649,0.95
-1.402649,1.05
-1.202649,1.05
-1.202649,1.15
-1.002649,1.15
-0.9026489,1.25
-0.802649,1.25
-0.7026489,1.45
-0.6026489,1.45
-0.5026489,1.55
-0.4026489,1.55
-0.4026489,1.75
-0.2026489,1.75
-0.2026489,1.85
-0.1026489,1.85
-2.65E-03,2.05
9.74E-02,2.05
9.74E-02,2.15
0.1973511,2.25
0.2973511,2.35
0.2973511,2.35
0.3973511,2.55
0.4973511,2.55
0.4973511,2.75
0.4973511,2.75
0.5973511,2.85
0.5973511,2.85
0.6973511,3.05
0.6973511,3.05
0.6973511,3.15
0.7973511,3.15
0.7973511,3.35
0.7973511,3.35
0.7973511,3.45
0.8973511,3.45
0.8973511,3.55
0.8973511,3.55
0.8973511,3.65
0.8973511,3.65
0.8973511,3.75
0.8973511,3.75
0.9973511,3.85
-8.802649,1.15
-9.002649,1.05
-9.302649,0.85
-9.602649,0.65
-9.802649,0.45
-10.00265,0.25
-10.20265,-5.00E-02
-10.30265,-0.25
-10.50265,-0.55
-10.60265,-0.65
-10.70265,-0.95
-10.70265,-1.15
-10.70265,-1.35
-10.70265,-1.55
-10.70265,-1.75
-10.50265,-1.95
-10.40265,-2.05
-10.30265,-2.15
-10.10265,-2.35
-9.902649,-2.35
-9.602649,-2.45
-9.402649,-2.45
-9.102649,-2.55
-8.802649,-2.45
-8.502649,-2.45
-8.202649,-2.35
-7.902649,-2.35
-7.602649,-2.25
-7.302649,-2.25
-7.002649,-2.15
-6.702649,-2.05
-6.402649,-1.95
-6.102649,-1.85
-5.902649,-1.75
-5.602649,-1.65
-5.402649,-1.55
-5.102649,-1.45
-4.902649,-1.35
-4.702649,-1.25
-4.502649,-1.15
-4.302649,-1.05
-4.102649,-0.95
-3.902649,-0.85
-3.702649,-0.75
-3.502649,-0.65
-3.302649,-0.55
-3.202649,-0.45
-3.002649,-0.35
-2.802649,-0.25
-2.602649,-0.15
-2.402649,-5.00E-02
-2.302649,0.15
-2.102649,0.15
-1.902649,0.35
-1.702649,0.45
-1.602649,0.65
-1.402649,0.75
-1.302649,0.85
-1.102649,0.95
-1.002649,1.05
-0.802649,1.15
-0.7026489,1.35
-0.5026489,1.35
-0.4026489,1.45
-0.2026489,1.55
-0.1026489,1.65
-2.65E-03,1.65
0.1973511,1.75
-12.10265,2.75
-12.60265,2.35
-13.10265,1.95
-13.60265,1.65
-14.00265,1.15
-14.50265,0.75
-14.80265,0.25
-15.20265,-0.15
-15.50265,-0.65
-15.70265,-1.15
-15.90265,-1.65
-16.00265,-2.05
-16.10265,-2.45
-16.10265,-2.85
-15.90265,-3.25
-15.80265,-3.55
-15.60265,-3.85
-15.40265,-4.05
-15.10265,-4.35
-14.80265,-4.35
-14.30265,-4.55
-14.00265,-4.55
-13.50265,-4.75
-13.10265,-4.65
-12.60265,-4.75
-12.20265,-4.55
-11.80265,-4.65
-11.40265,-4.45
-10.90265,-4.55
-10.60265,-4.35
-10.20265,-4.35
-9.902649,-4.25
-9.502649,-4.25
-9.202649,-4.15
-9.002649,-4.15
-8.702649,-4.05
-8.402649,-4.05
-8.202649,-3.95
-7.902649,-3.95
-7.702649,-3.85
-7.402649,-3.85
-7.202649,-3.75
-7.002649,-3.85
-6.802649,-3.65
-6.502649,-3.75
-6.302649,-3.55
-6.002649,-3.55
-5.802649,-3.45
-5.502649,-3.35
-5.202649,-3.15
-4.902649,-3.15
-4.702649,-2.85
-4.402649,-2.75
-4.102649,-2.55
-3.802649,-2.45
-3.502649,-2.15
-3.302649,-2.05
-3.002649,-1.75
-2.702649,-1.65
-2.502649,-1.45
-2.202649,-1.35
-2.002649,-1.15
-1.702649,-1.05
-1.502649,-0.85
-1.302649,-0.75
-1.102649,-0.65
-0.802649,-0.55
-0.6026489,-0.45
-14.00265,4.05
-14.50265,3.75
-14.90265,3.35
-15.30265,2.95
-15.70265,2.55
-16.10265,2.05
-16.30265,1.65
-16.50265,1.15
-16.60265,0.65
-16.60265,0.25
-16.50265,-0.35
-16.40265,-0.75
-16.20265,-1.35
-16.00265,-1.75
-15.70265,-2.35
-15.50265,-2.65
-15.20265,-3.05
-14.90265,-3.35
-14.60265,-3.55
-14.20265,-3.75
-13.90265,-3.85
-13.50265,-3.95
-13.10265,-4.05
-12.70265,-4.05
-12.40265,-4.15
-12.00265,-4.15
-11.70265,-4.35
-11.40265,-4.45
-11.10265,-4.55
-10.90265,-4.65
-10.70265,-4.85
-10.40265,-4.95
-10.20265,-5.05
-10.00265,-5.15
-9.802649,-5.35
-9.602649,-5.35
-9.402649,-5.55
-9.102649,-5.65
-8.902649,-5.75
-8.702649,-5.85
-8.402649,-5.95
-8.202649,-6.05
-7.902649,-6.05
-7.702649,-6.15
-7.402649,-6.25
-7.102649,-6.15
-6.902649,-6.15
-6.602649,-6.15
-6.302649,-6.05
-6.002649,-5.95
-5.702649,-5.85
-5.402649,-5.55
-5.102649,-5.35
-4.802649,-5.15
-4.502649,-4.95
-4.202649,-4.65
-3.902649,-4.35
-3.602649,-4.15
-3.402649,-3.95
-3.102649,-3.65
-2.802649,-3.55
-2.602649,-3.35
-2.302649,-3.25
-2.102649,-3.05
-1.802649,-2.95
-1.502649,-2.85
-1.302649,-2.75
-1.002649,-2.65
-16.00265,3.15
-16.10265,2.95
-16.10265,2.75
-16.10265,2.55
-15.90265,2.25
-15.80265,2.05
-15.60265,1.75
-15.30265,1.55
-15.00265,1.35
-14.60265,1.15
-14.20265,0.85
-13.90265,0.75
-13.50265,0.35
-13.20265,0.15
-13.00265,-0.25
-12.80265,-0.45
-12.50265,-0.85
-12.30265,-1.05
-12.00265,-1.35
-11.70265,-1.55
-11.40265,-1.85
-11.10265,-2.05
-10.80265,-2.45
-10.50265,-2.75
-10.20265,-3.15
-10.10265,-3.45
-10.00265,-3.85
-9.902649,-4.15
-9.802649,-4.65
-9.702649,-4.85
-9.602649,-5.15
-9.502649,-5.35
-9.202649,-5.65
-9.102649,-5.85
-8.802649,-6.15
-8.602649,-6.35
-8.302649,-6.55
-8.102649,-6.75
-7.802649,-6.95
-7.602649,-7.15
-7.302649,-7.35
-7.102649,-7.45
-6.902649,-7.65
-6.702649,-7.65
-6.402649,-7.85
-6.202649,-7.75
-5.902649,-7.85
-5.702649,-7.75
-5.502649,-7.75
-5.202649,-7.55
-5.002649,-7.45
-4.802649,-7.15
-4.502649,-6.95
-4.302649,-6.65
-4.102649,-6.45
-3.902649,-6.15
-3.602649,-5.95
-3.502649,-5.65
-3.202649,-5.45
-3.002649,-5.25
-2.702649,-5.15
-2.502649,-4.95
-2.202649,-4.95
-1.902649,-4.85
-1.602649,-4.85
-1.302649,-4.75
-1.002649,-4.75
-0.7026489,-4.65
-14.60265,1.25
-14.40265,1.25
-14.00265,1.25
-13.70265,1.25
-13.30265,1.25
-12.90265,1.25
-12.30265,1.15
-11.80265,1.05
-11.20265,0.95
-10.60265,0.85
-10.10265,0.65
-9.602649,0.55
-9.202649,0.35
-8.902649,0.15
-8.702649,-5.00E-02
-8.502649,-0.25
-8.402649,-0.55
-8.202649,-0.75
-8.002649,-1.15
-7.802649,-1.35
-7.602649,-1.85
-7.402649,-2.15
-7.302649,-2.65
-7.102649,-2.95
-7.002649,-3.35
-7.002649,-3.75
-6.902649,-4.05
-6.802649,-4.35
-6.802649,-4.55
-6.602649,-4.85
-6.502649,-5.05
-6.402649,-5.25
-6.202649,-5.45
-6.002649,-5.75
-5.902649,-5.95
-5.702649,-6.15
-5.502649,-6.45
-5.402649,-6.65
-5.302649,-6.95
-5.102649,-7.05
-5.002649,-7.35
-4.902649,-7.55
-4.702649,-7.75
-4.602649,-7.85
-4.402649,-7.95
-4.202649,-8.05
-4.102649,-8.05
-3.902649,-8.05
-3.702649,-8.05
-3.502649,-7.95
-3.302649,-7.85
-3.202649,-7.65
-3.002649,-7.55
-2.802649,-7.35
-2.602649,-7.15
-2.402649,-6.95
-2.202649,-6.75
-2.002649,-6.65
-1.702649,-6.55
-1.402649,-6.45
-1.102649,-6.45
-0.802649,-6.35
-0.5026489,-6.35
-0.1026489,-6.25
0.1973511,-6.25
0.4973511,-6.15
0.7973511,-6.05
1.097351,-5.95
-10.20265,0.65
-9.902649,0.85
-9.602649,0.85
-9.302649,0.95
-8.902649,0.85
-8.602649,0.85
-8.202649,0.65
-7.902649,0.55
-7.402649,0.15
-7.002649,-5.00E-02
-6.602649,-0.45
-6.202649,-0.65
-5.802649,-0.95
-5.502649,-1.15
-5.202649,-1.45
-4.902649,-1.65
-4.702649,-1.85
-4.502649,-2.05
-4.202649,-2.25
-4.002649,-2.35
-3.802649,-2.65
-3.702649,-2.85
-3.502649,-3.05
-3.402649,-3.25
-3.302649,-3.45
-3.202649,-3.55
-3.202649,-3.65
-3.202649,-3.75
-3.102649,-3.85
-3.102649,-3.95
-3.002649,-4.15
-3.002649,-4.25
-3.002649,-4.45
-3.002649,-4.65
-3.002649,-4.95
-3.002649,-5.15
-3.002649,-5.45
-3.002649,-5.75
-2.902649,-6.05
-2.902649,-6.35
-2.902649,-6.55
-2.802649,-6.85
-2.702649,-7.15
-2.602649,-7.35
-2.402649,-7.65
-2.302649,-7.75
-2.102649,-8.05
-2.002649,-8.05
-1.802649,-8.25
-1.602649,-8.25
-1.402649,-8.25
-1.202649,-8.150001
-0.9026489,-8.150001
-0.7026489,-8.05
-0.4026489,-8.05
-0.1026489,-7.85
0.2973511,-7.85
0.5973511,-7.75
0.9973511,-7.75
1.297351,-7.55
1.597351,-7.65
1.997351,-7.45
2.297351,-7.35
2.597351,-7.15
2.797351,-7.05
2.997351,-6.75
3.297351,-6.55
3.397351,-6.05
-6.002649,-1.55
-5.802649,-1.55
-5.602649,-1.55
-5.202649,-1.55
-4.802649,-1.65
-4.502649,-1.65
-4.102649,-1.75
-3.702649,-1.75
-3.302649,-1.85
-2.902649,-1.95
-2.502649,-2.15
-2.102649,-2.15
-1.802649,-2.35
-1.502649,-2.35
-1.202649,-2.45
-0.9026489,-2.45
-0.7026489,-2.55
-0.5026489,-2.55
-0.4026489,-2.55
-0.2026489,-2.55
-0.1026489,-2.65
-2.65E-03,-2.65
9.74E-02,-2.75
0.1973511,-2.85
0.2973511,-3.05
0.2973511,-3.05
0.3973511,-3.15
0.3973511,-3.25
0.3973511,-3.25
0.3973511,-3.35
0.3973511,-3.45
0.3973511,-3.55
0.2973511,-3.65
0.2973511,-3.85
0.2973511,-4.05
0.2973511,-4.25
0.1973511,-4.55
9.74E-02,-4.75
9.74E-02,-5.05
9.74E-02,-5.35
-2.65E-03,-5.75
9.74E-02,-6.15
9.74E-02,-6.55
9.74E-02,-6.95
0.1973511,-7.35
0.2973511,-7.75
0.3973511,-8.150001
0.4973511,-8.35
0.6973511,-8.650001
0.8973511,-8.85
1.097351,-8.95
1.397351,-9.05
1.597351,-9.150001
1.897351,-9.05
2.197351,-9.150001
2.497351,-8.95
2.797351,-8.95
3.097351,-8.75
3.297351,-8.55
3.497351,-8.35
3.697351,-8.05
3.797351,-7.65
3.897351,-7.35
3.897351,-6.95
3.997351,-6.55
3.897351,-6.05
3.897351,-5.65
3.897351,-5.15
-2.802649,-3.45
-2.502649,-3.45
-2.202649,-3.45
-1.802649,-3.35
-1.402649,-3.45
-1.102649,-3.35
-0.802649,-3.45
-0.5026489,-3.45
-0.1026489,-3.55
0.1973511,-3.55
0.5973511,-3.75
0.8973511,-3.65
1.297351,-3.65
1.597351,-3.45
1.897351,-3.35
2.197351,-3.25
2.397351,-3.15
2.597351,-3.05
2.797351,-3.15
2.997351,-3.05
3.197351,-3.15
3.497351,-3.15
3.697351,-3.35
3.997351,-3.35
4.197351,-3.55
4.397351,-3.45
4.497351,-3.45
4.597351,-3.45
4.597351,-3.35
4.497351,-3.25
4.497351,-3.25
4.397351,-3.15
4.297351,-3.15
4.097351,-3.25
3.897351,-3.35
3.697351,-3.45
3.497351,-3.65
3.297351,-3.85
3.097351,-4.15
2.897351,-4.55
2.897351,-4.95
2.797351,-5.45
2.697351,-5.95
2.697351,-6.45
2.797351,-6.95
2.797351,-7.45
2.997351,-7.95
2.997351,-8.35
3.197351,-8.85
3.297351,-9.05
3.497351,-9.35
3.597351,-9.45
3.797351,-9.650001
3.897351,-9.55
4.097351,-9.45
4.197351,-9.25
4.297351,-9.05
4.297351,-8.650001
4.297351,-8.35
4.297351,-7.85
4.297351,-7.35
4.097351,-6.75
4.097351,-6.25
3.997351,-5.65
3.897351,-5.25
3.897351,-4.75
3.897351,-4.35
3.997351,-3.95
2.397351,-3.45
2.397351,-3.35
2.297351,-3.25
2.197351,-3.35
2.097351,-3.45
2.097351,-3.65
2.197351,-3.85
2.297351,-4.05
2.597351,-4.25
2.797351,-4.45
3.097351,-4.45
3.497351,-4.45
3.797351,-4.35
4.097351,-4.25
4.397351,-4.25
4.697351,-4.15
5.097351,-4.35
5.497351,-4.45
5.997351,-4.65
6.497351,-4.85
6.997351,-5.05
7.497351,-5.15
7.897351,-5.15
8.197351,-4.95
8.297351,-4.75
8.397351,-4.45
8.297351,-4.05
8.097351,-3.65
7.797351,-3.25
7.597351,-2.95
7.197351,-2.55
6.797351,-2.25
6.297351,-2.05
5.797351,-1.95
5.297351,-1.85
4.897351,-1.95
4.397351,-2.15
3.997351,-2.45
3.597351,-2.95
3.397351,-3.45
3.197351,-4.15
3.097351,-4.75
3.097351,-5.45
3.197351,-6.15
3.297351,-6.85
3.597351,-7.35
3.797351,-7.95
4.097351,-8.25
4.397351,-8.650001
4.697351,-8.85
4.897351,-9.05
5.097351,-9.150001
5.297351,-9.05
5.397351,-8.95
5.497351,-8.75
5.497351,-8.45
5.497351,-8.05
5.497351,-7.65
5.497351,-7.15
5.497351,-6.65
5.497351,-6.15
5.497351,-5.75
5.497351,-5.25
5.697351,-4.85
5.797351,-4.65
5.997351,-4.25
6.197351,-4.05
6.497351,-3.85
5.497351,-2.65
4.997351,-2.45
4.497351,-2.55
4.197351,-2.75
4.097351,-3.05
4.097351,-3.45
4.197351,-3.95
4.397351,-4.25
4.797351,-4.75
5.097351,-4.85
5.597351,-5.15
5.997351,-5.15
6.497351,-5.25
6.797351,-5.25
7.297351,-5.55
7.697351,-5.75
8.297351,-6.15
8.897351,-6.35
9.597351,-6.65
10.19735,-6.75
10.69735,-6.75
10.99735,-6.45
11.19735,-6.15
11.19735,-5.55
11.09735,-4.95
10.89735,-4.15
10.49735,-3.45
10.09735,-2.65
9.697351,-2.05
9.197351,-1.45
8.697351,-0.95
8.197351,-0.55
7.697351,-0.25
7.097351,5.00E-02
6.697351,0.15
6.097351,5.00E-02
5.697351,-0.25
5.197351,-0.65
4.797351,-1.25
4.397351,-2.05
4.097351,-2.95
3.797351,-3.95
3.797351,-5.05
3.897351,-5.95
4.097351,-6.95
4.397351,-7.55
4.797351,-8.150001
5.197351,-8.45
5.597351,-8.650001
5.997351,-8.650001
6.397351,-8.75
6.697351,-8.650001
6.997351,-8.55
7.197351,-8.25
7.397351,-8.05
7.597351,-7.65
7.797351,-7.35
7.897351,-6.85
8.097351,-6.45
8.297351,-6.05
8.497352,-5.75
8.697351,-5.25
8.897351,-5.15
9.197351,-4.85
9.497352,-4.75
9.697351,-4.55
9.997352,-4.45
10.19735,-4.35
5.297351,-1.55
5.097351,-1.85
4.997351,-2.25
4.997351,-2.75
5.197351,-3.35
5.497351,-4.05
5.997351,-4.75
6.597351,-5.35
7.197351,-5.85
7.897351,-6.05
8.497352,-6.35
9.097351,-6.45
9.597351,-6.55
10.09735,-6.65
10.69735,-6.95
11.39735,-7.15
11.89735,-7.35
12.49735,-7.45
12.89735,-7.35
13.09735,-7.15
13.19735,-6.75
13.29735,-6.25
13.29735,-5.55
13.29735,-4.75
13.09735,-3.95
12.89735,-3.05
12.59735,-2.15
12.19735,-1.35
11.79735,-0.65
11.39735,-5.00E-02
10.99735,0.45
10.59735,0.85
10.19735,1.05
9.897351,1.25
9.597351,1.15
9.397351,1.05
9.097351,0.75
8.997352,0.35
8.697351,-0.25
8.497352,-0.85
8.097351,-1.85
7.897351,-2.85
7.597351,-4.05
7.497351,-5.25
7.497351,-6.45
7.497351,-7.35
7.697351,-8.05
7.897351,-8.55
8.197351,-8.75
8.597351,-8.75
8.897351,-8.75
9.197351,-8.55
9.497352,-8.35
9.797351,-8.05
10.09735,-7.85
10.39735,-7.45
10.59735,-7.15
10.89735,-6.75
10.99735,-6.35
11.19735,-6.05
11.29735,-5.75
11.39735,-5.55
11.49735,-5.45
11.69735,-5.35
11.79735,-5.35
11.99735,-5.25
12.19735,-5.15
12.49735,-4.95
5.597351,-1.55
5.597351,-2.25
5.797351,-3.15
6.097351,-3.95
6.697351,-4.95
7.497351,-5.75
8.297351,-6.65
9.097351,-7.15
9.997352,-7.65
10.69735,-7.75
11.59735,-7.95
12.29735,-7.85
12.99735,-7.95
13.59735,-7.85
14.19735,-7.95
14.59735,-7.85
14.99735,-7.75
15.09735,-7.45
15.19735,-7.15
15.19735,-6.65
15.29735,-6.25
15.29735,-5.55
15.29735,-4.85
15.29735,-3.95
15.19735,-3.05
14.89735,-2.15
14.59735,-1.25
14.29735,-0.35
13.89735,0.35
13.39735,0.95
12.99735,1.45
12.49735,1.75
12.19735,1.85
11.79735,1.85
11.69735,1.55
11.69735,1.25
11.89735,0.75
12.09735,0.45
12.39735,-0.15
12.49735,-0.55
12.49735,-1.35
12.29735,-2.15
11.99735,-3.25
11.79735,-4.35
11.49735,-5.55
11.39735,-6.65
11.39735,-7.45
11.39735,-8.05
11.49735,-8.45
11.59735,-8.55
11.79735,-8.650001
11.89735,-8.45
12.09735,-8.35
12.29735,-8.05
12.59735,-7.85
12.79735,-7.45
12.99735,-7.15
13.09735,-6.65
13.09735,-6.25
12.99735,-5.75
12.79735,-5.35
12.59735,-5.15
12.49735,-5.25
12.29735,-5.35
12.39735,-5.85
12.49735,-6.15
13.09735,-6.35
13.89735,-6.35
6.597351,-2.55
6.897351,-3.65
7.297351,-4.95
8.097351,-6.05
8.897351,-7.05
9.797351,-7.95
10.69735,-8.650001
11.59735,-9.05
12.49735,-9.35
13.39735,-9.45
14.29735,-9.45
15.19735,-9.25
15.89735,-9.05
16.39735,-8.85
16.79735,-8.55
17.09735,-8.25
17.39735,-7.95
17.49735,-7.45
17.49735,-6.95
17.49735,-6.35
17.29735,-5.65
17.19735,-4.85
16.89735,-4.05
16.69735,-3.05
16.29735,-2.05
15.89735,-1.15
15.59735,-0.25
15.19735,0.55
14.79735,1.15
14.49735,1.65
14.09735,1.95
13.69735,2.15
13.19735,2.05
12.89735,1.85
12.69735,1.35
12.79735,0.65
13.19735,-5.00E-02
13.79735,-0.65
14.39735,-1.25
14.99735,-1.65
15.39735,-2.25
15.59735,-2.75
15.69735,-3.55
15.69735,-4.35
15.69735,-5.25
15.69735,-5.95
15.59735,-6.65
15.49735,-7.05
15.29735,-7.35
15.19735,-7.55
14.89735,-7.55
14.69735,-7.55
14.59735,-7.35
14.49735,-7.25
14.39735,-6.95
14.39735,-6.55
14.29735,-6.15
14.19735,-5.55
13.99735,-4.95
13.69735,-4.35
13.39735,-4.05
12.99735,-3.95
12.69735,-4.35
12.59735,-5.15
12.79735,-6.15
13.39735,-7.15
14.49735,-7.95
16.09735,-8.45
8.597351,-3.35
8.997352,-5.05
9.697351,-6.75
10.59735,-8.05
11.49735,-9.150001
12.39735,-9.85
13.29735,-10.35
14.09735,-10.55
14.99735,-10.75
15.89735,-10.65
16.79735,-10.55
17.49735,-10.25
18.09735,-10.05
18.59735,-9.75
19.09735,-9.45
19.49735,-8.95
19.79735,-8.55
19.89735,-7.75
19.89735,-6.85
19.49735,-5.85
19.09735,-4.85
18.49735,-3.75
17.99735,-2.65
17.49735,-1.45
16.99735,-0.45
16.49735,0.45
16.09735,1.15
15.79735,1.65
15.59735,2.05
15.39735,2.25
15.19735,2.35
14.99735,2.25
14.69735,2.05
14.39735,1.65
14.09735,0.95
13.99735,5.00E-02
14.09735,-1.05
14.59735,-1.95
15.29735,-2.75
15.99735,-3.15
16.79735,-3.65
17.29735,-3.85
17.79735,-4.25
18.09735,-4.55
18.29735,-5.05
18.39735,-5.45
18.49735,-5.85
18.49735,-6.05
18.29735,-6.15
17.99735,-6.15
17.49735,-6.15
16.89735,-6.15
16.39735,-6.05
15.89735,-5.95
15.59735,-5.75
15.09735,-5.35
14.69735,-4.85
14.19735,-4.25
13.79735,-3.65
13.39735,-3.05
13.19735,-2.95
12.99735,-3.25
12.99735,-4.45
13.29735,-5.85
13.99735,-7.55
15.29735,-9.05
17.09735,-10.35
19.09735,-11.45
11.59735,-3.95
11.99735,-6.15
12.59735,-8.150001
13.39735,-9.75
14.09735,-10.95
14.89735,-11.55
15.69735,-11.85
16.39735,-11.85
17.09735,-11.95
17.99735,-11.85
18.69735,-11.75
19.49735,-11.45
20.19735,-11.15
20.69735,-10.75
21.09735,-10.25
21.39735,-9.650001
21.59735,-8.85
21.69735,-7.65
21.49735,-6.35
21.09735,-4.85
20.29735,-3.25
19.59735,-1.95
18.89735,-0.75
18.19735,0.25
17.49735,1.15
16.89735,1.85
16.29735,2.35
15.79735,2.65
15.49735,2.75
15.19735,2.75
15.09735,2.55
15.09735,2.35
14.99735,2.05
14.89735,1.65
14.69735,0.85
14.49735,-0.15
14.29735,-1.25
14.29735,-2.45
14.59735,-3.35
15.09735,-4.05
15.69735,-4.45
16.19735,-4.55
16.59735,-4.65
16.99735,-4.75
17.09735,-4.95
17.39735,-5.15
17.59735,-5.45
17.79735,-5.55
17.99735,-5.65
17.89735,-5.65
17.59735,-5.55
17.19735,-5.35
16.59735,-5.15
16.09735,-4.95
15.49735,-4.65
14.99735,-4.45
14.39735,-3.95
13.99735,-3.35
13.69735,-2.75
13.49735,-2.35
13.29735,-2.65
13.39735,-3.55
13.69735,-5.35
14.49735,-7.55
15.79735,-9.85
17.69735,-11.95
19.69735,-13.85
21.89735,-15.55
14.59735,-4.25
14.79735,-6.75
15.19735,-9.150001
15.79735,-10.85
16.39735,-12.05
16.99735,-12.55
17.59735,-12.85
18.19735,-12.85
18.99735,-13.05
19.69735,-12.95
20.59735,-12.85
21.29735,-12.45
21.79735,-11.95
21.89735,-11.15
21.89735,-10.45
21.89735,-9.55
22.09735,-8.55
22.39735,-7.05
22.39735,-5.25
21.99735,-3.45
21.29735,-1.65
20.39735,-0.25
19.59735,0.95
18.79735,1.75
18.09735,2.55
17.19735,3.05
16.39735,3.45
15.59735,3.65
14.89735,3.65
14.29735,3.45
13.89735,3.05
13.69735,2.65
13.69735,2.05
13.79735,1.55
13.79735,0.85
13.79735,5.00E-02
13.59735,-0.95
13.59735,-1.95
13.49735,-2.95
13.59735,-3.75
13.79735,-4.25
14.19735,-4.35
14.49735,-4.45
14.79735,-4.35
14.89735,-4.55
14.99735,-4.65
15.19735,-5.05
15.49735,-5.25
15.79735,-5.45
15.89735,-5.45
15.99735,-5.25
15.89735,-4.85
15.79735,-4.45
15.49735,-4.05
15.09735,-3.75
14.59735,-3.45
14.29735,-3.05
13.99735,-2.65
13.89735,-2.35
13.79735,-2.35
13.89735,-3.15
14.19735,-4.75
14.79735,-7.05
15.89735,-9.75
17.59735,-12.55
19.49735,-15.15
21.69735,-17.75
23.99735,-20.15
17.59735,-4.15
17.69735,-6.75
17.79735,-8.95
17.99735,-10.65
18.19735,-11.75
18.39735,-12.35
18.69735,-12.85
19.19735,-13.15
19.79735,-13.55
20.49735,-13.65
21.19735,-13.55
21.69735,-13.05
21.69735,-12.05
21.29735,-10.85
20.79735,-9.75
20.69735,-8.85
21.09735,-7.65
21.69735,-6.15
21.89735,-4.25
21.59735,-2.35
20.89735,-0.55
19.99735,0.95
19.09735,2.05
18.39735,2.75
17.59735,3.35
16.99735,3.75
16.19735,4.05
15.49735,4.25
14.59735,4.25
13.79735,4.15
12.99735,3.75
12.49735,3.15
12.19735,2.25
12.09735,1.35
12.09735,0.45
12.29735,-0.45
12.39735,-1.35
12.59735,-2.15
12.79735,-2.95
13.09735,-3.55
13.39735,-3.85
13.89735,-3.95
14.29735,-4.05
14.79735,-4.05
15.09735,-4.15
15.39735,-4.25
15.59735,-4.55
15.79735,-4.65
15.89735,-4.75
15.89735,-4.65
15.69735,-4.35
15.69735,-3.85
15.39735,-3.45
15.09735,-3.15
14.69735,-2.85
14.39735,-2.75
14.29735,-2.65
14.29735,-2.55
14.29735,-2.65
14.49735,-3.15
14.79735,-4.35
15.39735,-6.25
16.09735,-8.95
17.19735,-11.95
18.69735,-15.15
20.89735,-18.25
23.19735,-21.35
25.69735,-24.25
20.89735,-3.45
20.79735,-6.15
20.49735,-8.05
19.99735,-9.55
19.59735,-10.45
19.29735,-11.25
19.39735,-11.85
19.49735,-12.45
19.69735,-12.95
19.99735,-13.25
20.39735,-13.25
20.49735,-12.65
20.29735,-11.45
19.69735,-10.15
19.19735,-8.85
19.09735,-7.85
19.49735,-6.45
19.79735,-4.95
19.99735,-3.25
19.49735,-1.45
18.69735,0.25
17.59735,1.65
16.59735,2.55
15.79735,3.15
15.19735,3.45
14.69735,3.65
14.09735,3.75
13.49735,3.95
12.89735,4.05
12.19735,4.25
11.59735,4.05
11.09735,3.55
10.79735,2.65
10.59735,1.55
10.59735,5.00E-02
10.79735,-1.25
11.09735,-2.45
11.49735,-3.25
12.19735,-3.95
12.89735,-4.35
13.59735,-4.55
14.29735,-4.55
15.09735,-4.65
15.89735,-4.55
16.59735,-4.55
17.19735,-4.45
17.49735,-4.35
17.69735,-4.05
17.59735,-3.85
17.29735,-3.55
16.99735,-3.25
16.59735,-2.75
16.19735,-2.45
15.69735,-2.05
15.19735,-1.95
14.99735,-1.95
14.99735,-2.25
15.09735,-2.45
15.29735,-3.05
15.49735,-3.85
15.79735,-5.45
16.19735,-7.65
16.69735,-10.65
17.79735,-14.05
19.59735,-17.85
22.09735,-21.65
25.19735,-25.35
28.19735,-28.45
23.79735,-1.15
23.29735,-3.95
22.39735,-5.85
21.49735,-7.45
20.49735,-8.45
19.99735,-9.35
19.59735,-10.15
19.49735,-10.95
19.29735,-11.65
19.29735,-12.15
19.19735,-12.15
19.09735,-11.75
18.49735,-10.55
17.89735,-9.35
17.29735,-7.95
17.19735,-6.75
17.19735,-5.45
17.39735,-4.25
17.19735,-2.95
16.69735,-1.45
15.79735,5.00E-02
14.69735,1.55
13.69735,2.55
12.69735,3.15
11.79735,3.45
10.99735,3.45
10.29735,3.45
9.697351,3.45
9.297351,3.45
8.997352,3.35
8.797351,3.15
8.697351,2.85
8.697351,2.35
8.897351,1.55
9.297351,5.00E-02
9.897351,-1.65
10.29735,-3.45
10.89735,-4.85
11.59735,-5.65
12.49735,-5.95
13.39735,-6.15
14.29735,-6.25
15.29735,-6.35
16.09735,-6.15
16.89735,-5.95
17.59735,-5.45
18.09735,-4.95
18.29735,-4.25
18.29735,-3.65
18.09735,-3.15
17.99735,-2.65
17.79735,-2.25
17.39735,-1.95
16.99735,-1.65
16.49735,-1.65
16.19735,-1.75
15.99735,-2.05
15.99735,-2.45
15.89735,-3.25
15.99735,-4.45
15.99735,-6.35
16.09735,-8.75
16.49735,-11.95
17.49735,-15.75
19.19735,-20.45
21.99735,-25.35
25.59735,-30.15
29.39735,-33.85
25.69735,1.75
24.69735,-0.95
23.39735,-3.25
22.19735,-4.85
21.09735,-6.15
20.29735,-7.05
19.59735,-8.05
19.29735,-9.150001
18.99735,-10.15
18.69735,-10.95
18.39735,-11.25
17.89735,-10.85
17.09735,-9.85
16.19735,-8.45
15.69735,-7.05
15.59735,-5.75
15.69735,-4.85
15.79735,-4.05
15.69735,-3.25
15.29735,-1.95
14.59735,-0.15
13.59735,1.95
12.39735,3.75
11.09735,5.05
9.897351,5.55
8.697351,5.65
7.697351,5.35
7.097351,5.05
6.897351,4.35
6.997351,3.55
7.197351,2.45
7.297351,1.65
7.497351,1.05
7.697351,0.65
8.397351,-0.45
9.397351,-1.95
10.19735,-4.05
10.79735,-5.65
11.39735,-6.65
11.99735,-7.05
12.99735,-7.35
13.99735,-7.65
15.09735,-8.05
15.99735,-7.95
16.99735,-7.65
17.89735,-6.75
18.79735,-5.95
19.39735,-4.85
19.89735,-4.05
20.29735,-3.35
20.59735,-2.65
20.69735,-1.95
20.29735,-1.45
19.59735,-1.15
18.89735,-1.15
18.09735,-1.15
17.59735,-1.35
17.29735,-1.85
16.99735,-2.95
16.79735,-4.45
16.49735,-6.55
16.29735,-9.05
16.29735,-12.35
16.69735,-16.35
17.59735,-21.75
19.69735,-27.65
23.19735,-33.35
27.39735,-37.75
27.29735,4.65
25.99735,2.05
24.59735,-0.35
23.39735,-2.35
22.39735,-3.85
21.49735,-4.95
20.79735,-6.05
20.09735,-6.95
19.39735,-8.05
18.69735,-9.05
17.89735,-9.650001
17.09735,-9.75
16.19735,-8.95
15.49735,-7.65
15.19735,-6.15
15.29735,-4.85
15.69735,-4.35
16.09735,-3.95
16.29735,-2.95
15.89735,-0.95
14.89735,2.05
13.49735,5.05
11.89735,7.55
10.59735,9.150001
9.497352,9.650001
8.797351,9.45
8.197351,8.85
7.897351,7.85
7.997351,6.45
8.497352,4.65
8.797351,2.45
8.897351,0.55
8.497352,-0.55
8.397351,-1.05
8.997352,-1.65
10.09735,-2.75
11.09735,-4.35
11.69735,-5.85
11.99735,-6.85
12.49735,-7.45
13.59735,-8.35
15.09735,-9.25
16.79735,-9.85
18.49735,-9.85
19.99735,-9.25
21.59735,-8.25
22.99735,-7.25
24.19735,-6.15
25.29735,-5.15
26.19735,-4.05
26.79735,-2.95
26.89735,-1.85
26.49735,-0.85
25.59735,5.00E-02
24.39735,0.65
22.99735,0.95
21.69735,0.65
20.49735,-5.00E-02
19.49735,-1.35
18.59735,-3.15
17.69735,-5.55
16.89735,-8.150001
16.29735,-11.25
15.89735,-15.25
15.59735,-20.85
16.49735,-27.55
19.19735,-34.05
23.29735,-39.15
29.59735,8.150001
27.79735,5.75
26.09735,3.35
24.79735,1.35
23.69735,-0.45
22.89735,-1.85
22.19735,-3.05
21.39735,-4.15
20.39735,-5.25
19.19735,-6.35
17.99735,-7.25
16.79735,-7.75
15.99735,-7.65
15.49735,-6.75
15.59735,-5.55
15.79735,-4.45
16.59735,-3.95
17.29735,-3.15
17.39735,-1.25
16.59735,1.85
14.79735,5.55
12.59735,8.85
10.89735,11.05
9.897351,12.25
9.897351,12.25
10.19735,11.75
10.39735,10.45
10.59735,8.95
10.79735,7.05
11.19735,4.85
11.49735,2.15
11.39735,-0.15
10.69735,-1.75
10.29735,-2.55
10.59735,-3.05
11.39735,-3.65
12.39735,-4.95
13.09735,-6.05
13.59735,-7.35
14.49735,-8.55
16.39735,-10.15
18.89735,-11.55
21.39735,-12.25
23.69735,-12.05
25.79735,-11.25
27.59735,-10.15
29.29735,-9.05
30.99735,-7.85
32.59735,-6.65
33.99735,-4.95
34.79735,-3.25
34.89735,-1.45
34.59735,0.25
33.59735,1.95
32.09735,3.25
30.09735,4.15
27.89735,4.15
25.59735,3.35
23.49735,1.65
21.49735,-0.45
19.49735,-3.15
17.79735,-5.95
16.49735,-9.05
15.29735,-12.65
13.99735,-18.25
13.49735,-25.45
14.99735,-33.45
18.39735,-39.85
33.79735,11.95
31.29735,10.25
28.69735,8.35
26.39735,6.35
24.39735,4.35
22.79735,2.35
21.49735,0.65
20.69735,-0.95
19.69735,-2.45
18.69735,-3.75
17.49735,-4.95
16.49735,-6.05
15.99735,-6.45
15.79735,-6.25
15.99735,-5.65
16.69735,-4.85
17.59735,-4.05
18.49735,-2.35
18.29735,0.55
16.99735,4.25
14.79735,7.65
12.59735,10.25
11.19735,11.65
10.79735,12.35
11.49735,12.15
12.49735,11.45
13.19735,10.15
13.59735,8.85
13.69735,7.15
13.79735,5.25
13.59735,2.65
13.29735,0.15
12.69735,-1.95
12.29735,-3.15
12.59735,-3.95
13.29735,-4.85
14.59735,-6.15
15.99735,-7.75
17.59735,-9.55
19.69735,-11.45
22.39735,-13.25
25.29735,-14.55
27.79735,-14.85
30.19735,-14.25
32.09735,-13.15
33.99735,-11.95
36.09735,-10.95
38.39735,-9.85
40.59735,-8.35
42.59735,-6.55
44.09735,-4.35
45.09735,-1.65
44.99735,1.35
44.09735,4.55
41.59735,6.95
38.19735,8.150001
34.59735,7.95
31.59735,7.25
28.79735,5.85
25.89735,3.95
22.79735,1.05
19.89735,-2.05
17.49735,-5.45
15.59735,-9.150001
13.59735,-14.35
11.59735,-21.55
10.89735,-30.45
12.29735,-38.75
38.39735,16.05
35.49735,14.85
32.29735,13.55
29.19735,11.95
26.19735,9.85
23.49735,7.35
21.19735,4.75
19.39735,2.15
18.19735,-5.00E-02
17.29735,-1.75
16.39735,-3.25
15.69735,-4.65
15.59735,-5.55
15.69735,-5.95
16.39735,-5.95
17.49735,-5.35
18.89735,-3.95
19.69735,-1.35
19.29735,2.05
17.79735,5.35
16.19735,7.55
14.89735,9.05
14.19735,9.95
13.89735,10.55
14.29735,10.55
15.09735,10.25
15.89735,9.650001
16.29735,9.05
16.19735,7.95
15.89735,6.45
15.39735,4.05
14.99735,1.25
14.79735,-1.35
14.89735,-3.25
15.29735,-4.85
16.49735,-6.55
18.49735,-8.650001
20.99735,-10.95
23.79735,-13.25
26.69735,-14.95
29.09735,-16.25
31.29735,-16.95
33.49735,-16.85
36.09735,-15.95
38.69735,-15.35
41.39735,-14.85
44.39735,-14.05
47.69735,-12.45
50.79735,-10.35
53.19735,-7.75
54.99735,-4.95
56.49735,-1.05
57.39735,3.85
56.29735,9.25
51.89735,12.45
46.09735,13.05
41.39735,11.75
37.89735,10.55
34.69735,9.75
30.79735,8.75
26.49735,6.35
22.29735,3.15
18.79735,-0.65
16.09735,-4.55
13.79735,-9.55
11.09735,-16.25
8.197351,-25.45
6.797351,-35.25
43.19735,20.55
39.59735,19.65
35.59735,18.15
31.79735,16.35
28.49735,14.15
25.59735,11.85
22.79735,9.150001
20.39735,6.15
18.49735,2.95
16.99735,0.15
15.89735,-2.15
15.49735,-3.95
15.59735,-5.35
15.89735,-6.35
16.99735,-6.55
18.79735,-5.65
20.29735,-3.35
20.79735,-0.35
20.39735,2.25
20.09735,4.25
20.39735,5.75
20.39735,7.05
19.69735,8.150001
18.79735,9.05
18.19735,9.45
18.19735,9.55
18.29735,9.45
18.29735,9.150001
18.09735,8.25
17.89735,6.85
17.59735,4.45
17.49735,1.55
17.99735,-1.55
18.89735,-4.15
19.79735,-6.75
21.49735,-9.35
24.19735,-12.25
27.39735,-14.75
30.19735,-16.35
32.39735,-17.15
33.99735,-17.95
36.09735,-18.55
39.79735,-18.75
43.79735,-18.45
46.69735,-18.65
49.49735,-18.45
53.59735,-17.25
57.89735,-14.65
59.69735,-11.15
59.99735,-7.55
61.09735,-3.85
63.49735,0.65
64.69735,6.05
62.79735,11.45
57.39735,15.25
51.89735,17.05
48.19735,17.05
45.49735,16.35
42.09735,15.65
37.69735,14.85
32.09735,12.75
26.39735,9.35
21.09735,5.05
16.69735,0.65
13.69735,-4.25
11.19735,-10.25
7.997351,-18.75
4.497351,-28.95
48.39735,23.25
44.29735,23.85
39.49735,22.75
34.59735,20.55
30.39735,17.65
26.99735,14.75
24.19735,12.05
21.59735,9.55
19.29735,6.25
17.59735,2.75
16.89735,-0.45
16.79735,-2.95
16.79735,-5.15
17.29735,-6.75
18.89735,-7.15
20.79735,-5.55
21.69735,-3.05
21.79735,-0.65
22.79735,0.85
24.79735,2.65
26.69735,5.05
26.79735,7.65
25.49735,9.150001
23.79735,9.75
22.39735,9.75
21.39735,9.45
20.79735,8.85
20.39735,8.25
20.29735,7.15
20.29735,5.75
20.39735,3.25
21.09735,0.25
22.49735,-3.05
23.99735,-6.05
25.49735,-9.150001
27.59735,-12.25
30.19735,-15.15
32.99735,-17.25
35.69735,-18.25
37.79735,-18.75
39.69735,-19.75
43.29735,-20.85
48.99735,-21.55
53.19735,-21.65
54.49735,-21.05
55.69735,-19.65
59.19735,-17.45
62.09735,-14.35
61.59735,-10.65
60.19735,-6.65
60.79735,-2.75
62.49735,1.05
62.79735,4.55
60.89735,8.35
57.69735,12.95
54.49735,17.55
52.09735,20.55
49.79735,22.15
47.09735,22.55
43.39735,22.65
38.29735,21.15
32.19735,17.75
25.59735,12.55
19.19735,6.85
14.09735,1.25
10.59735,-4.45
7.897351,-11.75
4.497351,-21.05
48.99735,20.45
46.99735,23.25
43.29735,24.65
38.69735,24.35
33.59735,21.75
29.19735,17.95
25.79735,14.15
22.89735,10.95
20.39735,7.85
18.89735,4.35
18.79735,0.65
19.49735,-2.35
20.09735,-4.85
20.89735,-6.75
22.39735,-6.55
23.39735,-4.85
23.29735,-3.35
24.29735,-2.85
27.99735,-1.25
31.69735,2.45
32.79735,6.95
31.89735,10.25
30.39735,11.35
28.79735,11.65
26.99735,11.15
25.09735,10.05
23.89735,8.35
23.59735,6.75
23.69735,5.15
23.89735,3.25
24.39735,0.55
25.69735,-2.45
27.49735,-5.55
29.49735,-8.55
31.29735,-11.35
32.99735,-13.65
34.59735,-16.05
36.99735,-18.65
41.19735,-21.05
45.59735,-22.65
48.99735,-23.35
52.69735,-23.45
56.59735,-23.25
58.09735,-22.75
56.89735,-20.95
56.29735,-17.85
57.29735,-14.65
57.49735,-11.85
55.99735,-8.85
54.79735,-5.45
54.89735,-1.95
55.19735,1.35
54.89735,4.25
54.19735,7.45
53.39735,11.35
52.09735,15.75
50.39735,19.45
48.69735,22.45
46.89735,24.65
44.39735,26.45
40.19735,26.95
35.39735,25.65
29.89735,21.65
23.99735,15.85
17.39735,8.85
11.59735,1.65
7.597351,-5.65
4.597351,-13.85
45.09735,14.65
45.49735,18.65
44.59735,21.95
42.09735,24.55
37.69735,24.65
32.89735,22.15
28.99735,17.55
26.09735,13.25
23.79735,9.55
22.29735,5.75
22.29735,1.35
23.19735,-2.45
24.19735,-5.05
25.39735,-6.25
26.09735,-5.95
25.89735,-5.05
26.29735,-5.45
29.39735,-5.45
34.29735,-1.95
36.69735,4.35
35.69735,9.55
34.49735,12.45
34.09735,13.55
33.29735,14.25
31.39735,13.75
29.29735,12.05
27.89735,9.05
27.59735,6.15
27.79735,3.35
28.19735,0.75
29.19735,-2.35
30.79735,-5.15
32.59735,-8.25
34.69735,-11.05
37.19735,-13.25
38.99735,-14.95
40.29735,-17.75
43.89735,-21.25
50.19735,-23.95
55.69735,-25.05
58.09735,-24.75
59.29735,-23.35
59.29735,-21.55
57.09735,-19.55
54.19735,-16.35
52.59735,-12.85
51.89735,-9.95
50.29735,-7.15
48.59735,-4.35
47.69735,-1.35
47.29735,1.65
46.69735,4.55
46.19735,7.25
45.89735,10.25
45.99735,13.05
45.89735,16.25
45.69735,19.45
45.29735,22.55
44.69735,25.05
43.19735,27.15
40.09735,28.45
36.09735,29.05
31.79735,27.95
27.09735,24.75
21.09735,18.25
14.59735,9.85
8.897351,0.95
4.697351,-7.65
40.09735,9.85
41.69735,13.75
42.99735,17.25
43.59735,20.75
41.49735,23.25
37.59735,23.35
33.39735,20.15
30.39735,15.65
28.59735,11.55
27.39735,7.45
26.69735,2.75
26.69735,-2.15
27.49735,-5.25
28.29735,-6.35
28.19735,-6.65
28.59735,-7.95
31.39735,-8.75
35.59735,-6.65
38.09735,-0.75
37.39735,5.65
35.49735,9.75
34.99735,12.25
35.39735,14.05
35.29735,15.25
34.19735,14.95
32.79735,13.05
32.09735,9.45
32.29735,5.55
32.99735,1.85
34.09735,-1.55
35.49735,-4.55
36.89735,-7.05
37.99735,-9.95
40.29735,-13.25
44.39735,-16.55
48.49735,-19.55
52.19735,-22.25
57.39735,-23.65
61.49735,-22.55
61.79735,-20.65
59.19735,-19.05
57.49735,-16.95
54.99735,-14.55
50.89735,-12.05
47.59735,-9.150001
45.89735,-6.45
44.29735,-4.65
42.69735,-2.65
41.29735,-0.25
40.09735,2.25
38.99735,4.45
38.29735,6.55
37.89735,8.75
37.49735,11.15
37.49735,13.75
37.79735,16.75
38.09735,20.05
38.59735,23.45
39.19735,26.35
39.49735,28.85
38.59735,30.15
36.69735,30.75
33.29735,30.75
28.69735,29.85
22.89735,25.85
16.79735,18.75
11.09735,8.95
6.397351,-1.25
34.99735,6.95
37.39735,10.15
40.49735,13.15
43.39735,16.75
43.99735,20.15
42.09735,21.95
38.39735,20.55
35.09735,16.75
33.09735,12.25
31.69735,8.45
30.09735,4.35
28.69735,-0.25
28.49735,-3.95
28.69735,-6.15
29.09735,-8.650001
31.09735,-11.45
35.69735,-11.45
38.99735,-7.15
38.39735,-1.05
35.99735,4.05
34.69735,7.55
34.49735,10.45
34.99735,12.05
35.79735,12.65
36.19735,11.75
36.29735,9.75
37.19735,6.35
38.79735,2.85
40.69735,-0.45
42.89735,-3.25
44.89735,-5.45
46.19735,-7.35
46.89735,-10.45
49.09735,-14.95
54.69735,-20.45
60.89735,-24.25
65.39735,-24.85
68.39735,-22.45
66.89735,-18.45
61.09735,-14.25
54.99735,-10.75
51.89735,-7.75
49.29735,-5.85
45.39735,-4.05
41.89735,-2.55
39.19735,-1.45
36.59735,-0.95
34.59735,-0.15
33.59735,1.55
31.99735,3.75
30.49735,5.35
29.89735,6.55
29.99735,8.05
30.19735,9.95
30.79735,12.25
31.29735,15.15
31.59735,18.45
31.89735,22.25
32.49735,26.05
33.29735,29.75
34.49735,32.25
35.49735,33.65
34.49735,33.75
30.69735,33.25
24.29735,30.75
17.59735,25.45
12.39735,16.15
8.297351,5.35
29.59735,5.95
32.69735,8.05
36.89735,10.75
41.19735,14.45
43.49735,17.85
44.09735,20.15
42.89735,19.95
40.69735,17.85
38.39735,14.15
36.49735,10.45
34.19735,7.05
31.79735,3.25
29.99735,-1.25
29.59735,-6.05
31.09735,-10.25
34.59735,-12.15
37.99735,-10.05
38.89735,-5.65
37.09735,-1.65
35.29735,1.65
34.39735,4.85
33.99735,7.65
34.59735,8.55
36.39735,7.95
38.19735,5.65
40.29735,2.05
44.09735,-1.25
48.19735,-3.15
51.69735,-4.65
54.79735,-5.85
57.09735,-7.65
58.79735,-10.15
59.79735,-13.75
61.39735,-17.25
64.29736,-19.45
66.69735,-19.35
65.79736,-16.75
62.99735,-13.95
59.09735,-11.25
54.19735,-8.05
48.79735,-3.95
44.59735,-0.95
40.49735,0.25
36.69735,0.85
33.49735,1.55
30.99735,2.05
29.09735,2.75
27.49735,3.35
25.89735,4.05
23.89735,4.95
21.89735,5.75
20.59735,6.35
20.49735,7.15
21.39735,8.55
22.99735,10.65
24.49735,13.35
25.59735,16.55
26.29735,20.15
26.69735,23.85
27.19735,27.65
28.49735,31.25
30.69735,34.35
32.39735,35.85
31.69735,35.65
26.69735,32.95
19.69735,27.95
13.69735,19.75
10.09735,9.650001
25.09735,6.05
27.89735,7.85
32.39735,10.05
36.79735,13.45
39.59735,16.65
41.79735,18.95
43.79735,19.55
44.19735,19.25
42.49735,17.55
40.19735,14.45
37.59735,10.75
34.89735,6.35
32.29735,0.25
31.09735,-7.05
33.19735,-11.95
36.79735,-11.45
37.99735,-7.15
36.89735,-3.75
35.99735,-1.95
35.99735,5.00E-02
35.49735,2.25
35.09735,4.15
35.69735,5.05
37.09735,4.55
39.09735,0.65
42.69735,-5.15
49.69735,-9.45
56.29735,-10.35
60.39735,-10.35
63.39735,-10.85
65.09735,-12.75
65.89735,-15.65
66.69735,-17.85
66.99735,-17.35
65.69735,-13.85
62.49735,-9.75
58.09735,-6.95
55.39735,-5.95
56.39735,-4.25
56.19735,-1.25
53.19735,3.25
48.69735,7.35
42.09735,9.25
34.39735,8.85
26.59735,6.55
20.79735,4.35
17.69735,3.45
16.29735,2.85
15.99735,2.45
15.39735,3.05
13.79735,3.85
12.19735,4.75
11.49735,5.75
11.89735,7.25
13.59735,9.25
15.59735,11.75
17.69735,14.65
19.39735,17.95
20.69735,21.05
21.69735,24.25
23.09735,27.85
25.09735,31.95
27.79735,35.15
29.99735,36.75
28.69735,34.55
23.79735,29.05
17.49735,20.65
13.29735,11.55
22.49735,4.05
24.79735,6.65
28.29735,9.25
31.99735,12.05
34.29735,14.75
36.39735,17.15
39.39735,18.25
41.79735,18.75
41.69735,18.25
39.79735,16.25
37.19735,12.35
34.69735,7.75
31.99735,1.75
30.09735,-5.65
31.59735,-10.85
35.39735,-10.75
37.29735,-7.55
37.69735,-5.45
38.59735,-4.35
39.89735,-2.55
39.59735,-0.85
38.89735,0.45
39.19735,1.35
39.89735,1.65
39.99735,-1.45
42.09735,-7.45
48.49735,-13.25
55.79735,-16.05
60.39735,-16.85
63.19735,-17.65
64.19735,-18.75
64.29736,-19.75
64.59735,-19.25
64.49735,-16.85
62.59735,-13.35
59.69735,-10.25
58.09735,-8.25
59.09735,-6.55
62.19735,-2.85
62.89735,2.65
60.39735,9.650001
56.49735,16.85
51.19735,22.75
43.79735,25.25
33.59735,22.05
22.99735,15.45
13.39735,8.45
6.097351,2.95
2.597351,-0.45
1.597351,-2.15
1.797351,-2.15
2.597351,-1.25
3.497351,0.55
4.497351,2.95
5.897351,5.45
7.497351,8.150001
9.497352,11.15
11.69735,14.45
13.89735,17.65
16.49735,20.55
18.89735,23.55
20.99735,27.35
23.19735,31.35
26.09735,34.75
28.39735,35.15
27.99735,31.05
24.09735,22.05
19.99735,12.05
20.89735,0.15
23.19735,3.45
25.89735,6.65
28.49735,9.650001
30.49735,12.05
32.29735,14.35
34.79735,15.75
37.29735,16.35
38.49735,16.15
37.89735,15.05
35.79735,11.65
33.69735,7.15
31.39735,2.65
29.29735,-2.75
30.49735,-7.85
35.49735,-10.25
40.39735,-10.15
43.49735,-9.25
45.59735,-7.55
46.79735,-5.25
46.39735,-3.45
45.19735,-2.25
44.69735,-1.65
44.79735,-1.15
43.79735,-2.25
42.89735,-6.25
44.99735,-12.05
49.69735,-16.95
54.69735,-20.25
57.79735,-22.25
58.69735,-23.05
59.39735,-22.85
60.09735,-21.75
60.19735,-20.45
59.69735,-19.45
58.69735,-17.65
57.19735,-14.35
55.59735,-10.35
55.39735,-5.45
54.69735,0.85
52.49735,8.45
49.59735,17.15
46.79735,26.35
42.79735,34.05
36.69735,35.85
28.89735,31.15
18.59735,21.45
8.397351,11.65
-0.1026489,4.65
-6.902649,-1.05
-10.20265,-4.65
-10.20265,-6.85
-7.502649,-6.55
-3.802649,-4.25
-0.3026489,-1.15
2.097351,2.45
3.697351,5.85
5.497351,9.650001
8.297351,13.35
11.69735,16.55
15.19735,19.25
17.79735,22.85
19.79735,26.75
22.39735,30.65
25.99735,33.25
29.09735,32.55
29.69735,24.55
28.29735,13.35
19.29735,-3.75
21.69735,-0.55
24.09735,2.95
26.39735,6.35
28.19735,9.150001
30.19735,11.65
32.19735,13.25
33.99735,13.75
35.39735,13.05
35.79735,12.05
34.79735,9.35
34.09735,4.95
34.09735,0.45
34.39735,-3.85
37.09735,-8.650001
42.69735,-12.55
48.49735,-13.75
51.99735,-12.75
53.29735,-10.25
53.29735,-7.45
52.19735,-5.35
51.19735,-3.95
50.49735,-3.35
49.99735,-3.15
48.89735,-3.95
47.59735,-6.05
46.89735,-9.85
47.89735,-14.15
50.79735,-18.15
53.39735,-21.35
54.29735,-23.15
54.99735,-23.95
55.39735,-24.35
54.89735,-24.75
54.09735,-24.35
52.89735,-22.15
49.19735,-18.05
44.69735,-13.45
44.49735,-8.25
47.39735,-2.15
47.99735,4.75
45.89735,12.45
42.19735,22.05
37.59735,32.65
32.39735,39.75
26.59735,40.55
20.19735,33.45
14.59735,23.75
8.597351,15.75
0.5973511,9.650001
-8.202649,3.45
-14.70265,-3.55
-16.50265,-9.05
-13.90265,-11.25
-8.102649,-9.35
-2.502649,-5.25
0.5973511,-0.65
2.497351,3.75
5.097351,8.25
8.897351,11.95
12.49735,14.85
15.19735,18.55
17.09735,22.85
19.49735,26.35
22.69735,28.55
26.09735,29.95
29.69735,26.35
32.99735,17.45
17.29735,-7.25
19.49735,-4.25
22.09735,-0.75
24.39735,2.95
26.09735,6.05
27.89735,8.85
30.19735,10.75
31.79735,11.25
32.99735,9.75
33.99735,8.05
34.19735,5.35
35.19735,1.25
38.09735,-3.95
41.59735,-8.650001
45.29735,-13.05
50.19735,-16.15
54.09735,-16.55
55.99735,-15.05
56.09735,-12.55
54.99735,-9.95
53.59735,-7.95
52.39735,-6.45
51.69735,-5.95
50.89735,-6.15
50.09735,-7.05
49.29735,-8.25
48.29735,-10.35
47.49735,-12.65
47.49735,-15.45
48.09735,-18.35
47.79735,-20.15
47.39735,-21.35
46.29735,-21.75
44.29735,-21.35
42.59735,-18.95
40.99735,-15.45
37.49735,-11.65
34.29735,-8.55
37.19735,-5.15
43.09735,-0.35
44.19735,5.85
41.79735,12.05
38.59735,19.55
34.09735,29.35
28.39735,39.05
22.19735,44.55
16.39735,41.25
13.19735,33.05
11.69735,25.05
7.497351,19.35
-1.802649,13.25
-11.60265,4.25
-18.20265,-6.25
-19.80265,-14.65
-14.90265,-16.75
-7.402649,-13.25
-1.802649,-7.35
1.297351,-2.05
3.797351,2.85
7.297351,7.45
10.89735,10.75
13.19735,14.45
14.59735,19.15
16.59735,22.95
19.79735,23.75
22.79735,24.55
26.09735,24.55
31.09735,21.05
15.09735,-10.05
16.59735,-7.75
19.39735,-4.35
22.19735,-0.65
23.59735,2.65
24.99735,5.25
27.39735,7.05
29.89735,7.65
31.79735,5.85
33.69735,3.35
34.89735,0.85
36.39735,-3.05
39.99735,-9.05
44.59735,-14.15
47.79735,-16.95
50.39735,-17.95
52.19735,-17.25
52.79735,-15.95
51.99735,-14.85
50.69735,-13.75
49.29735,-12.65
48.09735,-11.35
47.29735,-10.75
46.99735,-10.45
46.89735,-10.15
46.99735,-9.75
46.49735,-9.650001
45.29735,-9.55
43.69735,-9.95
42.29735,-10.85
40.49735,-11.25
38.59735,-11.25
36.79735,-10.55
35.69735,-9.35
35.99735,-6.95
36.69735,-3.95
35.29735,-1.55
33.09735,-0.45
34.59735,5.00E-02
37.39735,2.15
36.99735,7.55
35.39735,14.05
33.89735,21.25
30.19735,29.15
24.59735,38.15
18.99735,45.85
13.39735,46.35
9.897351,40.95
9.897351,34.55
8.097351,30.05
-2.65E-03,22.55
-9.502649,10.75
-16.40265,-2.45
-18.90265,-14.45
-15.90265,-21.25
-9.502649,-20.65
-2.502649,-13.65
2.097351,-7.05
4.197351,-1.75
6.297351,3.75
9.097351,7.95
11.49735,11.25
12.49735,15.45
13.59735,19.65
16.79735,20.45
20.39735,19.15
22.49735,18.45
25.59735,17.85
12.99735,-12.35
13.69735,-10.65
16.19735,-7.75
19.19735,-3.95
20.79735,-0.75
21.69735,1.65
23.99735,3.15
26.99735,3.95
30.19735,1.75
33.39735,-1.65
35.49735,-4.35
36.49735,-7.35
38.89735,-12.25
42.89735,-15.65
45.59735,-16.15
46.39735,-15.65
46.69735,-14.95
46.09735,-14.95
44.29735,-15.45
42.69735,-15.85
42.09735,-15.75
41.79735,-15.05
41.79735,-14.35
42.19735,-13.25
42.79735,-11.65
43.19735,-9.650001
43.19735,-7.35
42.59735,-5.25
41.39735,-3.05
40.29735,-1.75
39.09735,-1.05
37.39735,-0.65
35.69735,-0.25
34.49735,-0.25
34.69735,-0.15
34.99735,0.25
33.69735,1.95
32.09735,4.15
31.39735,5.45
31.49735,5.65
31.99735,8.35
33.19735,15.65
31.79735,24.65
26.69735,31.65
20.49735,38.55
15.29735,46.05
11.09735,48.55
8.497352,45.35
8.797351,42.15
7.097351,40.25
0.1973511,31.85
-7.902649,16.75
-13.10265,0.75
-14.40265,-13.35
-12.40265,-23.55
-8.002649,-26.05
-1.202649,-19.05
4.197351,-11.35
5.497351,-5.55
5.397351,0.75
6.697351,5.85
9.197351,9.150001
10.69735,12.15
11.19735,15.65
13.69735,17.05
17.69735,15.35
19.99735,12.45
21.29735,11.05
10.99735,-13.55
11.59735,-12.85
13.39735,-10.45
16.19735,-6.95
17.79735,-3.55
18.39735,-1.55
20.29735,-0.65
23.19735,0.25
26.59735,-1.25
30.79735,-5.45
34.09735,-9.45
35.39735,-11.85
36.19735,-13.55
38.69735,-13.85
41.39735,-12.25
41.89735,-11.25
40.79735,-10.95
39.19735,-10.75
36.59735,-10.75
34.29735,-10.95
33.39735,-11.65
33.29735,-12.55
33.89735,-12.95
34.89735,-12.45
35.19735,-10.85
34.69735,-8.85
34.09735,-6.95
33.49735,-4.95
32.69735,-2.75
32.29735,-0.95
32.39735,0.25
32.19735,1.15
31.19735,2.05
29.69735,2.85
27.69735,2.55
25.29735,0.95
24.19735,1.15
24.49735,3.85
24.39735,6.75
24.79735,7.35
27.99735,8.25
32.29735,15.25
29.59735,24.35
22.59735,29.95
16.09735,35.45
11.79735,42.05
10.39735,44.95
10.19735,43.45
10.09735,41.95
7.497351,41.45
2.697351,34.35
-1.502649,19.15
-4.202649,2.45
-5.202649,-11.65
-4.702649,-23.15
-2.102649,-27.65
3.297351,-21.75
7.297351,-14.05
6.397351,-7.85
4.397351,-1.15
4.697351,3.95
6.797351,7.05
8.797351,9.25
10.09735,11.85
12.39735,12.65
15.99735,11.15
19.09735,8.05
20.59735,5.55
8.797351,-13.75
10.09735,-14.05
11.79735,-12.65
14.29735,-9.35
15.59735,-5.85
15.79735,-3.85
17.49735,-3.85
19.99735,-3.35
22.49735,-3.55
26.09735,-6.85
30.39735,-12.15
33.09735,-14.85
33.29735,-14.75
33.79735,-13.55
35.79735,-11.95
36.79735,-10.45
35.89735,-8.95
34.59735,-6.85
32.69735,-4.15
30.59735,-2.55
28.69735,-3.25
26.89735,-5.45
25.69735,-7.45
25.19735,-8.650001
24.89735,-8.45
24.19735,-7.75
23.49735,-6.75
22.79735,-5.75
22.19735,-4.35
21.99735,-2.75
22.79735,-1.25
23.59735,0.35
23.89735,2.15
23.39735,4.35
21.89735,5.45
19.59735,4.75
18.79735,3.25
19.29735,3.05
19.19735,4.75
19.19735,5.85
23.69735,6.85
28.49735,14.05
24.59735,22.65
16.99735,26.85
12.99735,30.65
12.89735,36.15
14.39735,40.25
15.29735,41.15
14.09735,40.15
11.09735,39.05
9.397351,32.35
9.297351,18.65
8.197351,3.65
6.197351,-9.05
4.697351,-19.85
5.497351,-24.95
8.397351,-20.75
9.397351,-14.25
6.597351,-8.150001
3.997351,-2.15
4.197351,1.95
5.497351,4.55
7.097351,6.65
9.497352,8.55
12.69735,8.05
16.19735,5.95
20.19735,3.15
22.99735,1.05
7.097351,-13.25
9.297351,-14.35
11.89735,-13.75
14.69735,-10.85
15.39735,-7.25
15.19735,-5.35
16.79735,-5.95
19.19735,-6.05
20.19735,-5.35
21.79735,-7.05
25.59735,-12.15
29.29735,-15.65
30.09735,-15.95
29.39735,-15.25
29.49735,-14.35
30.09735,-12.45
29.69735,-9.25
28.39735,-5.55
26.59735,-2.15
24.89735,0.25
23.59735,0.65
22.19735,-5.00E-02
20.19735,-1.45
18.19735,-2.85
16.19735,-3.85
14.59735,-4.35
13.69735,-4.45
13.49735,-4.35
13.49735,-3.45
13.79735,-1.95
14.69735,-0.25
15.69735,1.25
16.29735,2.35
16.79735,3.55
16.29735,4.85
15.69735,6.45
15.59735,5.95
16.29735,4.75
16.69735,4.05
16.79735,5.05
20.19735,6.15
22.79735,12.15
17.89735,19.25
12.79735,22.45
15.39735,26.05
19.99735,32.35
20.99735,37.95
20.49735,39.55
18.69735,37.05
16.49735,34.25
17.99735,28.55
20.99735,18.65
20.89735,6.85
18.69735,-4.45
15.89735,-14.45
14.19735,-19.25
13.09735,-16.95
10.39735,-12.25
6.497351,-6.45
3.997351,-1.05
3.597351,1.65
3.897351,3.05
5.697351,4.45
9.797351,5.25
14.39735,3.25
18.99735,-0.35
24.39735,-3.35
28.89735,-4.45
6.697351,-13.25
10.19735,-14.55
13.69735,-14.15
16.29735,-11.55
16.59735,-8.650001
16.29735,-7.25
18.09735,-7.85
20.49735,-7.85
20.59735,-6.95
20.29735,-7.25
21.99735,-10.95
24.79735,-14.85
26.39735,-16.35
25.89735,-16.15
23.89735,-15.45
21.79735,-13.75
20.29735,-9.95
18.49735,-5.85
16.59735,-2.95
15.49735,-1.15
15.39735,-0.55
15.19735,-0.15
14.19735,0.25
12.59735,0.45
10.29735,5.00E-02
7.897351,-0.45
6.297351,-1.05
5.597351,-1.55
5.697351,-1.65
6.097351,-1.15
6.897351,-0.15
7.297351,1.15
7.797351,1.25
8.897351,1.05
9.797351,1.85
10.29735,4.05
11.19735,4.85
13.19735,3.85
15.09735,2.85
15.39735,5.45
17.89735,6.65
20.39735,8.650001
18.09735,11.75
17.69735,14.35
23.49735,20.05
27.19735,28.05
25.89735,33.85
25.09735,35.55
24.49735,32.75
23.19735,29.15
25.09735,24.55
28.39735,17.95
28.89735,9.35
26.89735,-0.45
22.79735,-8.650001
18.29735,-12.15
13.79735,-10.45
9.097351,-6.25
5.597351,-1.15
3.797351,2.65
3.497351,3.35
3.997351,2.95
6.797351,2.35
11.89735,1.25
17.39735,-2.05
22.99735,-7.05
29.79735,-10.35
34.69735,-10.75
9.897351,-13.35
14.59735,-14.05
17.19735,-13.45
18.09735,-11.85
18.19735,-10.65
18.69735,-10.05
21.09735,-9.650001
23.49735,-8.650001
23.69735,-7.35
23.09735,-6.95
22.89735,-8.55
22.89735,-11.75
22.69735,-14.35
22.09735,-15.25
20.49735,-14.45
17.99735,-12.35
16.09735,-8.45
15.09735,-4.55
14.49735,-2.15
13.99735,-0.95
13.19735,-0.45
11.89735,-0.25
10.19735,0.15
8.397351,0.75
6.297351,0.85
3.997351,0.65
1.797351,0.15
0.1973511,-0.45
-0.6026489,-1.25
-0.5026489,-2.05
9.74E-02,-2.05
0.7973511,-1.05
1.997351,-0.95
3.697351,-1.65
5.397351,-0.65
6.597351,1.25
8.697351,2.05
12.59735,0.95
14.39735,1.25
14.39735,5.05
18.19735,5.85
24.19735,4.05
26.29735,4.85
28.39735,9.25
30.99735,16.45
31.89735,23.05
31.79735,26.75
32.59735,28.85
33.49735,28.05
32.79735,25.75
31.99735,21.15
32.19735,14.85
31.79735,9.05
29.89735,4.05
25.99735,0.85
21.69735,-0.15
17.89735,0.75
14.79735,2.55
12.69735,4.05
11.59735,4.65
11.29735,3.65
11.59735,1.95
13.19735,-0.55
16.79735,-3.25
21.69735,-7.55
27.29735,-13.55
33.39735,-16.55
37.19735,-16.15
17.09735,-12.55
20.69735,-11.75
20.39735,-11.65
19.59735,-12.15
20.19735,-12.95
21.79735,-12.25
24.59735,-10.45
26.69735,-8.55
27.49735,-7.65
28.39735,-7.15
29.19735,-7.65
28.49735,-9.05
26.99735,-10.95
26.49735,-11.25
26.79735,-9.05
25.79735,-5.85
23.59735,-2.65
21.29735,-0.35
19.19735,0.85
16.99735,1.15
14.29735,1.25
11.39735,1.25
8.797351,1.05
6.397351,0.95
4.397351,0.75
2.297351,0.65
0.1973511,0.15
-2.302649,-0.45
-4.602649,-1.55
-6.102649,-2.75
-6.002649,-3.35
-4.002649,-2.65
-1.602649,-1.85
0.3973511,-2.35
2.197351,-2.65
3.597351,-1.45
6.897351,-0.25
12.19735,-0.25
13.89735,-0.45
14.19735,1.65
19.79735,1.85
26.59735,5.00E-02
29.19735,2.75
30.79735,8.85
32.09735,13.95
33.79735,18.15
36.39735,21.25
39.09735,23.55
42.49735,24.15
43.39735,23.85
41.49735,20.55
39.99735,14.75
38.99735,9.75
38.29735,7.45
37.49735,7.35
35.59735,7.65
32.49735,7.45
29.19735,7.05
26.29735,6.25
23.79735,5.05
22.09735,3.05
20.69735,0.35
20.29735,-3.25
22.09735,-6.85
25.89735,-12.35
30.39735,-18.75
34.39735,-20.95
36.89735,-19.75
24.09735,-10.95
24.59735,-10.45
22.39735,-12.15
21.79735,-14.15
23.09735,-14.45
24.59735,-12.35
26.59735,-10.35
28.49735,-9.75
30.49735,-10.35
33.29735,-10.45
35.19735,-9.75
34.99735,-8.650001
33.19735,-6.95
32.19735,-4.55
31.69735,-1.95
29.89735,0.75
26.59735,3.15
22.59735,4.35
18.69735,3.95
15.29735,2.65
12.29735,1.65
9.597351,1.25
7.297351,1.05
5.497351,1.15
4.097351,1.55
2.497351,2.25
0.6973511,2.55
-1.702649,2.15
-4.102649,0.65
-6.702649,-1.15
-7.602649,-3.05
-5.402649,-4.05
-3.302649,-3.65
-1.102649,-3.95
0.7973511,-5.25
2.697351,-4.95
6.597351,-2.95
12.09735,-1.75
13.79735,-2.95
14.59735,-3.45
19.39735,-3.65
22.89735,-3.45
23.19735,0.85
26.59735,4.85
31.69735,6.55
34.09735,10.65
35.09735,15.85
37.79735,19.75
43.39735,21.55
47.09735,22.35
47.69735,21.75
48.19735,19.45
47.69735,14.95
46.99735,11.45
46.49735,10.95
44.49735,11.85
40.39735,11.55
35.69735,10.15
31.89735,8.55
29.49735,6.65
27.69735,2.95
25.59735,-1.15
24.49735,-4.45
25.69735,-8.35
28.49735,-15.15
30.99735,-21.75
33.09735,-23.25
35.59735,-21.55
26.99735,-9.45
25.69735,-11.45
24.29735,-14.85
24.19735,-16.45
25.29735,-14.85
26.09735,-11.95
27.59735,-11.25
29.79735,-12.25
32.19735,-13.35
34.09735,-12.65
34.09735,-10.35
31.99735,-7.55
29.19735,-4.25
27.39735,-1.05
26.69735,1.15
25.29735,3.75
22.79735,6.65
18.99735,8.650001
15.19735,7.95
12.19735,5.05
9.997352,1.95
7.997351,0.75
6.297351,0.85
4.597351,1.45
3.097351,2.45
1.297351,3.85
-0.7026489,5.05
-2.802649,4.95
-4.202649,3.35
-5.402649,0.95
-5.502649,-2.65
-4.002649,-5.45
-2.602649,-5.95
-1.402649,-6.75
0.5973511,-8.75
3.397351,-8.55
7.697351,-5.25
12.59735,-2.45
13.69735,-4.65
13.79735,-7.25
17.19735,-7.75
18.69735,-6.25
18.89735,-2.65
25.39735,-1.15
32.89735,-0.45
33.49735,3.95
30.79735,9.35
30.49735,14.65
35.49735,18.25
40.89735,19.95
43.99735,21.25
46.99735,23.05
48.59735,22.35
48.79735,20.65
48.09735,19.85
45.59735,20.15
41.69735,18.95
37.39735,14.95
33.49735,9.95
31.19735,6.75
29.59735,3.75
27.29735,-0.65
26.19735,-4.35
27.39735,-8.55
29.29735,-16.45
29.99735,-23.45
31.69735,-24.65
34.09735,-21.85
26.59735,-9.25
25.99735,-12.25
25.79735,-15.55
26.19735,-16.45
26.99735,-14.65
27.79735,-12.95
29.19735,-12.75
30.89735,-12.75
31.09735,-12.15
29.79735,-10.15
27.49735,-7.45
25.29735,-4.95
23.79735,-2.35
23.19735,0.25
23.09735,2.35
22.09735,4.75
19.49735,7.55
15.89735,10.55
12.39735,11.25
9.797351,8.35
8.197351,3.65
7.197351,1.15
6.097351,1.55
4.697351,2.55
2.797351,3.65
0.9973511,5.15
-1.002649,6.25
-2.902649,6.25
-4.602649,3.95
-5.502649,0.55
-4.202649,-4.05
-2.502649,-7.45
-1.802649,-8.35
-1.602649,-9.85
1.097351,-11.85
4.697351,-10.95
7.897351,-6.55
11.19735,-2.85
12.59735,-5.95
12.49735,-10.55
14.89735,-10.35
17.59735,-8.05
18.99735,-6.25
24.29735,-5.25
29.69735,-2.95
30.29735,0.35
28.39735,2.95
26.29735,7.05
28.09735,12.15
32.39735,15.85
34.59735,17.55
36.99735,19.65
39.99735,21.75
41.99735,22.75
42.89735,22.45
42.29735,22.45
40.29735,23.15
37.99735,21.75
35.39735,16.15
33.09735,10.65
30.79735,7.65
28.29735,3.65
27.59735,-2.75
28.69735,-9.150001
29.19735,-16.85
29.09735,-23.75
30.39735,-23.65
31.39735,-18.75
28.39735,-10.35
28.79735,-12.45
28.89735,-14.25
29.19735,-14.85
29.39735,-14.35
29.29735,-13.65
29.19735,-12.25
28.69735,-10.25
26.69735,-8.75
23.89735,-7.05
22.39735,-4.95
22.79735,-2.65
23.29735,-0.35
22.69735,1.65
21.09735,2.95
19.09735,3.95
16.59735,5.65
13.49735,8.85
10.89735,11.75
8.897351,10.35
7.297351,5.15
6.497351,2.35
6.097351,3.05
5.297351,4.25
4.397351,5.35
3.597351,6.85
2.897351,8.25
1.597351,8.45
-1.002649,5.35
-3.302649,0.25
-3.002649,-6.45
-1.602649,-10.05
-0.7026489,-10.65
-2.65E-03,-11.85
2.297351,-13.35
4.997351,-11.95
6.697351,-7.55
9.097351,-3.45
11.39735,-7.05
11.19735,-13.05
11.79735,-11.65
15.29735,-8.650001
18.99735,-9.55
22.19735,-8.75
24.59735,-4.85
25.79735,-2.35
26.59735,-2.45
24.99735,-0.65
24.19735,4.75
26.99735,10.15
28.49735,12.15
29.69735,13.65
32.29735,15.65
33.89735,17.85
34.69735,18.45
34.99735,18.45
35.69735,19.95
35.99735,22.85
34.89735,22.35
33.29735,17.35
31.69735,11.55
29.99735,7.05
29.79735,-0.35
30.69735,-9.150001
30.29735,-16.65
29.39735,-21.25
29.29735,-18.05
27.99735,-12.75
33.49735,-9.650001
33.29735,-10.85
32.19735,-11.05
30.99735,-11.15
29.39735,-11.35
27.19735,-10.75
24.89735,-8.85
23.19735,-7.25
22.19735,-6.85
21.49735,-5.75
22.59735,-3.35
24.59735,-0.25
24.39735,2.35
22.19735,4.45
19.49735,5.25
17.59735,5.15
15.79735,5.95
13.79735,9.25
12.69735,13.05
11.99735,12.65
9.797351,7.65
7.697351,4.45
6.897351,4.35
6.797351,4.45
6.597351,4.85
6.597351,6.25
6.697351,8.650001
6.397351,10.85
4.697351,9.35
1.697351,3.35
-0.3026489,-4.75
-2.65E-03,-9.05
1.397351,-9.650001
2.297351,-11.15
2.697351,-12.75
3.697351,-11.95
4.497351,-8.55
6.297351,-4.55
9.197351,-7.55
9.497352,-13.85
7.597351,-11.85
9.697351,-9.05
15.79735,-12.05
18.89735,-10.95
19.99735,-6.35
21.09735,-4.35
22.39735,-5.25
22.89735,-6.05
22.99735,-2.55
25.49735,2.75
27.39735,5.75
28.99735,8.150001
30.69735,10.95
30.99735,13.95
30.99735,15.25
31.39735,13.65
32.69735,12.15
33.99735,14.05
32.59735,17.55
30.39735,17.15
30.19735,10.95
30.69735,6.35
31.19735,1.15
32.29735,-7.65
32.09735,-15.25
30.99735,-16.95
29.09735,-11.75
26.69735,-8.150001
34.79735,-7.15
32.19735,-7.95
30.29735,-7.65
28.69735,-7.45
26.59735,-7.75
23.59735,-7.15
20.89735,-5.85
19.79735,-5.75
20.79735,-6.25
22.19735,-4.85
23.69735,-1.75
24.09735,1.65
22.49735,4.75
20.09735,7.75
18.29735,9.150001
16.99735,8.650001
15.39735,8.75
13.49735,11.75
13.99735,15.35
14.59735,15.65
12.99735,11.45
10.49735,7.65
9.297351,6.05
8.497352,4.75
7.497351,4.15
6.397351,5.15
5.797351,7.95
6.297351,11.05
7.297351,11.15
6.397351,7.15
3.897351,0.25
2.597351,-4.75
2.697351,-7.55
2.597351,-10.45
2.597351,-12.35
2.797351,-11.95
3.097351,-9.25
4.297351,-5.75
6.897351,-8.150001
7.497351,-13.55
4.697351,-12.15
5.397351,-10.35
11.29735,-13.05
13.99735,-10.75
15.59735,-7.05
17.59735,-5.75
19.09735,-6.35
21.89735,-8.75
24.39735,-7.75
25.59735,-2.95
26.59735,0.75
27.99735,4.15
28.49735,8.150001
27.19735,11.55
27.89735,12.85
30.49735,10.55
31.59735,6.95
32.39735,7.55
31.39735,11.45
28.49735,13.55
28.69735,8.35
30.59735,3.45
31.19735,0.45
32.19735,-6.25
31.99735,-13.35
30.39735,-14.05
27.79735,-9.05
25.59735,-6.55
29.39735,-5.55
26.79735,-7.05
26.29735,-7.05
25.59735,-6.75
23.79735,-6.75
21.49735,-5.85
18.89735,-4.85
18.39735,-5.25
20.59735,-5.25
21.99735,-3.25
21.69735,-0.45
20.29735,2.55
18.39735,6.05
17.79735,9.45
17.19735,11.05
16.19735,10.55
14.79735,9.650001
13.59735,11.45
14.09735,14.95
15.19735,16.45
15.09735,14.35
14.19735,11.35
13.19735,9.35
11.69735,7.85
9.397351,7.45
6.997351,8.150001
5.397351,9.45
5.297351,10.25
7.097351,9.150001
8.297351,6.45
7.297351,2.35
5.497351,-1.85
3.797351,-5.75
2.797351,-9.35
2.997351,-11.05
2.897351,-10.65
2.197351,-8.35
3.497351,-6.15
5.997351,-8.35
6.497351,-13.25
4.997351,-14.05
5.397351,-13.25
8.497352,-13.15
9.997352,-9.85
12.39735,-7.75
14.99735,-7.45
16.29735,-7.05
19.59735,-8.650001
22.19735,-8.150001
21.89735,-3.85
21.39735,-5.00E-02
21.69735,3.15
21.19735,6.25
18.79735,7.75
19.29735,8.75
24.59735,8.05
26.19735,5.75
26.09735,6.55
26.79735,9.75
25.59735,11.65
27.29735,6.85
31.09735,0.55
31.29735,-1.85
31.19735,-5.35
29.69735,-9.85
26.59735,-10.55
23.09735,-7.35
21.19735,-5.15
21.79735,-3.15
20.19735,-5.75
21.19735,-6.35
21.09735,-5.85
19.69735,-5.25
17.99735,-4.65
15.59735,-4.55
16.39735,-4.55
19.99735,-3.25
20.79735,-0.55
19.89735,1.85
18.39735,4.35
16.59735,7.25
15.79735,9.95
15.89735,11.35
15.19735,10.85
14.49735,9.25
14.29735,9.85
14.79735,12.95
15.79735,15.15
17.19735,15.15
17.99735,14.25
18.19735,12.45
17.79735,11.45
16.19735,12.15
13.49735,12.95
11.19735,12.65
9.797351,10.85
9.197351,7.45
8.697351,3.75
7.697351,0.55
6.097351,-2.15
4.197351,-4.45
3.097351,-6.05
2.697351,-6.95
1.497351,-7.55
0.2973511,-7.05
2.797351,-6.15
6.397351,-9.150001
6.897351,-14.15
6.497351,-16.45
6.697351,-15.75
7.397351,-13.15
9.097351,-9.85
11.69735,-9.05
13.39735,-8.650001
14.59735,-7.35
16.89735,-7.15
18.39735,-6.35
17.59735,-3.15
16.89735,0.15
16.19735,2.45
15.29735,3.55
13.59735,3.25
13.79735,2.85
18.09735,3.05
18.99735,2.75
18.09735,4.35
19.59735,6.55
19.89735,7.95
23.59735,4.75
29.99735,-0.95
30.89735,-3.45
29.49735,-4.85
26.59735,-6.45
22.69735,-6.85
19.49735,-5.85
17.69735,-5.25
17.39735,5.00E-02
14.99735,-1.65
14.39735,-3.05
13.69735,-3.45
13.39735,-3.35
13.69735,-4.05
13.19735,-5.75
14.99735,-5.25
17.29735,-2.25
16.99735,0.75
16.79735,3.35
16.79735,5.85
16.09735,7.65
15.59735,9.05
16.29735,9.55
16.19735,8.95
16.39735,8.05
16.39735,8.95
16.39735,11.15
16.69735,12.55
18.79735,13.45
20.39735,14.25
22.19735,14.05
23.59735,14.45
21.79735,15.25
18.49735,15.75
16.79735,15.25
15.69735,13.35
13.49735,9.85
10.69735,5.35
7.597351,1.05
4.997351,-1.65
3.697351,-2.45
2.797351,-2.25
1.797351,-3.05
9.74E-02,-5.35
-0.6026489,-6.65
2.697351,-6.85
6.997351,-11.65
7.497351,-16.95
6.797351,-17.45
6.497351,-15.35
7.697351,-12.55
11.39735,-10.55
14.79735,-9.35
16.89735,-7.45
17.99735,-5.65
18.79735,-4.85
19.09735,-4.35
18.69735,-2.95
18.89735,-0.85
19.19735,0.85
18.49735,1.65
18.09735,1.85
18.69735,1.25
19.89735,0.45
19.09735,0.35
17.89735,1.75
18.29735,2.35
17.89735,2.15
20.09735,1.35
25.19735,-0.85
26.39735,-3.85
25.39735,-6.25
23.19735,-6.85
20.89735,-6.75
19.49735,-7.05
17.99735,-7.85
17.69735,0.55
14.59735,1.25
12.19735,-5.00E-02
10.39735,-1.95
10.29735,-3.05
11.09735,-4.85
11.99735,-6.95
12.59735,-6.05
11.99735,-3.05
10.79735,-0.45
11.49735,2.55
12.39735,5.55
13.89735,6.75
15.79735,7.25
18.39735,7.25
18.79735,6.15
18.19735,6.15
17.79735,7.95
17.69735,9.85
19.09735,10.45
20.59735,11.05
22.19735,12.55
23.89735,14.05
25.09735,16.05
23.19735,17.05
19.29735,17.35
17.59735,16.45
17.19735,14.45
15.99735,12.05
13.79735,9.05
10.29735,5.05
7.197351,1.55
5.697351,-5.00E-02
4.697351,-0.75
3.497351,-1.95
1.797351,-4.45
1.297351,-6.45
4.097351,-7.95
7.697351,-14.25
8.497352,-19.45
8.497352,-17.95
8.797351,-15.05
10.99735,-12.95
15.39735,-11.05
19.59735,-8.650001
22.69735,-5.75
24.19735,-4.15
24.69735,-3.55
25.19735,-3.55
25.29735,-3.05
26.29735,-1.75
27.59735,0.35
27.59735,1.75
27.69735,2.35
27.79735,2.45
26.79735,2.15
25.39735,2.15
23.69735,2.75
21.79735,1.25
20.39735,-1.25
20.59735,-1.05
21.29735,-0.25
21.19735,-3.15
20.89735,-7.35
20.19735,-8.95
19.49735,-9.05
19.09735,-9.25
17.49735,-10.05
18.49735,-0.95
15.29735,1.35
12.19735,1.05
10.49735,-0.85
9.697351,-2.85
9.097351,-4.95
8.897351,-6.35
8.697351,-5.75
8.197351,-4.05
7.697351,-2.25
8.097351,0.45
8.897351,3.15
10.79735,4.05
14.29735,4.05
18.49735,5.15
20.59735,4.95
18.09735,3.85
16.89735,4.95
19.29735,8.150001
22.99735,9.75
22.59735,9.45
23.79735,10.85
25.49735,13.85
25.59735,16.45
22.99735,17.45
19.29735,17.95
16.89735,16.15
15.99735,12.75
16.19735,10.15
15.89735,8.35
13.89735,6.15
11.79735,3.35
9.997352,0.95
8.097351,-0.65
6.497351,-1.85
4.897351,-3.35
4.797351,-6.05
7.397351,-10.25
9.897351,-16.45
11.09735,-19.15
12.59735,-16.55
14.39735,-14.75
16.39735,-13.25
19.39735,-11.05
23.09735,-8.85
26.29735,-6.55
28.79735,-5.35
31.19735,-4.35
32.69735,-3.55
32.89735,-2.75
33.59735,-1.65
34.29735,0.25
34.19735,1.95
34.39735,3.15
33.59735,3.65
31.89735,3.55
30.39735,3.55
28.79735,3.95
26.19735,2.35
24.39735,-0.25
23.89735,-0.75
23.39735,-0.35
22.59735,-2.25
22.09735,-6.15
21.29735,-8.75
20.49735,-9.55
19.39735,-9.85
17.29735,-10.65
16.99735,-1.65
14.09735,-0.85
10.99735,-0.75
9.497352,-1.35
8.797351,-2.65
7.697351,-3.75
6.397351,-4.35
5.697351,-4.35
6.397351,-4.15
6.997351,-2.55
6.797351,-0.45
6.697351,1.85
7.997351,1.95
10.79735,0.85
14.99735,2.35
17.99735,4.25
16.79735,2.35
15.79735,1.35
18.99735,4.65
22.49735,8.55
22.49735,9.25
23.19735,11.15
25.79735,15.15
26.59735,18.45
23.89735,19.05
20.29735,18.95
17.29735,16.85
15.19735,13.15
14.89735,9.25
14.59735,6.55
13.89735,4.55
13.09735,2.75
11.49735,1.35
9.497352,0.25
8.097351,-0.95
7.097351,-2.55
7.997351,-6.85
10.79735,-13.45
13.39735,-18.15
15.19735,-17.65
18.19735,-15.65
20.89735,-14.75
21.59735,-13.25
22.89735,-11.15
26.19735,-9.650001
29.29735,-8.35
31.79735,-7.25
34.19735,-5.55
35.19735,-4.25
35.09735,-3.05
35.39735,-1.75
35.29735,-5.00E-02
34.99735,2.05
35.19735,4.15
34.69735,4.85
33.59735,4.15
32.69735,3.05
31.39735,3.15
29.09735,3.15
26.89735,2.55
26.19735,0.85
26.49735,-1.45
27.19735,-2.75
26.49735,-3.75
24.99735,-5.15
23.39735,-6.35
22.09735,-7.95
20.39735,-9.75
14.29735,-2.85
13.69735,-3.65
11.89735,-3.95
10.59735,-3.55
9.197351,-2.85
7.797351,-1.85
6.197351,-0.85
4.897351,-0.75
5.397351,-1.55
6.197351,-1.35
5.197351,0.15
4.197351,2.25
4.997351,2.45
6.697351,0.35
8.997352,-0.65
11.89735,0.65
14.09735,0.45
15.09735,-1.15
16.79735,0.55
17.09735,4.45
16.69735,8.75
17.09735,12.55
20.49735,16.65
25.09735,21.05
25.39735,22.45
22.59735,21.05
19.19735,18.55
16.79735,15.65
15.19735,11.85
13.49735,8.05
12.59735,5.05
12.19735,3.25
10.99735,2.65
9.797351,1.65
9.697351,-0.95
10.39735,-4.45
12.29735,-10.45
15.29735,-16.65
18.09735,-17.95
20.59735,-16.75
23.79735,-15.95
25.69735,-14.95
24.99735,-13.35
25.49735,-11.65
28.59735,-10.15
31.09735,-9.150001
32.19735,-8.05
32.89735,-6.55
32.99735,-5.55
32.99735,-4.35
32.99735,-2.55
32.79735,-0.35
32.29735,2.25
31.89735,4.75
31.19735,5.95
31.39735,5.55
32.49735,3.45
31.99735,1.85
29.59735,1.85
27.29735,2.65
25.99735,1.35
26.09735,-1.95
25.99735,-2.85
24.29735,-1.05
21.89735,0.75
20.09735,1.15
19.09735,-0.45
17.99735,-2.25
13.19735,-3.15
14.59735,-2.95
13.89735,-2.75
12.09735,-2.65
9.997352,-1.95
8.497352,-0.45
6.997351,1.05
4.997351,1.95
4.697351,1.25
4.997351,0.25
3.497351,0.55
1.697351,2.05
1.997351,3.45
2.797351,2.55
3.497351,-1.15
5.397351,-3.15
8.897351,-2.65
12.59735,-2.65
13.59735,-2.65
13.19735,-0.15
11.39735,5.75
10.39735,12.15
13.19735,15.75
19.29735,20.05
23.79735,23.75
23.59735,23.55
20.69735,20.65
18.89735,18.25
17.49735,15.05
15.49735,11.25
14.09735,7.25
13.39735,4.55
12.49735,3.45
12.29735,1.35
13.69735,-2.95
15.69735,-8.650001
18.19735,-14.65
20.89735,-17.65
22.99735,-16.75
24.69735,-16.25
26.49735,-15.45
26.99735,-14.05
26.49735,-13.85
26.69735,-12.75
28.39735,-10.65
29.79735,-9.25
30.09735,-8.35
30.19735,-7.25
30.19735,-6.35
30.09735,-4.75
29.99735,-2.45
29.59735,0.25
28.69735,3.25
26.89735,6.25
24.79735,7.75
24.39735,7.65
26.79735,5.25
28.29735,2.35
26.99735,1.25
24.99735,1.95
23.89735,2.05
23.29735,0.35
22.09735,-0.45
19.89735,1.05
17.69735,3.15
15.79735,4.35
14.09735,4.25
12.09735,3.45
12.69735,-3.35
13.99735,-1.25
13.69735,-5.00E-02
12.59735,-0.15
10.99735,-0.25
9.997352,-5.00E-02
8.897351,0.65
6.297351,1.65
4.197351,2.05
3.697351,1.95
2.697351,1.85
1.797351,2.45
1.197351,3.65
-0.1026489,3.95
-0.5026489,1.05
0.2973511,-3.05
1.497351,-4.55
3.597351,-4.45
5.897351,-3.65
6.597351,-2.55
6.797351,3.15
7.297351,9.85
8.697351,13.35
12.19735,16.35
19.49735,21.75
24.19735,24.95
21.89735,22.35
20.19735,19.85
19.59735,17.15
18.09735,13.55
16.89735,9.35
16.49735,5.65
16.19735,2.65
16.89735,-1.15
19.19735,-6.75
21.69735,-12.85
23.39735,-16.75
24.49735,-17.15
25.09735,-17.05
25.49735,-17.15
25.39735,-14.85
25.29735,-13.15
25.99735,-13.95
26.59735,-13.45
26.19735,-11.55
26.09735,-10.15
26.29735,-9.05
26.79735,-7.85
26.99735,-6.55
26.89735,-4.65
26.99735,-2.25
26.69735,0.35
24.99735,3.65
22.69735,7.35
20.69735,9.35
19.49735,8.95
19.59735,6.55
20.19735,3.95
19.59735,2.65
18.19735,2.85
17.29735,3.35
16.99735,3.25
16.79735,2.85
16.29735,2.75
15.29735,2.95
13.99735,3.65
12.29735,4.25
10.49735,3.85
11.89735,-2.85
12.59735,0.65
13.39735,0.95
13.59735,0.15
12.49735,0.15
11.39735,0.95
10.19735,1.25
7.197351,1.65
3.997351,3.05
2.197351,4.65
1.797351,5.05
2.397351,5.05
1.797351,3.75
-1.602649,2.45
-2.802649,1.65
-2.002649,-0.75
-2.302649,-4.15
-3.302649,-6.05
-2.902649,-5.55
-2.602649,-3.85
-1.302649,0.15
2.497351,5.55
5.097351,10.15
6.197351,12.55
14.09735,18.15
23.89735,24.55
23.99735,22.95
22.09735,20.25
21.89735,18.05
20.49735,14.55
19.39735,10.65
19.39735,6.35
19.99735,1.15
21.19735,-4.35
23.49735,-10.15
25.09735,-15.05
25.29735,-16.85
25.09735,-17.25
25.69735,-18.75
25.49735,-18.25
23.79735,-15.05
22.69735,-13.15
23.49735,-13.55
24.09735,-13.35
23.49735,-12.15
22.69735,-11.25
22.59735,-10.35
23.09735,-8.85
23.89735,-7.55
24.69735,-6.05
25.09735,-4.05
23.99735,-1.45
21.19735,2.05
18.29735,6.35
17.29735,9.150001
16.99735,9.45
15.59735,7.35
13.99735,5.45
12.99735,4.55
12.09735,4.35
11.39735,3.85
10.99735,3.75
10.99735,3.55
11.09735,3.55
10.49735,3.85
9.097351,5.05
7.397351,6.75
6.197351,7.15
13.79735,2.05
13.09735,4.45
13.59735,3.15
13.69735,1.25
11.99735,1.55
10.19735,3.25
8.597351,3.65
6.097351,2.95
2.797351,3.35
-0.1026489,4.65
-2.402649,6.65
-2.502649,8.45
-1.702649,6.05
-3.102649,1.55
-3.602649,-0.15
-2.702649,-0.55
-3.302649,-2.75
-4.502649,-5.75
-5.502649,-7.15
-7.102649,-5.75
-7.702649,-3.65
-3.502649,-0.35
1.497351,5.25
2.897351,8.75
8.397351,13.25
20.49735,21.75
25.39735,23.15
24.29735,19.95
24.49735,17.65
24.29735,14.05
23.49735,9.35
23.59735,4.55
24.69735,-1.35
26.19735,-7.55
27.39735,-12.25
27.59735,-15.15
26.39735,-15.55
25.39735,-16.15
25.79735,-17.45
25.19735,-16.85
22.59735,-14.85
20.49735,-13.75
19.89735,-13.45
20.09735,-12.95
20.29735,-12.35
19.99735,-12.05
19.29735,-11.55
19.59735,-10.35
21.79735,-9.75
23.69735,-8.85
23.09735,-6.65
20.09735,-3.35
15.99735,1.55
12.99735,7.25
12.09735,11.15
12.49735,12.35
12.39735,10.85
11.39735,8.95
10.29735,7.75
9.697351,6.35
9.197351,4.65
8.997352,3.35
8.797351,3.05
8.497352,3.55
7.597351,4.55
5.997351,6.35
4.097351,8.75
2.797351,10.35
16.89735,4.15
13.69735,5.25
12.49735,6.15
11.79735,6.45
9.997352,6.35
7.697351,6.55
5.997351,5.15
3.997351,3.05
1.497351,2.95
-2.502649,4.55
-7.402649,7.75
-9.402649,10.65
-7.602649,8.55
-6.002649,3.15
-4.402649,-1.05
-3.202649,-1.65
-4.802649,-1.75
-5.802649,-3.75
-5.602649,-5.95
-8.102649,-6.25
-10.20265,-6.55
-8.002649,-5.65
-2.102649,-0.25
1.097351,4.95
4.297351,8.45
15.19735,17.05
24.99735,22.45
26.29735,20.05
26.39735,16.95
27.99735,13.65
28.99735,7.85
29.79735,2.05
30.49735,-3.25
30.69735,-7.05
30.49735,-9.25
29.89735,-11.15
27.79735,-11.85
25.39735,-11.65
24.19735,-12.35
22.69735,-12.95
20.69735,-13.65
18.89735,-13.65
17.89735,-13.25
17.49735,-12.85
18.09735,-12.75
18.19735,-12.95
17.09735,-12.85
17.59735,-12.35
20.89735,-12.15
22.69735,-10.95
20.09735,-8.05
15.29735,-3.55
10.89735,3.15
8.297351,10.45
7.597351,14.95
7.797351,16.85
8.697351,15.35
9.197351,12.85
8.897351,10.95
8.197351,9.150001
7.497351,6.85
7.197351,5.15
7.197351,4.65
6.797351,5.15
5.997351,5.85
4.597351,6.85
3.497351,8.25
3.297351,9.75
18.39735,-0.85
13.49735,2.85
9.797351,6.85
7.397351,9.25
5.697351,9.45
4.797351,8.45
3.797351,5.65
1.497351,3.45
-1.602649,5.65
-5.702649,9.05
-10.00265,10.55
-11.30265,10.05
-8.902649,7.55
-6.902649,3.55
-5.502649,-0.95
-3.602649,-2.85
-5.102649,-2.95
-6.602649,-3.85
-6.602649,-5.65
-9.502649,-8.150001
-10.90265,-10.25
-9.502649,-10.15
-4.802649,-5.35
-0.4026489,1.15
2.397351,4.65
9.797351,10.85
21.89735,19.25
27.49735,19.85
27.19735,15.95
28.39735,13.05
30.59735,8.25
32.79735,1.75
32.69735,-2.95
29.59735,-3.55
26.69735,-2.45
26.29735,-4.15
25.89735,-6.95
24.29735,-8.150001
22.29735,-8.95
20.69735,-10.55
19.49735,-11.95
18.79735,-12.65
18.39735,-12.95
18.09735,-13.35
18.59735,-13.95
18.79735,-14.55
17.89735,-14.85
18.59735,-14.65
20.99735,-13.75
20.99735,-11.95
16.69735,-8.45
11.19735,-2.85
6.497351,5.65
4.097351,13.35
4.297351,16.95
5.197351,18.75
6.697351,16.95
7.997351,13.45
8.197351,11.85
7.797351,10.65
6.697351,8.85
5.697351,7.55
5.297351,7.35
4.897351,7.55
4.197351,7.15
3.497351,6.45
3.197351,6.75
3.997351,7.65
16.49735,5.00E-02
10.49735,5.25
4.897351,7.95
-0.1026489,8.85
-2.402649,8.650001
-1.702649,7.95
-0.5026489,5.65
-1.802649,4.75
-5.002649,9.150001
-8.302649,13.35
-10.70265,11.65
-10.40265,7.85
-7.502649,5.15
-6.402649,2.25
-6.802649,-0.85
-4.502649,-3.05
-4.002649,-5.15
-5.402649,-6.05
-7.602649,-8.25
-10.90265,-12.05
-9.802649,-13.95
-8.102649,-13.35
-5.702649,-9.25
-1.802649,-2.35
1.597351,2.05
5.697351,5.35
16.69735,13.65
26.69735,18.25
28.09735,14.85
27.59735,11.25
27.89735,8.150001
29.49735,3.05
29.69735,-1.35
26.29735,-1.75
23.29735,-0.25
23.49735,-1.45
24.89735,-4.75
24.69735,-7.35
23.19735,-9.25
21.39735,-10.55
20.29735,-11.35
20.09735,-11.75
20.29735,-12.55
20.59735,-13.55
20.99735,-14.65
20.89735,-15.65
20.19735,-16.45
20.59735,-16.25
21.09735,-14.95
18.89735,-12.55
13.59735,-8.25
7.297351,-0.75
2.197351,9.55
0.6973511,16.55
1.997351,18.25
2.897351,19.55
5.197351,17.35
7.497351,12.55
7.997351,11.05
7.797351,11.05
6.997351,9.75
5.797351,8.650001
4.997351,8.35
4.497351,8.35
4.097351,6.95
3.597351,5.45
3.397351,5.35
4.197351,6.75
5.897351,10.65
1.897351,13.15
-2.102649,11.95
-7.002649,10.45
-9.902649,8.45
-9.402649,6.15
-7.002649,4.25
-5.802649,4.75
-6.402649,10.55
-8.102649,14.95
-10.00265,11.55
-10.00265,6.85
-8.402649,4.05
-8.402649,1.15
-9.302649,-0.85
-6.902649,-2.45
-4.302649,-5.35
-4.802649,-7.85
-8.202649,-10.75
-9.302649,-12.45
-6.602649,-13.65
-5.502649,-13.85
-4.902649,-11.25
-2.302649,-5.25
1.397351,0.15
3.797351,1.85
10.89735,7.05
21.69735,13.65
27.19735,13.85
28.29735,10.45
26.99735,6.95
25.89735,3.55
26.39735,0.15
26.49735,-1.45
25.89735,-1.85
25.89735,-2.65
26.09735,-4.75
25.69735,-7.35
24.39735,-9.650001
22.79735,-10.85
21.99735,-11.35
22.19735,-11.55
22.69735,-12.25
22.99735,-13.15
23.09735,-14.45
22.79735,-15.95
22.19735,-17.05
21.99735,-16.85
20.39735,-15.15
16.19735,-11.75
9.297351,-5.25
2.197351,4.35
-1.102649,13.95
0.5973511,18.35
2.097351,18.15
1.497351,19.15
3.297351,17.25
6.197351,12.05
6.897351,9.75
6.997351,10.25
7.097351,10.35
6.497351,9.25
5.397351,8.45
4.897351,7.95
4.797351,6.75
4.197351,5.35
4.097351,5.85
5.397351,7.75
