U,V
4.028531,-3.55
4.128531,-3.45
4.228531,-3.35
4.328531,-3.15
4.328531,-3.05
4.428531,-2.95
4.528531,-2.85
4.628531,-2.75
4.628531,-2.65
4.728531,-2.45
4.828531,-2.35
4.828531,-2.25
4.928531,-2.15
4.928531,-1.95
5.028531,-1.85
5.028531,-1.75
5.128531,-1.55
5.128531,-1.45
5.228531,-1.35
5.228531,-1.15
5.228531,-1.05
5.228531,-0.85
5.328531,-0.75
5.328531,-0.65
5.328531,-0.45
5.328531,-0.35
5.328531,-0.15
5.328531,-5.00E-02
5.328531,5.00E-02
5.328531,0.25
5.328531,0.35
5.328531,0.55
5.328531,0.65
5.328531,0.75
5.228531,0.95
5.228531,1.05
5.228531,1.15
5.228531,1.35
5.128531,1.45
5.128531,1.55
5.028531,1.75
5.028531,1.85
4.928531,1.95
4.928531,2.15
4.828531,2.25
4.828531,2.35
4.728531,2.55
4.628531,2.65
4.628531,2.75
4.528531,2.85
4.428531,2.95
4.328531,3.05
4.328531,3.25
4.228531,3.35
4.128531,3.45
4.028531,3.55
3.928531,3.65
3.828531,3.75
3.728531,3.85
3.628531,3.95
3.528531,4.05
3.428531,4.15
3.328531,4.25
3.228531,4.25
3.028531,4.35
2.928531,4.45
2.828531,4.55
2.728531,4.65
3.628531,-2.65
3.628531,-2.55
3.628531,-2.45
3.728531,-2.25
3.728531,-2.15
3.728531,-2.05
3.828531,-1.85
3.828531,-1.75
3.828531,-1.65
3.828531,-1.55
3.828531,-1.45
3.828531,-1.25
3.828531,-1.15
3.828531,-1.05
3.928531,-0.85
3.928531,-0.75
3.928531,-0.65
3.928531,-0.55
3.928531,-0.45
3.928531,-0.25
3.928531,-0.15
3.928531,-5.00E-02
3.928531,5.00E-02
3.928531,0.25
3.928531,0.35
3.928531,0.45
3.928531,0.55
3.828531,0.65
3.828531,0.75
3.828531,0.95
3.828531,1.05
3.728531,1.15
3.728531,1.25
3.728531,1.45
3.728531,1.45
3.728531,1.65
3.628531,1.75
3.628531,1.85
3.528531,1.95
3.528531,2.05
3.528531,2.15
3.428531,2.25
3.428531,2.35
3.328531,2.45
3.328531,2.55
3.228531,2.65
3.228531,2.75
3.128531,2.85
3.128531,2.85
3.028531,3.05
2.928531,3.05
2.928531,3.15
2.828531,3.15
2.828531,3.25
2.728531,3.35
2.728531,3.35
2.628531,3.35
2.528531,3.55
2.528531,3.55
2.428531,3.55
2.328531,3.55
2.328531,3.65
2.228531,3.75
2.228531,3.75
2.128531,3.75
2.128531,3.75
2.028531,3.85
2.028531,3.85
0.2285309,-0.95
0.1285309,-0.85
2.85E-02,-0.75
-7.15E-02,-0.75
-0.1714691,-0.65
-0.1714691,-0.65
-0.3714691,-0.55
-0.3714691,-0.55
-0.4714691,-0.55
-0.5714691,-0.45
-0.6714692,-0.45
-0.6714692,-0.45
-0.7714691,-0.45
-0.7714691,-0.45
-0.7714691,-0.45
-0.7714691,-0.45
-0.8714691,-0.35
-0.8714691,-0.35
-0.8714691,-0.35
-0.8714691,-0.35
-0.7714691,-0.35
-0.7714691,-0.25
-0.7714691,-0.25
-0.6714692,-0.15
-0.6714692,-0.15
-0.5714691,-5.00E-02
-0.5714691,-5.00E-02
-0.4714691,5.00E-02
-0.4714691,5.00E-02
-0.3714691,0.15
-0.3714691,0.25
-0.2714691,0.35
-0.1714691,0.45
-0.1714691,0.55
-7.15E-02,0.65
2.85E-02,0.75
2.85E-02,0.85
0.1285309,1.05
0.1285309,1.05
0.2285309,1.25
0.2285309,1.25
0.3285309,1.45
0.3285309,1.55
0.3285309,1.65
0.4285309,1.75
0.4285309,1.85
0.4285309,1.85
0.4285309,2.05
0.5285309,2.05
0.5285309,2.15
0.5285309,2.15
0.5285309,2.35
0.5285309,2.25
0.5285309,2.35
0.6285309,2.35
0.6285309,2.45
0.6285309,2.35
0.6285309,2.45
0.6285309,2.35
0.7285309,2.45
0.7285309,2.35
0.7285309,2.45
0.8285309,2.35
0.8285309,2.35
0.8285309,2.25
0.9285309,2.35
0.9285309,2.25
1.028531,2.35
-6.471469,0.95
-6.571469,0.85
-6.671469,0.75
-6.771469,0.65
-6.971469,0.55
-6.971469,0.35
-7.071469,0.25
-7.171469,5.00E-02
-7.271469,-0.15
-7.271469,-0.25
-7.271469,-0.45
-7.371469,-0.65
-7.371469,-0.85
-7.371469,-0.95
-7.371469,-1.15
-7.271469,-1.35
-7.271469,-1.55
-7.171469,-1.65
-7.071469,-1.75
-6.971469,-1.85
-6.871469,-2.05
-6.771469,-2.05
-6.671469,-2.15
-6.571469,-2.25
-6.371469,-2.25
-6.171469,-2.25
-6.071469,-2.35
-5.971469,-2.15
-5.771469,-2.25
-5.571469,-2.15
-5.471469,-2.05
-5.271469,-1.95
-5.071469,-1.85
-4.971469,-1.75
-4.771469,-1.65
-4.671469,-1.45
-4.471469,-1.45
-4.371469,-1.25
-4.171469,-1.15
-4.071469,-0.95
-3.971469,-0.85
-3.771469,-0.65
-3.671469,-0.55
-3.471469,-0.45
-3.371469,-0.35
-3.271469,-0.15
-3.071469,-0.15
-2.971469,5.00E-02
-2.871469,5.00E-02
-2.771469,0.15
-2.671469,0.15
-2.471469,0.25
-2.371469,0.25
-2.271469,0.35
-2.071469,0.25
-1.971469,0.35
-1.871469,0.25
-1.771469,0.35
-1.571469,0.25
-1.371469,0.25
-1.271469,0.15
-1.071469,0.15
-0.9714691,0.15
-0.7714691,5.00E-02
-0.5714691,5.00E-02
-0.3714691,5.00E-02
-0.2714691,-5.00E-02
-7.15E-02,-5.00E-02
-12.37147,1.95
-12.37147,1.65
-12.47147,1.25
-12.47147,1.05
-12.47147,0.65
-12.47147,0.45
-12.47147,5.00E-02
-12.37147,-0.25
-12.27147,-0.55
-12.17147,-0.85
-12.07147,-1.25
-11.87147,-1.55
-11.77147,-1.85
-11.57147,-2.05
-11.37147,-2.45
-11.17147,-2.55
-11.07147,-2.85
-10.77147,-3.05
-10.67147,-3.25
-10.37147,-3.35
-10.27147,-3.55
-10.07147,-3.65
-9.971469,-3.85
-9.771469,-3.85
-9.67147,-4.05
-9.471469,-3.95
-9.371469,-4.05
-9.17147,-3.95
-9.071469,-4.05
-8.871469,-3.95
-8.771469,-3.95
-8.67147,-3.85
-8.571469,-3.85
-8.371469,-3.65
-8.271469,-3.65
-8.071469,-3.45
-7.971469,-3.45
-7.771469,-3.35
-7.571469,-3.25
-7.371469,-3.15
-7.271469,-3.05
-7.071469,-2.95
-6.871469,-2.95
-6.671469,-2.75
-6.471469,-2.75
-6.271469,-2.65
-6.071469,-2.65
-5.871469,-2.45
-5.671469,-2.55
-5.471469,-2.35
-5.271469,-2.45
-4.971469,-2.25
-4.771469,-2.35
-4.471469,-2.25
-4.271469,-2.35
-4.071469,-2.25
-3.771469,-2.35
-3.571469,-2.25
-3.271469,-2.35
-2.971469,-2.35
-2.771469,-2.45
-2.471469,-2.35
-2.171469,-2.45
-1.871469,-2.45
-1.671469,-2.55
-1.371469,-2.45
-1.071469,-2.55
-0.7714691,-2.45
-13.67147,1.15
-13.77147,0.75
-13.77147,0.35
-13.77147,5.00E-02
-13.77147,-0.45
-13.67147,-0.75
-13.47147,-1.05
-13.27147,-1.35
-13.07147,-1.65
-12.77147,-1.95
-12.57147,-2.15
-12.37147,-2.35
-12.07147,-2.65
-11.87147,-2.75
-11.67147,-2.95
-11.37147,-3.05
-11.27147,-3.05
-11.07147,-3.05
-10.77147,-3.15
-10.67147,-3.15
-10.47147,-3.15
-10.27147,-3.15
-10.17147,-3.25
-10.07147,-3.35
-10.07147,-3.45
-9.971469,-3.55
-9.971469,-3.65
-9.971469,-3.75
-9.971469,-3.85
-9.871469,-3.95
-9.871469,-4.05
-9.771469,-4.15
-9.771469,-4.25
-9.571469,-4.25
-9.471469,-4.35
-9.371469,-4.35
-9.17147,-4.45
-9.071469,-4.45
-8.871469,-4.55
-8.571469,-4.55
-8.471469,-4.65
-8.17147,-4.65
-7.971469,-4.75
-7.771469,-4.75
-7.571469,-4.85
-7.271469,-4.85
-7.071469,-4.85
-6.771469,-4.85
-6.571469,-4.95
-6.271469,-4.85
-6.071469,-4.85
-5.771469,-4.85
-5.471469,-4.85
-5.171469,-4.75
-4.871469,-4.75
-4.671469,-4.75
-4.371469,-4.75
-4.071469,-4.65
-3.771469,-4.75
-3.471469,-4.65
-3.171469,-4.75
-2.771469,-4.75
-2.471469,-4.85
-2.171469,-4.75
-1.771469,-4.75
-1.471469,-4.75
-1.071469,-4.75
-0.7714691,-4.65
-13.17147,-0.95
-13.27147,-1.25
-13.27147,-1.75
-13.17147,-1.85
-13.07147,-2.05
-12.77147,-2.05
-12.47147,-2.15
-12.17147,-2.05
-11.77147,-1.95
-11.37147,-1.75
-11.07147,-1.75
-10.77147,-1.55
-10.57147,-1.45
-10.37147,-1.35
-10.37147,-1.35
-10.17147,-1.15
-10.17147,-1.15
-9.971469,-1.05
-9.871469,-1.05
-9.771469,-1.05
-9.67147,-1.25
-9.571469,-1.35
-9.471469,-1.55
-9.471469,-1.75
-9.471469,-2.05
-9.471469,-2.35
-9.471469,-2.65
-9.471469,-2.85
-9.371469,-3.15
-9.371469,-3.35
-9.271469,-3.65
-9.17147,-3.85
-8.971469,-4.15
-8.771469,-4.25
-8.571469,-4.55
-8.371469,-4.65
-8.17147,-4.95
-7.871469,-5.05
-7.771469,-5.25
-7.471469,-5.35
-7.371469,-5.65
-7.071469,-5.75
-6.971469,-5.95
-6.671469,-6.05
-6.471469,-6.25
-6.271469,-6.25
-6.071469,-6.45
-5.871469,-6.45
-5.671469,-6.55
-5.371469,-6.45
-5.171469,-6.55
-4.871469,-6.55
-4.671469,-6.55
-4.471469,-6.45
-4.171469,-6.55
-3.871469,-6.45
-3.671469,-6.55
-3.371469,-6.45
-3.071469,-6.55
-2.771469,-6.45
-2.471469,-6.55
-2.071469,-6.45
-1.771469,-6.55
-1.371469,-6.55
-1.071469,-6.55
-0.6714692,-6.45
-0.2714691,-6.45
0.1285309,-6.25
-12.67147,-1.95
-12.47147,-2.05
-12.27147,-2.15
-11.97147,-2.05
-11.67147,-1.95
-11.27147,-1.65
-10.77147,-1.45
-10.27147,-1.15
-9.871469,-0.95
-9.371469,-0.75
-9.071469,-0.55
-8.771469,-0.35
-8.471469,-0.35
-8.371469,-0.15
-8.271469,-0.25
-8.271469,-0.15
-8.17147,-0.15
-8.071469,-0.25
-7.971469,-0.35
-7.771469,-0.45
-7.671469,-0.75
-7.471469,-0.95
-7.371469,-1.35
-7.271469,-1.55
-7.171469,-1.85
-7.071469,-2.15
-6.971469,-2.45
-6.871469,-2.65
-6.671469,-2.85
-6.571469,-3.05
-6.371469,-3.35
-6.271469,-3.55
-6.071469,-3.75
-5.971469,-4.05
-5.771469,-4.25
-5.671469,-4.45
-5.471469,-4.85
-5.371469,-4.95
-5.271469,-5.25
-5.071469,-5.55
-4.971469,-5.85
-4.871469,-5.95
-4.671469,-6.25
-4.571469,-6.45
-4.371469,-6.65
-4.171469,-6.85
-4.071469,-7.05
-3.871469,-7.15
-3.671469,-7.25
-3.471469,-7.35
-3.171469,-7.45
-2.971469,-7.45
-2.771469,-7.55
-2.471469,-7.55
-2.271469,-7.55
-1.971469,-7.55
-1.671469,-7.65
-1.271469,-7.55
-0.9714691,-7.65
-0.6714692,-7.65
-0.3714691,-7.65
2.85E-02,-7.65
0.4285309,-7.65
0.8285309,-7.55
1.128531,-7.55
1.428531,-7.35
1.728531,-7.25
2.028531,-6.95
-9.971469,-1.05
-9.67147,-0.85
-9.271469,-0.85
-8.971469,-0.65
-8.571469,-0.65
-8.17147,-0.55
-7.871469,-0.55
-7.471469,-0.45
-7.171469,-0.55
-6.771469,-0.55
-6.471469,-0.75
-6.271469,-0.75
-5.971469,-0.95
-5.771469,-0.95
-5.571469,-1.05
-5.271469,-1.05
-5.071469,-1.25
-4.871469,-1.25
-4.671469,-1.35
-4.471469,-1.35
-4.271469,-1.55
-4.071469,-1.65
-3.871469,-1.85
-3.771469,-1.95
-3.671469,-2.15
-3.471469,-2.15
-3.471469,-2.35
-3.371469,-2.45
-3.271469,-2.65
-3.171469,-2.75
-3.171469,-2.95
-3.071469,-3.05
-2.971469,-3.35
-2.971469,-3.55
-2.871469,-3.85
-2.871469,-4.05
-2.871469,-4.45
-2.771469,-4.65
-2.771469,-5.05
-2.671469,-5.35
-2.571469,-5.75
-2.471469,-5.95
-2.371469,-6.35
-2.171469,-6.55
-2.071469,-6.95
-1.871469,-7.15
-1.671469,-7.55
-1.371469,-7.65
-1.171469,-7.95
-0.8714691,-8.05
-0.6714692,-8.25
-0.3714691,-8.35
-7.15E-02,-8.45
0.3285309,-8.45
0.6285309,-8.55
1.028531,-8.45
1.328531,-8.55
1.728531,-8.45
2.028531,-8.55
2.328531,-8.45
2.628531,-8.45
2.928531,-8.25
3.228531,-8.150001
3.428531,-7.95
3.628531,-7.75
3.828531,-7.45
3.928531,-7.15
4.028531,-6.75
-5.471469,-1.95
-5.171469,-2.05
-4.971469,-2.05
-4.671469,-2.05
-4.371469,-1.95
-4.171469,-1.95
-3.871469,-1.85
-3.671469,-1.85
-3.371469,-1.95
-3.071469,-1.95
-2.871469,-2.05
-2.471469,-2.05
-2.171469,-2.15
-1.871469,-2.15
-1.671469,-2.25
-1.371469,-2.15
-1.171469,-2.15
-0.9714691,-2.05
-0.8714691,-2.05
-0.6714692,-1.95
-0.5714691,-2.05
-0.4714691,-1.95
-0.2714691,-2.05
-0.1714691,-2.15
-7.15E-02,-2.35
2.85E-02,-2.35
0.1285309,-2.45
0.2285309,-2.55
0.3285309,-2.65
0.4285309,-2.75
0.4285309,-2.95
0.5285309,-3.05
0.6285309,-3.25
0.7285309,-3.35
0.7285309,-3.65
0.7285309,-3.85
0.7285309,-4.05
0.8285309,-4.35
0.8285309,-4.65
0.8285309,-5.05
0.8285309,-5.45
0.9285309,-5.75
0.9285309,-6.15
1.028531,-6.55
1.128531,-6.95
1.228531,-7.35
1.328531,-7.75
1.528531,-8.05
1.728531,-8.45
1.928531,-8.650001
2.128531,-8.85
2.328531,-9.05
2.628531,-9.150001
2.928531,-9.150001
3.128531,-9.25
3.428531,-9.150001
3.628531,-9.05
3.828531,-8.85
4.028531,-8.650001
4.128531,-8.45
4.228531,-8.25
4.328531,-7.85
4.228531,-7.55
4.228531,-7.15
4.228531,-6.75
4.128531,-6.35
4.028531,-5.85
4.028531,-5.35
-2.071469,-3.95
-1.871469,-3.85
-1.771469,-3.75
-1.571469,-3.45
-1.471469,-3.35
-1.271469,-3.05
-1.171469,-3.05
-0.8714691,-2.95
-0.6714692,-3.05
-0.3714691,-3.05
2.85E-02,-3.25
0.3285309,-3.25
0.7285309,-3.35
1.028531,-3.15
1.328531,-3.15
1.628531,-3.05
1.828531,-2.95
2.028531,-2.85
2.228531,-2.85
2.528531,-2.75
2.828531,-2.85
3.128531,-2.85
3.428531,-3.05
3.828531,-3.05
4.128531,-3.25
4.428531,-3.15
4.528531,-3.35
4.728531,-3.25
4.828531,-3.15
4.828531,-3.15
4.828531,-3.05
4.828531,-3.05
4.728531,-3.05
4.628531,-3.05
4.428531,-3.15
4.228531,-3.25
4.028531,-3.45
3.928531,-3.65
3.728531,-3.95
3.628531,-4.35
3.528531,-4.75
3.528531,-5.15
3.528531,-5.65
3.628531,-6.05
3.628531,-6.55
3.728531,-6.95
3.828531,-7.45
3.928531,-7.85
4.028531,-8.25
4.228531,-8.55
4.328531,-8.85
4.528531,-8.95
4.528531,-9.150001
4.728531,-9.05
4.728531,-9.05
4.828531,-8.85
4.828531,-8.650001
4.828531,-8.35
4.728531,-7.95
4.628531,-7.55
4.428531,-7.05
4.328531,-6.55
4.128531,-6.05
4.028531,-5.65
3.928531,-5.05
3.928531,-4.65
3.828531,-4.25
3.828531,-3.95
1.528531,-3.75
1.528531,-3.55
1.428531,-3.25
1.328531,-2.95
1.328531,-2.85
1.328531,-2.95
1.428531,-3.15
1.628531,-3.35
1.828531,-3.65
2.228531,-3.75
2.528531,-4.05
2.928531,-4.05
3.228531,-4.15
3.628531,-4.05
3.928531,-4.05
4.228531,-3.95
4.528531,-4.05
4.928531,-4.15
5.428531,-4.35
5.928531,-4.55
6.428531,-4.85
7.028531,-4.85
7.528531,-4.95
7.928531,-4.85
8.128531,-4.75
8.228531,-4.45
8.328531,-4.15
8.228531,-3.75
8.028531,-3.35
7.828531,-2.85
7.528531,-2.55
7.228531,-2.25
6.728531,-1.95
6.328531,-1.75
5.828531,-1.75
5.328531,-1.75
4.928531,-1.95
4.428531,-2.15
4.128531,-2.75
3.828531,-3.25
3.728531,-3.85
3.628531,-4.45
3.628531,-5.15
3.728531,-5.75
3.928531,-6.35
4.128531,-6.95
4.428531,-7.35
4.728531,-7.75
5.028531,-8.05
5.328531,-8.25
5.528531,-8.45
5.728531,-8.45
5.828531,-8.45
5.928531,-8.35
5.928531,-8.150001
6.028531,-7.85
5.928531,-7.55
5.928531,-7.05
5.828531,-6.65
5.828531,-6.15
5.728531,-5.75
5.728531,-5.15
5.728531,-4.75
5.828531,-4.35
5.928531,-4.15
6.028531,-3.85
6.128531,-3.75
6.228531,-3.55
4.028531,-2.65
3.728531,-2.45
3.428531,-2.45
3.228531,-2.55
3.128531,-2.75
3.128531,-3.05
3.328531,-3.55
3.628531,-3.85
4.028531,-4.35
4.528531,-4.65
5.028531,-4.95
5.528531,-5.05
5.928531,-5.15
6.328531,-5.15
6.628531,-5.35
7.028531,-5.45
7.628531,-5.75
8.228531,-5.95
8.828531,-6.35
9.528531,-6.45
10.02853,-6.65
10.42853,-6.45
10.72853,-6.25
10.92853,-5.75
10.92853,-5.15
10.82853,-4.45
10.62853,-3.75
10.32853,-2.95
9.928531,-2.35
9.628531,-1.65
9.228531,-1.15
8.828531,-0.65
8.328531,-0.25
7.928531,-5.00E-02
7.428531,5.00E-02
7.028531,0.15
6.528531,-5.00E-02
6.128531,-0.45
5.728531,-1.05
5.328531,-1.75
5.028531,-2.75
4.828531,-3.65
4.728531,-4.75
4.728531,-5.65
4.928531,-6.55
5.228531,-7.15
5.528531,-7.65
5.928531,-7.95
6.228531,-8.150001
6.628531,-8.150001
6.928531,-8.25
7.228531,-8.05
7.528531,-7.95
7.728531,-7.65
7.828531,-7.45
8.028531,-6.95
8.128531,-6.65
8.328531,-6.25
8.428531,-5.85
8.628531,-5.35
8.728531,-5.05
8.928531,-4.65
9.028531,-4.45
9.128531,-4.25
9.228531,-4.15
9.428531,-3.95
9.528531,-3.95
9.828531,-3.75
4.428531,-1.95
4.228531,-2.05
4.028531,-2.35
4.128531,-2.65
4.328531,-3.15
4.628531,-3.75
5.128531,-4.45
5.728531,-4.95
6.428531,-5.55
7.128531,-5.85
7.828531,-6.15
8.328531,-6.25
8.828531,-6.35
9.328531,-6.45
9.928531,-6.65
10.52853,-6.85
11.12853,-7.05
11.72853,-7.25
12.22853,-7.25
12.62853,-7.05
12.82853,-6.85
13.02853,-6.35
13.12853,-5.75
13.12853,-5.05
13.02853,-4.25
12.82853,-3.45
12.62853,-2.55
12.32853,-1.85
12.02853,-1.15
11.62853,-0.55
11.32853,-5.00E-02
11.02853,0.35
10.72853,0.55
10.52853,0.75
10.32853,0.85
10.22853,0.75
10.12853,0.65
9.928531,0.35
9.728531,-5.00E-02
9.528531,-0.65
9.228531,-1.55
8.928531,-2.55
8.628531,-3.75
8.428531,-4.85
8.328531,-5.95
8.328531,-6.85
8.428531,-7.55
8.628531,-7.95
8.828531,-8.150001
9.128531,-8.150001
9.428531,-8.150001
9.628531,-7.95
9.928531,-7.85
10.22853,-7.55
10.52853,-7.25
10.72853,-6.95
10.92853,-6.55
11.12853,-6.15
11.22853,-5.75
11.32853,-5.35
11.32853,-5.05
11.32853,-4.75
11.22853,-4.45
11.22853,-4.35
11.22853,-4.25
11.32853,-4.25
11.42853,-4.15
11.72853,-4.05
5.128531,-1.75
5.128531,-2.25
5.228531,-2.95
5.628531,-3.55
6.128531,-4.45
6.828531,-5.15
7.628531,-6.05
8.528531,-6.65
9.228531,-7.25
10.12853,-7.45
10.82853,-7.65
11.52853,-7.55
12.22853,-7.65
12.92853,-7.65
13.52853,-7.75
14.02853,-7.75
14.42853,-7.75
14.72853,-7.55
14.92853,-7.45
15.12853,-6.95
15.12853,-6.55
15.22853,-5.85
15.22853,-5.15
15.22853,-4.35
15.02853,-3.45
14.82853,-2.55
14.52853,-1.65
14.22853,-0.85
13.82853,-0.15
13.52853,0.45
13.12853,0.85
12.82853,1.15
12.42853,1.25
12.22853,1.25
12.22853,0.95
12.32853,0.85
12.62853,0.45
12.92853,0.25
13.12853,-0.15
13.32853,-0.45
13.22853,-1.15
13.12853,-1.95
12.82853,-2.95
12.52853,-4.05
12.32853,-5.15
12.22853,-6.05
12.12853,-6.85
12.12853,-7.45
12.12853,-7.75
12.22853,-7.95
12.22853,-8.05
12.42853,-7.95
12.52853,-7.85
12.72853,-7.55
12.92853,-7.35
13.12853,-6.95
13.22853,-6.55
13.32853,-5.95
13.22853,-5.45
13.12853,-4.85
12.82853,-4.25
12.42853,-3.95
12.12853,-3.65
11.82853,-3.55
11.72853,-3.85
11.82853,-4.25
12.12853,-4.75
12.72853,-5.15
6.128531,-2.35
6.428531,-3.35
6.928531,-4.45
7.628531,-5.45
8.428531,-6.45
9.328531,-7.35
10.12853,-8.05
11.02853,-8.55
11.92853,-8.95
12.82853,-9.05
13.62853,-9.150001
14.42853,-8.95
15.02853,-8.85
15.52853,-8.650001
16.02853,-8.55
16.32853,-8.35
16.62853,-8.05
16.82853,-7.75
16.92853,-7.35
17.02853,-6.75
16.92853,-6.15
16.82853,-5.35
16.52853,-4.45
16.32853,-3.55
16.12853,-2.55
15.82853,-1.55
15.52853,-0.75
15.22853,5.00E-02
15.02853,0.65
14.72853,1.15
14.32853,1.45
14.02853,1.65
13.62853,1.55
13.32853,1.25
13.22853,0.75
13.32853,0.15
13.82853,-0.45
14.32853,-0.95
14.92853,-1.45
15.52853,-1.85
15.92853,-2.25
16.22853,-2.75
16.32853,-3.45
16.42853,-4.15
16.32853,-4.85
16.32853,-5.55
16.22853,-6.05
16.12853,-6.45
15.92853,-6.65
15.72853,-6.95
15.42853,-6.85
15.12853,-6.95
14.92853,-6.85
14.82853,-6.65
14.62853,-6.35
14.52853,-6.05
14.42853,-5.55
14.22853,-4.95
13.92853,-4.15
13.62853,-3.35
13.22853,-2.75
12.92853,-2.25
12.62853,-2.25
12.52853,-2.65
12.62853,-3.65
13.02853,-4.85
13.62853,-6.05
14.52853,-7.05
7.928531,-3.05
8.428531,-4.45
9.128531,-6.05
10.02853,-7.35
10.92853,-8.55
11.82853,-9.35
12.72853,-9.95
13.52853,-10.25
14.42853,-10.45
15.32853,-10.35
16.02853,-10.25
16.72853,-9.85
17.22853,-9.75
17.62853,-9.45
18.02853,-9.25
18.42853,-8.85
18.62853,-8.45
18.82853,-7.95
18.82853,-7.25
18.62853,-6.35
18.22853,-5.45
17.82853,-4.35
17.42853,-3.25
17.02853,-2.15
16.62853,-1.15
16.32853,-0.25
16.02853,0.45
15.92853,1.05
15.82853,1.35
15.72853,1.65
15.52853,1.75
15.42853,1.75
15.22853,1.65
14.92853,1.25
14.62853,0.55
14.52853,-0.25
14.62853,-1.35
15.02853,-2.15
15.62853,-2.85
16.22853,-3.25
16.92853,-3.65
17.42853,-3.85
17.92853,-4.15
18.22853,-4.45
18.42853,-4.85
18.52853,-5.05
18.62853,-5.35
18.62853,-5.45
18.42853,-5.55
18.12853,-5.65
17.62853,-5.45
17.12853,-5.55
16.62853,-5.45
16.12853,-5.35
15.62853,-5.15
15.12853,-4.85
14.52853,-4.35
14.12853,-3.75
13.62853,-3.05
13.32853,-2.25
13.22853,-1.75
13.22853,-1.65
13.32853,-2.25
13.72853,-3.35
14.22853,-5.05
15.12853,-6.75
16.22853,-8.35
17.52853,-9.55
10.62853,-3.55
11.02853,-5.55
11.62853,-7.55
12.52853,-9.25
13.32853,-10.45
14.12853,-11.25
14.92853,-11.65
15.72853,-11.85
16.52853,-11.75
17.32853,-11.65
18.12853,-11.45
18.82853,-11.25
19.42853,-10.85
19.92853,-10.45
20.22853,-9.95
20.52853,-9.35
20.52853,-8.55
20.62853,-7.65
20.32853,-6.45
20.02853,-5.25
19.42853,-3.95
18.82853,-2.75
18.22853,-1.55
17.72853,-0.55
17.22853,0.25
16.82853,1.05
16.42853,1.45
16.02853,1.85
15.82853,1.95
15.62853,2.05
15.52853,1.95
15.42853,1.85
15.42853,1.65
15.22853,1.25
15.02853,0.65
14.82853,-0.15
14.72853,-1.05
14.72853,-2.15
14.92853,-3.05
15.22853,-3.65
15.52853,-4.05
16.02853,-4.25
16.32853,-4.25
16.52853,-4.35
16.62853,-4.55
16.82853,-4.65
16.92853,-4.85
17.12853,-5.05
17.22853,-5.15
17.22853,-5.15
16.92853,-5.05
16.62853,-4.85
16.22853,-4.65
15.82853,-4.45
15.32853,-4.15
14.82853,-3.95
14.32853,-3.55
13.92853,-3.05
13.62853,-2.45
13.62853,-1.85
13.72853,-1.75
14.02853,-2.05
14.52853,-3.35
15.32853,-5.15
16.32853,-7.45
17.52853,-9.55
19.02853,-11.25
20.62853,-12.65
13.22853,-3.85
13.52853,-6.35
14.12853,-8.75
14.72853,-10.55
15.42853,-11.85
16.12853,-12.45
16.72853,-12.85
17.52853,-12.85
18.22853,-12.95
19.02853,-12.85
19.82853,-12.75
20.62853,-12.45
21.32853,-12.05
21.72853,-11.15
21.82853,-10.25
21.82853,-9.150001
21.72853,-7.95
21.62853,-6.75
21.42853,-5.15
21.12853,-3.75
20.62853,-2.35
20.02853,-1.25
19.42853,-0.15
18.92853,0.75
18.32853,1.45
17.72853,2.05
17.02853,2.45
16.42853,2.85
15.72853,2.85
15.12853,2.75
14.62853,2.45
14.32853,2.15
14.12853,1.65
14.02853,1.25
13.92853,0.75
13.82853,5.00E-02
13.72853,-0.75
13.72853,-1.65
13.72853,-2.45
13.82853,-3.15
13.92853,-3.65
14.12853,-3.75
14.22853,-3.85
14.42853,-3.75
14.52853,-3.85
14.52853,-4.05
14.62853,-4.35
14.92853,-4.55
15.02853,-4.75
15.12853,-4.75
15.12853,-4.65
15.12853,-4.35
15.02853,-3.95
14.92853,-3.65
14.62853,-3.35
14.32853,-3.15
14.02853,-2.85
13.92853,-2.55
13.92853,-2.35
14.22853,-2.05
14.52853,-2.55
15.12853,-3.45
16.02853,-5.35
17.02853,-7.55
18.22853,-10.15
19.72853,-12.35
21.42853,-14.55
23.52853,-16.45
15.82853,-3.75
16.12853,-6.45
16.32853,-8.85
16.72853,-10.75
17.02853,-11.95
17.42853,-12.65
17.92853,-13.05
18.52853,-13.25
19.12853,-13.45
19.82853,-13.55
20.32853,-13.55
21.02853,-13.15
21.42853,-12.45
21.62853,-11.35
21.62853,-9.95
21.52853,-8.55
21.52853,-7.15
21.72853,-5.75
21.72853,-4.35
21.52853,-2.95
21.12853,-1.65
20.62853,-0.55
20.02853,0.35
19.42853,1.25
18.82853,1.95
18.02853,2.55
17.22853,3.05
16.32853,3.45
15.32853,3.65
14.42853,3.65
13.72853,3.35
13.12853,2.75
12.72853,2.05
12.42853,1.15
12.22853,0.25
12.12853,-0.65
12.12853,-1.55
12.22853,-2.25
12.52853,-2.95
12.82853,-3.45
13.22853,-3.65
13.62853,-3.75
13.92853,-3.75
14.32853,-3.55
14.62853,-3.65
15.02853,-3.65
15.22853,-3.85
15.52853,-3.85
15.52853,-3.95
15.42853,-3.85
15.22853,-3.65
15.02853,-3.35
14.82853,-3.05
14.62853,-2.85
14.32853,-2.65
14.02853,-2.55
13.92853,-2.55
13.92853,-2.55
14.12853,-2.65
14.52853,-2.95
15.22853,-3.85
16.22853,-5.15
17.22853,-7.35
18.12853,-9.95
19.32853,-12.65
20.92853,-15.35
23.02853,-18.05
25.52853,-20.75
18.72853,-3.55
18.92853,-6.25
18.92853,-8.45
18.82853,-10.15
18.52853,-11.05
18.62853,-11.85
18.72853,-12.35
19.12853,-12.75
19.42853,-13.15
19.72853,-13.35
19.92853,-13.35
20.22853,-12.85
20.32853,-12.05
20.52853,-10.85
20.52853,-9.35
20.52853,-7.85
20.62853,-6.45
20.82853,-5.05
20.72853,-3.65
20.52853,-2.35
19.82853,-1.15
19.12853,-5.00E-02
18.32853,0.85
17.62853,1.65
16.72853,2.25
16.02853,2.85
15.12853,3.25
14.32853,3.65
13.42853,3.75
12.62853,3.75
11.92853,3.55
11.42853,3.15
11.02853,2.45
11.02853,1.45
10.92853,5.00E-02
10.92853,-1.35
10.92853,-2.65
11.02853,-3.65
11.42853,-4.25
12.12853,-4.55
12.82853,-4.65
13.52853,-4.55
14.12853,-4.55
14.92853,-4.45
15.62853,-4.35
16.22853,-4.05
16.72853,-3.95
17.12853,-3.55
17.02853,-3.25
16.72853,-2.95
16.32853,-2.65
15.92853,-2.35
15.42853,-2.15
15.02853,-1.95
14.62853,-1.95
14.42853,-2.05
14.42853,-2.35
14.42853,-2.65
14.62853,-3.15
15.12853,-3.75
15.92853,-4.95
16.82853,-6.65
17.52853,-9.150001
18.42853,-11.95
19.62853,-15.05
21.42853,-18.15
24.12853,-21.75
27.22853,-25.15
21.52853,-2.05
21.52853,-5.05
21.22853,-7.25
20.62853,-8.75
20.02853,-9.75
19.62853,-10.55
19.32853,-11.05
19.22853,-11.65
19.22853,-12.05
19.32853,-12.35
19.22853,-12.35
19.12853,-11.95
18.92853,-11.05
18.72853,-9.85
18.62853,-8.35
18.62853,-6.85
18.72853,-5.35
18.72853,-4.15
18.42853,-2.95
17.82853,-1.85
16.92853,-0.75
15.92853,0.35
14.92853,1.25
13.92853,2.05
13.12853,2.75
12.32853,3.35
11.52853,3.85
10.92853,4.25
10.52853,4.15
10.22853,3.75
9.828531,3.15
9.528531,2.55
9.328531,1.95
9.428531,1.35
9.728531,5.00E-02
10.12853,-1.45
10.42853,-3.35
10.62853,-4.75
10.92853,-5.55
11.52853,-5.75
12.22853,-5.85
13.02853,-5.85
13.82853,-5.85
14.72853,-5.85
15.52853,-5.75
16.22853,-5.35
16.82853,-4.75
17.22853,-4.05
17.22853,-3.35
17.12853,-2.75
17.02853,-2.25
16.72853,-1.75
16.32853,-1.55
15.92853,-1.45
15.52853,-1.55
15.32853,-1.85
15.02853,-2.25
14.82853,-2.65
14.92853,-3.35
15.22853,-4.35
15.62853,-5.95
16.22853,-7.95
16.92853,-10.65
17.72853,-13.55
18.82853,-16.95
20.62853,-20.85
23.42853,-25.45
27.02853,-29.85
23.92853,0.35
23.32853,-2.65
22.52853,-5.05
21.72853,-6.85
20.92853,-7.95
20.32853,-8.75
19.82853,-9.45
19.42853,-10.15
19.22853,-10.75
19.02853,-11.25
18.82853,-11.45
18.42853,-11.25
17.82853,-10.35
17.22853,-8.95
16.92853,-7.45
17.02853,-5.75
17.02853,-4.45
17.02853,-3.45
16.62853,-2.75
16.02853,-1.85
15.02853,-0.75
14.02853,0.75
12.92853,2.05
11.82853,3.35
10.72853,4.25
9.928531,5.15
9.328531,5.85
9.128531,6.35
9.428531,5.85
9.928531,4.85
10.02853,3.25
9.728531,1.95
9.228531,1.15
9.028531,0.65
9.428531,-0.25
10.12853,-1.55
10.72853,-3.45
11.02853,-4.95
11.12853,-5.95
11.42853,-6.25
12.02853,-6.45
12.92853,-6.75
13.92853,-7.15
15.02853,-7.35
16.02853,-7.25
17.02853,-6.55
17.82853,-5.75
18.52853,-4.65
19.02853,-3.75
19.52853,-2.75
19.62853,-1.95
19.52853,-1.25
19.12853,-0.85
18.52853,-0.75
17.82853,-0.85
17.12853,-1.05
16.42853,-1.45
15.82853,-1.85
15.52853,-2.75
15.52853,-4.05
15.62853,-6.05
16.02853,-8.35
16.32853,-11.25
16.82853,-14.25
17.32853,-18.05
18.42853,-22.45
20.92853,-27.75
24.42853,-32.85
25.92853,2.65
24.92853,-5.00E-02
23.92853,-2.45
23.02853,-4.45
22.12853,-5.75
21.42853,-6.75
20.82853,-7.45
20.22853,-8.150001
19.72853,-8.75
19.12853,-9.55
18.42853,-10.05
17.72853,-10.15
17.02853,-9.55
16.52853,-8.35
16.32853,-6.55
16.32853,-5.05
16.52853,-4.05
16.72853,-3.55
16.52853,-3.05
16.02853,-1.85
15.22853,5.00E-02
14.02853,2.35
12.62853,4.45
11.32853,6.15
10.32853,7.25
9.628531,7.95
9.328531,8.25
9.628531,8.150001
10.32853,7.25
11.32853,5.75
11.92853,3.65
11.82853,1.85
11.12853,0.65
10.52853,-0.15
10.52853,-0.75
11.02853,-1.75
11.72853,-3.35
12.12853,-4.75
12.22853,-5.85
12.62853,-6.55
13.42853,-7.35
14.72853,-8.25
16.42853,-8.95
18.12853,-9.25
19.72853,-8.95
21.22853,-8.05
22.52853,-7.05
23.62853,-5.85
24.62853,-4.65
25.42853,-3.35
25.72853,-2.15
25.72853,-0.95
25.32853,-5.00E-02
24.52853,0.65
23.32853,0.95
21.72853,0.95
20.12853,0.55
18.82853,-0.15
17.62853,-1.25
16.92853,-2.75
16.42853,-4.85
16.22853,-7.45
16.02853,-10.55
15.82853,-13.65
15.62853,-17.55
15.92853,-22.35
17.62853,-28.05
20.72853,-33.55
28.12853,5.25
26.92853,2.75
25.62853,0.45
24.62853,-1.55
23.62853,-3.15
23.02853,-4.25
22.52853,-5.05
21.82853,-5.65
20.82853,-6.35
19.82853,-7.05
18.62853,-7.85
17.52853,-8.45
16.82853,-8.35
16.42853,-7.45
16.42853,-6.15
16.52853,-4.85
16.82853,-4.35
17.32853,-3.85
17.52853,-2.65
17.12853,-0.45
15.92853,2.55
14.32853,5.55
12.72853,7.75
11.62853,9.25
11.12853,9.85
11.12853,9.95
11.32853,9.35
11.62853,8.55
12.22853,7.25
13.02853,5.75
13.62853,3.85
13.72853,2.15
13.12853,0.65
12.52853,-0.35
12.32853,-1.15
12.52853,-2.15
13.02853,-3.65
13.62853,-5.05
14.22853,-6.55
15.32853,-7.75
17.12853,-9.35
19.32853,-10.55
21.62853,-11.45
23.82853,-11.55
25.62853,-10.95
27.22853,-9.85
28.62853,-8.75
30.02853,-7.35
31.42853,-5.95
32.52853,-4.15
33.02853,-2.45
33.12853,-0.55
32.72853,1.05
31.92853,2.65
30.52853,3.75
28.42853,4.35
25.92853,4.25
23.52853,3.35
21.32853,1.75
19.52853,-0.15
17.92853,-2.75
16.82853,-5.75
15.92853,-8.95
15.22853,-12.05
14.42853,-15.95
14.02853,-21.05
14.82853,-27.65
17.02853,-34.15
31.52853,8.85
29.62853,6.75
27.62853,4.65
25.82853,2.55
24.32853,0.65
23.12853,-0.95
22.32853,-2.15
21.52853,-3.25
20.62853,-4.15
19.62853,-5.05
18.42853,-6.05
17.42853,-6.95
16.92853,-7.35
16.72853,-7.05
16.92853,-6.35
17.32853,-5.55
18.02853,-5.05
18.82853,-3.95
19.12853,-1.45
18.62853,2.05
17.02853,5.45
15.22853,8.25
13.82853,9.75
13.12853,10.45
13.32853,10.45
13.82853,10.15
14.22853,9.25
14.52853,8.35
14.62853,7.15
14.82853,5.95
14.92853,4.45
14.92853,2.85
14.52853,1.05
14.22853,-0.45
14.12853,-1.75
14.42853,-3.25
15.22853,-5.05
16.62853,-6.95
18.52853,-8.75
20.72853,-10.55
23.22853,-12.15
25.52853,-13.35
27.72853,-13.75
29.62853,-13.35
31.12853,-12.25
32.52853,-11.05
34.02853,-10.25
36.02853,-9.150001
38.02853,-7.65
39.72853,-5.75
40.72853,-3.45
41.02853,-0.95
40.72853,1.55
39.82853,4.05
38.12853,6.05
35.62853,7.55
32.52853,7.95
29.42853,7.55
26.52853,6.25
23.62853,4.25
20.92853,1.35
18.62853,-2.05
16.92853,-5.85
15.52853,-9.55
14.12853,-13.35
12.72853,-18.45
12.32853,-25.75
13.22853,-33.65
36.12853,12.75
33.72853,11.45
31.02853,9.95
28.22853,8.05
25.52853,5.85
23.22853,3.65
21.42853,1.35
20.12853,-0.55
19.22853,-2.15
18.42853,-3.35
17.62853,-4.65
16.92853,-5.95
16.72853,-6.75
16.92853,-6.95
17.42853,-6.85
18.42853,-6.45
19.72853,-5.55
20.92853,-3.45
21.02853,5.00E-02
20.22853,3.95
18.62853,6.85
17.12853,8.85
16.02853,9.55
15.62853,9.85
15.92853,9.650001
16.52853,9.35
16.82853,8.95
16.92853,8.45
16.82853,7.75
16.72853,6.85
16.42853,5.35
16.22853,3.45
16.12853,1.15
16.42853,-0.95
16.82853,-3.05
17.62853,-5.25
19.32853,-7.75
21.92853,-9.95
24.82853,-11.85
27.42853,-13.35
29.22853,-14.55
30.72853,-15.35
32.52853,-15.35
34.62853,-14.45
36.52853,-13.75
38.42853,-13.45
41.02853,-12.95
44.22853,-11.55
47.32853,-9.25
49.62853,-6.45
50.52853,-3.65
51.02853,-0.55
50.92853,2.75
50.02853,6.25
47.42853,8.75
43.72853,10.05
40.02853,10.45
36.52853,10.65
32.92853,10.25
28.92853,9.05
24.92853,6.45
21.22853,2.95
18.32853,-1.15
16.22853,-5.45
14.42853,-9.85
12.42853,-14.95
10.62853,-22.35
9.928531,-31.35
40.72853,16.55
37.62853,15.65
34.22853,14.35
31.02853,12.65
28.12853,10.65
25.32853,8.45
22.82853,5.85
20.72853,3.15
19.22853,0.65
18.02853,-1.55
17.12853,-3.65
16.72853,-5.35
16.72853,-6.55
17.22853,-7.25
18.42853,-7.45
20.22853,-6.95
21.82853,-5.25
22.72853,-2.55
22.62853,0.75
22.12853,3.65
21.72853,5.55
21.22853,6.85
20.62853,7.55
20.22853,8.25
19.82853,8.75
19.52853,8.95
19.12853,8.85
18.72853,8.55
18.52853,7.85
18.52853,6.85
18.32853,5.15
18.22853,2.75
18.82853,-5.00E-02
19.82853,-2.65
20.82853,-5.25
22.32853,-8.05
24.72853,-10.85
27.72853,-13.05
30.22853,-14.25
31.82853,-14.85
32.62853,-15.85
34.32853,-16.75
37.62853,-16.95
41.22853,-16.75
43.62853,-16.95
46.12853,-17.05
50.42853,-16.05
55.32853,-13.45
57.52853,-9.75
57.72853,-6.15
58.42853,-2.95
60.02853,1.05
60.52853,5.75
58.92853,10.25
55.32853,13.35
51.52853,15.35
48.22853,16.15
45.02853,16.65
40.92853,16.35
36.12853,14.95
30.92853,12.25
25.62853,8.55
20.92853,4.25
17.12853,-0.35
14.62853,-5.15
12.42853,-10.45
10.02853,-17.75
7.928531,-26.95
46.22853,20.45
42.22853,20.05
37.72853,18.55
33.62853,16.45
30.22853,13.95
27.42853,11.55
24.82853,9.25
22.42853,6.65
20.52853,3.65
19.12853,0.55
18.42853,-2.15
18.22853,-4.35
18.22853,-6.15
18.82853,-7.25
20.52853,-7.65
22.52853,-6.75
23.52853,-4.75
23.82853,-2.25
24.42853,-0.15
25.52853,1.85
26.72853,3.75
27.22853,5.95
26.62853,7.75
25.82853,8.95
24.42853,9.55
22.92853,9.55
21.72853,8.85
21.02853,7.95
21.02853,6.75
21.02853,5.55
21.02853,3.45
21.22853,0.85
22.42853,-2.25
24.02853,-5.05
25.52853,-7.75
27.22853,-10.35
29.42853,-13.05
32.02853,-14.95
34.32853,-15.95
35.82853,-16.45
37.12853,-17.75
40.42853,-18.95
45.92853,-19.65
50.02853,-19.65
51.42853,-19.35
53.12853,-18.35
57.62853,-16.55
61.62853,-13.55
61.32853,-10.05
59.92853,-6.45
60.62853,-2.75
62.42853,1.45
62.52853,5.75
60.82853,10.25
58.12853,14.65
55.52853,18.65
52.72853,21.45
49.72853,23.15
46.12853,23.55
42.12853,22.95
37.42853,20.45
31.92853,16.55
25.92853,11.25
20.12853,5.65
15.52853,5.00E-02
12.42853,-5.65
9.928531,-12.55
7.228531,-21.45
49.72853,20.25
46.82853,22.05
42.52853,22.25
37.72853,20.75
33.22853,17.65
29.62853,14.05
26.62853,10.75
23.92853,7.85
21.82853,4.75
20.52853,1.55
20.52853,-1.35
21.02853,-3.45
21.42853,-5.35
22.32853,-6.75
23.92853,-6.85
24.92853,-5.65
24.52853,-4.15
24.82853,-3.45
27.82853,-2.35
31.12853,0.55
32.52853,4.45
32.32853,8.05
31.42853,10.35
30.32853,11.75
28.62853,12.15
26.52853,11.45
24.82853,9.55
24.32853,7.45
24.52853,5.65
24.72853,3.85
24.82853,1.35
25.32853,-1.55
26.62853,-4.65
28.32853,-7.25
29.82853,-9.25
30.82853,-11.05
31.92853,-13.45
34.42853,-16.25
38.42853,-18.65
42.22853,-20.35
45.62853,-21.45
50.02853,-21.65
54.22853,-21.35
55.92853,-20.75
55.52853,-19.35
56.22853,-17.05
58.22853,-14.55
58.72853,-12.15
56.92853,-9.35
55.52853,-5.95
56.12853,-2.45
57.12853,0.95
57.12853,4.35
56.52853,8.05
55.52853,12.25
54.12853,16.35
52.02853,20.05
49.62853,23.15
47.12853,25.45
44.12853,27.05
40.12853,27.15
35.52853,25.35
30.32853,20.85
24.62853,14.75
18.82853,7.35
13.82853,5.00E-02
10.32853,-7.35
7.228531,-15.75
48.62853,15.85
48.22853,19.35
46.12853,21.95
42.52853,23.15
37.82853,21.75
33.42853,18.55
29.72853,14.05
26.72853,9.75
24.52853,5.85
23.32853,2.15
23.42853,-0.95
24.22853,-3.25
25.12853,-5.05
26.32853,-6.15
27.12853,-6.05
26.72853,-5.25
25.92853,-5.25
27.82853,-5.75
32.72853,-4.05
36.32853,0.85
35.92853,6.35
34.72853,10.35
34.02853,12.45
33.52853,13.95
32.02853,14.45
30.02853,13.65
28.32853,10.95
27.92853,7.85
28.32853,5.25
28.72853,2.95
29.12853,-5.00E-02
30.12853,-3.25
31.42853,-6.05
33.02853,-8.150001
34.52853,-9.650001
35.42853,-11.15
36.42853,-14.25
40.12853,-18.35
46.62853,-21.65
52.22853,-23.25
55.82853,-23.25
58.72853,-21.85
59.02853,-20.05
56.82853,-18.35
54.62853,-15.95
53.92853,-13.15
53.32853,-10.85
51.62853,-8.35
49.62853,-5.25
48.62853,-1.95
48.62853,1.05
48.82853,3.75
48.82853,6.35
48.82853,9.35
48.72853,12.35
48.62853,15.55
48.42853,18.85
48.02853,22.15
47.12853,25.05
45.22853,27.65
41.42853,29.15
37.02853,29.65
32.22853,28.05
27.42853,24.05
21.92853,16.75
16.52853,7.85
11.92853,-1.35
8.128531,-10.15
44.32853,10.55
45.42853,14.25
46.12853,17.45
45.42853,20.45
42.62853,21.85
38.42853,21.05
34.02853,17.35
30.62853,12.65
28.92853,8.25
28.12853,4.55
27.62853,1.05
27.42853,-2.35
27.72853,-4.85
28.42853,-6.25
28.42853,-6.45
28.02853,-7.25
29.42853,-8.55
33.32853,-8.150001
37.12853,-4.25
37.92853,1.55
36.02853,6.35
34.82853,9.650001
34.92853,11.95
35.02853,13.75
34.32853,14.35
32.92853,13.45
32.12853,10.45
32.52853,7.05
33.12853,4.45
33.52853,1.75
34.42853,-1.45
36.12853,-4.45
37.42853,-6.75
38.72853,-8.95
41.02853,-11.85
43.72853,-15.05
47.02853,-18.75
52.72853,-21.45
58.32853,-21.65
60.22853,-20.35
59.42853,-18.65
58.72853,-16.85
56.02853,-14.75
51.42853,-12.25
48.22853,-9.05
46.72853,-6.25
45.12853,-4.45
43.42853,-2.55
42.12853,-5.00E-02
40.72853,2.35
39.82853,4.55
39.62853,6.45
39.72853,8.45
39.72853,10.75
39.92853,13.55
40.32853,16.55
41.02853,19.85
41.92853,23.05
42.92853,25.95
43.02853,28.45
41.62853,29.85
38.92853,30.55
34.42853,30.25
29.12853,28.85
23.32853,24.05
18.02853,16.25
13.82853,6.05
10.02853,-4.15
39.62853,7.55
41.52853,11.15
43.62853,13.95
45.62853,16.75
45.82853,18.95
43.62853,20.05
39.52853,18.15
35.72853,14.15
33.62853,9.85
32.52853,6.65
31.12853,3.55
29.72853,0.15
28.92853,-3.05
28.72853,-5.25
28.42853,-7.15
28.82853,-9.85
32.42853,-11.85
36.92853,-9.85
38.12853,-4.45
36.62853,0.75
35.02853,4.25
34.72853,7.45
34.92853,10.15
35.42853,11.65
35.72853,11.45
35.92853,9.75
37.22853,6.25
39.62853,3.35
41.22853,1.25
41.82853,-0.85
43.12853,-3.55
45.32853,-5.65
46.22853,-7.65
46.82853,-10.75
49.72853,-15.95
54.52853,-20.85
59.72853,-23.35
64.82853,-22.85
65.72853,-19.55
61.72853,-15.35
56.22853,-11.85
52.92853,-9.25
49.62853,-7.15
45.12853,-5.15
41.42853,-3.05
38.82853,-1.55
36.42853,-0.95
35.22853,-0.25
34.62853,1.25
33.32853,3.35
31.92853,4.95
31.82853,6.25
32.42853,7.65
32.92853,9.75
33.42853,12.35
33.92853,15.65
34.32853,19.15
34.92853,22.85
35.92853,26.15
37.12853,29.15
38.42853,30.95
39.22853,32.05
37.42853,32.05
32.62853,31.15
25.52853,28.15
19.02853,22.15
14.92853,12.55
12.22853,1.85
34.22853,6.95
36.52853,9.35
39.22853,11.55
42.42853,13.95
45.22853,16.25
46.32853,18.25
44.82853,18.45
42.22853,16.35
39.52853,12.65
37.22853,9.05
35.02853,6.05
32.92853,2.75
31.22853,-0.55
29.82853,-3.85
28.92853,-7.25
29.62853,-10.95
33.72853,-12.15
37.42853,-9.35
37.12853,-4.65
35.62853,-1.25
35.22853,1.35
35.02853,4.15
34.82853,6.55
35.52853,7.55
36.82853,6.95
38.12853,4.55
41.92853,5.00E-02
47.42853,-3.05
51.22853,-3.95
53.22853,-4.65
55.22853,-5.75
57.32853,-6.85
57.52853,-8.85
57.12853,-12.25
58.82853,-16.45
62.12853,-19.15
63.72853,-18.55
63.02853,-16.05
59.52853,-12.75
54.22853,-8.650001
48.02853,-4.05
43.02853,-0.75
39.32853,0.85
35.82853,1.75
33.12853,2.35
30.82853,2.55
29.12853,2.85
27.72853,2.85
26.42853,3.05
24.82853,3.75
23.42853,4.55
23.12853,4.85
24.22853,5.65
25.72853,7.55
27.22853,10.35
28.32853,13.65
28.92853,17.25
29.22853,20.85
29.62853,24.25
30.42853,27.55
32.22853,30.55
34.82853,33.05
36.52853,34.15
35.62853,33.85
30.02853,31.05
22.42853,25.25
16.62853,16.05
14.12853,5.65
28.72853,7.05
31.22853,8.45
34.52853,10.05
38.22853,12.55
41.72853,15.05
44.72853,17.45
45.92853,18.95
45.72853,19.05
43.62853,17.15
40.82853,13.75
37.92853,9.55
35.62853,4.95
33.62853,0.55
31.42853,-3.85
29.72853,-7.85
30.22853,-10.85
33.92853,-10.65
36.82853,-7.65
36.72853,-4.95
36.52853,-3.35
37.02853,-1.75
37.22853,0.25
37.02853,2.15
37.52853,3.45
38.52853,3.05
39.72853,0.45
43.92853,-4.75
50.92853,-8.75
56.82853,-9.95
60.52853,-9.85
63.12853,-9.75
64.82853,-9.85
64.42853,-11.05
63.62853,-12.45
63.42853,-12.45
62.32853,-10.75
58.32853,-8.05
54.32853,-5.95
53.52853,-3.75
52.52853,-1.05
49.22853,3.35
45.12853,7.75
39.12853,9.85
32.42853,9.55
25.72853,7.55
20.72853,5.45
18.52853,4.75
18.12853,4.25
18.12853,3.95
17.12853,4.25
15.32853,4.35
14.22853,4.25
14.82853,4.45
16.52853,5.95
18.72853,8.55
20.52853,11.85
21.82853,15.35
22.82853,18.75
23.62853,21.65
24.82853,24.55
26.62853,27.95
29.02853,31.55
31.92853,34.35
34.52853,35.95
33.42853,34.35
27.92853,28.45
20.82853,18.35
17.12853,7.55
25.02853,5.35
27.22853,7.35
30.52853,9.55
33.92853,12.05
36.82853,14.45
39.02853,16.55
40.92853,17.75
42.52853,18.35
42.22853,17.65
40.12853,15.45
37.02853,11.25
34.52853,6.05
33.02853,1.05
31.32853,-3.45
30.42853,-7.45
32.02853,-10.15
36.12853,-9.95
39.32853,-8.150001
40.42853,-6.85
41.52853,-5.85
42.62853,-4.65
42.72853,-3.15
42.32853,-1.65
42.32853,-0.55
42.52853,-0.55
42.62853,-2.25
44.32853,-6.45
48.72853,-11.05
54.52853,-14.35
59.42853,-16.15
62.72853,-16.85
64.92853,-16.85
65.32853,-16.45
65.22853,-15.15
64.62853,-12.85
62.52853,-10.05
59.72853,-7.55
59.62853,-5.05
62.82853,-1.05
63.52853,4.05
61.32853,10.55
57.72853,17.75
51.62853,23.65
43.32853,25.95
32.62853,22.45
21.52853,15.45
12.22853,8.150001
6.428531,2.85
5.428531,-0.25
6.128531,-1.05
6.628531,-0.15
6.828531,1.15
7.128531,2.45
8.128531,4.05
9.928531,6.25
11.72853,9.150001
13.32853,12.55
14.92853,15.95
16.72853,18.75
19.22853,21.05
22.12853,23.75
24.52853,27.45
26.62853,30.75
29.42853,33.55
31.92853,34.75
31.62853,31.85
27.22853,21.65
23.32853,9.150001
22.62853,1.55
24.62853,4.55
27.32853,7.35
30.12853,10.15
32.32853,12.35
34.02853,14.15
35.52853,15.15
37.42853,15.55
38.82853,14.95
38.32853,13.55
35.92853,9.95
33.92853,5.25
33.42853,0.65
33.42853,-3.25
34.52853,-7.15
38.02853,-10.15
42.82853,-10.85
46.02853,-10.15
47.42853,-9.05
48.52853,-7.75
49.22853,-6.65
49.22853,-5.65
48.62853,-4.75
48.52853,-4.05
48.32853,-4.15
48.12853,-5.35
47.52853,-7.75
47.82853,-11.25
51.42853,-15.75
56.22853,-19.35
59.82853,-21.25
62.52853,-21.95
64.22853,-21.45
65.02853,-20.05
64.72853,-18.25
63.42853,-16.25
61.02853,-13.35
59.72853,-8.95
59.12853,-2.55
57.32853,4.45
54.02853,11.75
50.42853,20.15
46.72853,29.05
42.32853,36.15
35.92853,37.35
26.82853,31.55
14.92853,20.05
3.428531,8.650001
-3.771469,0.75
-6.771469,-4.65
-5.671469,-6.75
-2.971469,-5.95
-0.5714691,-3.25
1.628531,-0.15
3.428531,2.35
5.028531,5.05
6.428531,8.25
8.128531,12.05
10.72853,15.15
14.12853,17.25
17.62853,19.45
20.72853,23.05
22.62853,26.45
24.62853,29.25
27.62853,31.65
30.72853,32.75
31.32853,26.05
30.52853,13.35
20.12853,-1.95
22.12853,0.55
24.62853,3.45
27.12853,6.45
29.22853,8.85
31.02853,10.85
32.42853,12.15
33.72853,12.55
35.42853,11.65
36.32853,10.25
35.42853,7.05
35.02853,2.25
37.02853,-2.65
39.52853,-6.35
42.22853,-9.75
46.22853,-12.35
49.92853,-12.95
51.92853,-11.95
52.42853,-10.55
52.42853,-9.150001
52.32853,-8.45
52.32853,-8.150001
52.32853,-8.05
52.32853,-7.75
52.52853,-8.25
53.32853,-9.45
53.42853,-11.25
52.52853,-13.35
53.52853,-16.05
56.22853,-18.75
58.52853,-20.75
59.92853,-22.15
60.72853,-22.85
60.82853,-22.85
59.82853,-22.05
57.72853,-20.05
53.22853,-16.35
48.12853,-11.75
46.02853,-6.45
45.92853,-0.85
45.42853,5.75
43.52853,13.95
39.72853,24.15
34.92853,34.35
29.62853,40.65
23.82853,40.05
16.92853,30.65
8.528531,18.35
-1.271469,8.35
-9.971469,0.45
-14.17147,-5.95
-14.47147,-10.65
-10.97147,-11.35
-6.171469,-8.650001
-1.671469,-4.35
1.328531,-0.45
2.728531,2.85
4.328531,6.65
7.428531,10.45
11.22853,13.15
14.62853,15.25
17.22853,18.65
19.22853,22.85
21.02853,25.65
23.12853,26.65
25.82853,28.35
28.92853,27.45
31.92853,20.15
17.62853,-4.95
19.12853,-2.95
21.62853,-0.45
24.42853,2.55
26.42853,5.25
28.52853,7.75
30.32853,9.45
31.52853,9.95
32.92853,8.35
34.42853,6.15
34.62853,2.85
35.52853,-1.95
39.72853,-7.65
44.42853,-11.55
47.32853,-13.75
50.12853,-14.85
52.42853,-14.55
53.32853,-13.25
53.02853,-11.95
52.32853,-10.75
51.52853,-10.35
51.32853,-10.35
51.22853,-10.75
51.12853,-11.15
51.22853,-11.55
52.02853,-12.45
52.72853,-13.95
52.02853,-15.05
51.02853,-15.35
50.82853,-15.95
50.72853,-17.15
50.12853,-18.55
49.12853,-19.15
47.82853,-19.05
46.12853,-17.65
43.82853,-15.65
39.62853,-12.75
36.12853,-9.95
37.72853,-6.55
42.02853,-2.05
43.72853,4.55
42.62853,12.65
38.72853,21.85
32.32853,31.85
25.22853,40.45
19.22853,43.95
15.22853,37.65
11.82853,26.65
4.928531,16.45
-4.671469,8.45
-13.67147,0.85
-19.27147,-7.85
-19.07147,-14.85
-14.47147,-17.05
-7.471469,-12.85
-1.571469,-6.75
1.228531,-2.55
2.828531,1.15
5.728531,5.35
9.628531,9.35
12.72853,11.85
14.62853,14.75
15.82853,18.95
17.42853,22.65
19.42853,22.65
21.62853,22.05
23.92853,23.05
27.82853,22.35
15.32853,-7.55
16.12853,-6.15
18.52853,-4.05
21.52853,-1.15
23.72853,1.75
25.52853,4.25
27.72853,6.05
29.52853,6.85
31.22853,4.85
33.32853,1.55
34.72853,-1.75
35.52853,-5.45
38.82853,-10.65
43.62853,-14.45
46.42853,-15.45
48.02853,-15.15
49.12853,-14.45
49.52853,-13.75
48.92853,-13.35
48.22853,-13.05
47.22853,-12.75
46.12853,-12.35
45.22853,-12.35
44.92853,-12.35
45.02853,-11.95
45.42853,-11.35
45.62853,-10.85
45.02853,-10.05
43.62853,-8.55
42.42853,-7.15
41.02853,-6.55
39.62853,-6.55
38.52853,-6.55
37.82853,-6.15
37.12853,-4.95
36.12853,-3.65
33.92853,-2.55
32.12853,-1.65
33.02853,-0.15
35.52853,2.55
37.22853,8.05
37.22853,15.25
34.42853,22.35
29.02853,29.45
22.72853,38.45
16.52853,45.65
12.62853,43.45
11.22853,35.15
8.228531,25.35
0.7285309,16.05
-9.271469,6.75
-16.97147,-2.85
-19.47147,-12.35
-17.67147,-20.15
-11.37147,-20.15
-3.771469,-13.85
1.228531,-7.65
3.628531,-3.55
5.528531,0.95
7.928531,6.05
10.32853,9.650001
12.32853,12.05
13.12853,15.15
13.72853,18.85
15.62853,19.85
18.32853,17.85
20.22853,16.15
22.22853,16.05
13.02853,-9.85
13.62853,-9.05
15.52853,-7.25
18.62853,-4.55
20.82853,-1.65
22.22853,0.75
24.32853,2.35
26.72853,3.25
28.92853,1.25
31.92853,-2.95
34.62853,-6.55
35.52853,-8.650001
36.82853,-11.05
40.42853,-12.95
43.42853,-13.05
44.52853,-12.85
44.42853,-12.75
43.82853,-13.05
42.52853,-13.65
41.52853,-14.25
40.62853,-14.65
39.42853,-14.65
38.72853,-14.05
39.12853,-13.25
39.92853,-11.75
40.62853,-9.85
40.92853,-7.65
40.92853,-5.35
40.62853,-2.85
40.22853,-0.65
39.32853,1.05
38.02853,2.15
36.92853,2.95
36.12853,3.05
35.42853,3.35
34.62853,4.05
33.52853,5.15
32.12853,5.75
30.12853,5.75
29.42853,5.95
31.92853,9.55
34.32853,17.25
31.22853,24.25
26.22853,28.85
21.02853,36.95
14.72853,46.05
10.12853,46.45
9.728531,41.25
9.928531,34.95
4.628531,26.25
-5.371469,12.85
-13.07147,0.15
-15.37147,-9.95
-14.77147,-20.35
-11.17147,-25.15
-4.571469,-20.25
1.828531,-12.45
5.128531,-7.35
5.628531,-2.35
5.828531,3.65
7.128531,7.85
9.328531,10.25
10.62853,12.15
11.02853,15.05
12.42853,16.35
15.42853,14.85
17.82853,11.25
18.92853,9.05
10.52853,-11.15
11.62853,-11.25
13.22853,-10.05
15.92853,-7.55
18.22853,-4.35
19.12853,-2.05
20.52853,-1.35
22.82853,-0.75
25.32853,-1.85
28.52853,-5.75
32.02853,-10.45
34.22853,-12.45
35.12853,-12.25
37.02853,-11.55
39.42853,-10.95
40.22853,-10.65
39.12853,-10.85
37.52853,-10.75
35.22853,-10.55
33.32853,-10.65
31.92853,-11.35
31.02853,-12.45
31.12853,-13.05
32.32853,-12.95
33.32853,-11.85
33.52853,-10.05
32.92853,-7.95
32.22853,-5.75
31.72853,-3.55
31.62853,-1.65
31.52853,-5.00E-02
31.02853,1.55
29.82853,3.15
28.82853,4.45
27.42853,5.05
25.52853,5.55
25.12853,6.95
25.62853,8.25
24.22853,7.15
24.02853,6.95
28.52853,10.65
32.12853,19.25
26.62853,26.25
22.52853,28.95
20.12853,35.05
14.22853,43.15
10.92853,44.65
11.72853,41.75
12.12853,39.55
8.628531,34.15
1.228531,19.95
-4.771469,3.85
-6.371469,-8.05
-6.471469,-19.25
-5.471469,-26.35
-1.471469,-23.65
4.128531,-15.35
6.628531,-9.150001
5.228531,-3.75
3.628531,1.95
4.528531,5.75
6.628531,7.85
8.128531,9.650001
9.228531,11.95
11.02853,12.35
14.22853,10.75
17.02853,7.55
18.32853,4.35
7.828531,-11.65
9.928531,-12.65
11.82853,-12.45
14.42853,-10.05
16.52853,-6.45
16.92853,-3.85
17.32853,-3.95
19.32853,-4.25
21.72853,-4.45
24.32853,-6.65
27.62853,-11.75
30.82853,-14.95
32.12853,-14.85
32.72853,-13.65
33.82853,-12.65
34.42853,-11.45
33.62853,-10.25
31.82853,-8.75
29.42853,-6.65
27.22853,-4.95
25.42853,-4.45
24.02853,-5.05
23.22853,-6.15
23.22853,-7.45
23.22853,-8.25
22.82853,-8.650001
22.12853,-7.75
21.32853,-6.35
20.82853,-4.55
21.02853,-2.75
21.82853,-1.25
22.62853,0.45
22.32853,2.25
21.82853,4.55
20.72853,5.85
19.22853,6.45
18.72853,7.45
19.62853,8.55
19.62853,7.45
20.62853,6.55
26.02853,9.650001
28.22853,18.45
20.82853,25.15
19.42853,27.15
20.62853,30.95
17.42853,36.95
16.82853,40.15
17.82853,40.55
16.02853,40.05
13.22853,36.65
9.828531,23.95
7.028531,7.05
5.128531,-6.15
3.228531,-17.45
2.228531,-24.65
4.028531,-23.05
7.128531,-15.25
7.228531,-8.95
4.328531,-4.15
2.428531,0.75
3.328531,3.65
4.928531,5.25
6.028531,7.25
7.928531,9.35
11.12853,8.35
14.82853,5.85
18.02853,2.75
20.52853,-5.00E-02
6.528531,-12.25
8.928531,-13.45
11.62853,-13.85
14.62853,-11.85
16.62853,-7.95
16.42853,-5.15
16.22853,-5.35
17.72853,-6.25
19.82853,-6.45
21.42853,-7.35
23.42853,-11.25
26.12853,-15.15
28.02853,-16.75
28.52853,-16.65
28.22853,-15.75
27.92853,-13.75
27.22853,-10.65
25.82853,-7.15
24.02853,-4.65
22.52853,-3.05
21.52853,-2.45
20.22853,-1.95
18.42853,-1.75
16.72853,-2.05
14.82853,-2.75
13.22853,-3.65
12.52853,-4.45
12.52853,-4.75
12.82853,-3.85
13.22853,-2.15
14.02853,-0.35
14.92853,1.35
15.52853,2.35
15.82853,3.55
15.52853,4.95
15.32853,6.25
15.82853,6.65
16.62853,7.75
17.92853,6.95
19.42853,6.05
23.92853,7.65
24.32853,14.65
19.02853,20.25
20.42853,22.55
24.32853,26.85
24.82853,33.15
25.82853,37.85
25.02853,39.65
21.32853,38.15
18.72853,33.85
18.72853,23.45
18.92853,9.75
16.92853,-2.55
13.72853,-13.05
11.52853,-18.85
11.22853,-17.55
10.32853,-12.35
7.328531,-8.05
3.728531,-3.75
1.828531,0.85
2.128531,3.45
2.828531,4.35
4.328531,5.65
7.828531,6.25
12.72853,3.95
17.22853,0.55
21.62853,-2.75
26.02853,-4.75
6.828531,-13.25
9.528531,-14.35
12.92853,-14.75
16.22853,-12.65
17.72853,-9.45
17.42853,-7.15
17.32853,-7.15
18.92853,-7.55
20.42853,-7.45
20.82853,-7.55
20.92853,-10.35
22.12853,-14.15
23.82853,-16.95
24.52853,-17.75
23.02853,-17.05
20.82853,-14.55
19.12853,-9.95
18.02853,-5.35
17.02853,-3.15
16.62853,-2.75
16.42853,-3.15
15.72853,-3.05
14.12853,-2.35
12.12853,-1.35
9.628531,-0.45
7.128531,-5.00E-02
5.528531,-0.55
5.128531,-1.45
5.328531,-1.95
5.528531,-1.45
5.828531,-0.45
6.228531,1.15
7.128531,1.65
8.528531,1.65
9.328531,3.15
10.22853,5.15
12.02853,5.55
14.72853,5.45
16.92853,5.55
17.82853,6.65
21.62853,7.65
23.42853,11.35
22.12853,14.05
25.32853,16.65
28.82853,23.25
30.22853,30.55
31.32853,35.55
30.52853,37.35
27.42853,34.25
24.92853,29.15
25.82853,21.25
27.72853,11.85
26.12853,2.35
22.42853,-6.55
18.52853,-10.75
14.92853,-10.05
10.12853,-7.35
5.228531,-4.35
2.128531,-0.25
1.128531,3.65
1.628531,4.65
2.728531,4.45
5.628531,3.75
10.42853,1.95
15.72853,-1.25
20.72853,-4.95
26.52853,-8.45
32.22853,-9.75
9.528531,-13.65
13.42853,-14.45
16.42853,-13.85
18.12853,-11.95
18.82853,-10.55
18.92853,-9.95
20.02853,-9.55
22.42853,-8.45
23.72853,-7.05
23.52853,-6.25
22.72853,-7.75
22.12853,-10.85
21.72853,-13.95
21.32853,-15.55
20.22853,-14.65
18.42853,-11.95
16.92853,-7.85
16.12853,-4.15
15.52853,-2.35
15.02853,-1.85
14.02853,-1.85
12.52853,-1.75
10.52853,-1.35
8.228531,-0.75
5.728531,-0.15
3.228531,0.35
0.9285309,0.15
-0.6714692,-0.55
-1.371469,-1.55
-1.371469,-2.55
-0.6714692,-2.75
0.2285309,-1.85
1.628531,-1.25
3.628531,-1.25
5.028531,0.15
6.528531,2.75
9.428531,4.05
13.72853,3.15
15.52853,3.35
16.02853,5.75
20.42853,6.75
25.02853,7.35
27.72853,7.75
31.92853,11.25
33.92853,18.15
34.12853,23.95
35.32853,28.75
35.82853,31.65
35.22853,29.95
33.62853,25.75
32.72853,19.25
32.42853,11.95
30.32853,5.45
26.42853,0.45
22.12853,-1.25
17.82853,-0.55
13.72853,0.95
10.62853,2.65
9.228531,4.25
8.828531,4.95
9.128531,4.15
10.12853,2.75
12.32853,0.15
15.82853,-2.95
20.12853,-6.35
25.12853,-10.45
31.12853,-14.15
35.92853,-14.95
15.62853,-13.05
19.92853,-12.45
20.52853,-11.55
20.02853,-11.15
20.12853,-11.95
21.12853,-12.35
23.22853,-11.25
25.92853,-9.150001
27.52853,-7.55
28.72853,-6.75
29.62853,-7.15
29.82853,-8.05
28.72853,-9.35
27.92853,-9.55
27.62853,-7.75
26.52853,-5.05
24.32853,-2.75
21.92853,-1.15
19.82853,-0.25
17.62853,0.35
15.02853,0.75
12.32853,0.95
9.528531,0.75
6.928531,0.65
4.328531,0.55
1.828531,0.45
-0.5714691,0.15
-3.071469,-0.45
-5.271469,-1.85
-6.571469,-3.45
-6.271469,-4.65
-4.071469,-4.45
-1.571469,-2.95
0.4285309,-2.45
1.828531,-2.25
3.628531,-0.55
7.428531,1.55
12.62853,1.15
14.22853,0.65
15.02853,2.75
20.22853,3.45
26.12853,2.45
30.22853,3.75
34.82853,9.05
37.42853,14.15
38.82853,17.85
39.72853,21.45
41.12853,24.45
43.72853,24.85
45.22853,23.65
43.82853,19.45
41.42853,13.45
38.32853,8.45
35.12853,5.85
32.52853,5.35
30.22853,5.85
27.82853,6.45
25.62853,6.75
23.62853,6.15
21.62853,4.95
20.12853,3.25
19.52853,0.75
19.72853,-3.05
21.12853,-6.55
24.52853,-10.45
29.12853,-15.45
33.52853,-18.95
36.62853,-19.25
22.72853,-11.65
24.72853,-10.95
23.02853,-11.55
21.82853,-13.15
22.42853,-14.25
23.72853,-13.65
25.52853,-11.85
27.62853,-10.55
30.02853,-10.85
32.92853,-10.95
35.22853,-10.05
35.62853,-8.35
34.22853,-6.25
33.12853,-3.75
32.22853,-1.55
30.22853,0.75
27.02853,2.85
23.32853,4.05
19.92853,4.25
17.02853,3.75
14.32853,3.05
11.82853,2.65
9.328531,2.25
6.928531,1.95
4.728531,2.05
2.528531,2.45
0.3285309,2.75
-2.271469,2.15
-4.871469,0.45
-7.171469,-1.75
-8.071469,-4.15
-6.271469,-5.45
-3.871469,-4.85
-1.671469,-4.25
0.1285309,-4.85
2.728531,-4.15
7.428531,-1.85
12.82853,-1.85
13.82853,-2.85
14.52853,-1.45
19.72853,-1.35
24.32853,-2.25
25.12853,1.25
27.52853,6.65
33.12853,9.650001
37.22853,12.95
38.72853,16.55
41.02853,18.95
45.42853,20.45
49.62853,21.95
51.22853,21.55
51.32853,18.75
50.02853,14.65
47.42853,11.15
44.42853,9.45
41.62853,8.85
38.22853,8.650001
34.32853,8.45
30.92853,7.95
28.32853,6.75
26.32853,3.75
24.52853,-0.25
23.32853,-3.85
24.22853,-7.45
27.62853,-13.05
30.92853,-19.15
33.02853,-22.25
35.32853,-22.15
26.22853,-9.75
25.92853,-10.55
24.62853,-13.55
23.82853,-15.85
24.42853,-15.85
25.62853,-13.85
27.02853,-12.55
29.02853,-12.95
31.42853,-13.95
33.62853,-13.15
33.72853,-10.65
31.72853,-7.75
29.02853,-4.55
27.82853,-1.45
27.52853,0.75
26.32853,3.35
23.72853,6.55
20.22853,8.85
16.62853,8.75
13.72853,6.95
11.72853,5.05
10.12853,4.05
8.228531,3.75
6.128531,3.65
4.028531,3.65
1.828531,4.45
-0.4714691,5.15
-2.771469,4.75
-4.371469,2.95
-5.671469,0.25
-6.171469,-3.15
-5.371469,-6.15
-3.971469,-7.15
-2.271469,-7.15
-0.1714691,-8.35
3.028531,-7.65
8.328531,-4.45
13.32853,-3.35
13.42853,-5.35
13.12853,-5.45
17.52853,-5.25
21.12853,-5.65
19.62853,-2.25
20.92853,1.25
28.02853,2.45
32.92853,5.85
34.02853,10.85
35.12853,15.05
38.62853,17.35
43.12853,19.65
46.42853,21.85
49.52853,22.75
51.82853,21.35
52.12853,19.45
49.52853,18.35
46.12853,18.15
42.42853,16.35
38.42853,12.85
34.62853,9.25
31.52853,7.25
29.02853,4.65
26.42853,0.35
24.82853,-3.45
25.92853,-7.45
29.22853,-14.55
31.02853,-21.55
31.82853,-24.45
33.82853,-22.85
26.22853,-8.95
25.82853,-10.85
25.72853,-14.15
25.82853,-16.05
26.52853,-15.35
27.82853,-13.85
29.32853,-13.15
30.62853,-12.95
30.92853,-12.05
29.72853,-9.85
27.32853,-7.05
25.12853,-4.55
24.02853,-1.85
24.12853,0.65
24.42853,2.55
23.62853,4.85
20.92853,7.95
17.22853,10.75
13.42853,11.45
10.42853,9.85
8.428531,6.95
7.128531,5.45
6.128531,5.65
5.028531,5.75
3.428531,5.75
1.528531,6.15
-0.3714691,6.85
-2.271469,6.45
-4.071469,3.55
-5.071469,-0.15
-4.371469,-4.35
-3.571469,-7.75
-3.271469,-9.25
-2.371469,-10.25
0.3285309,-11.35
3.728531,-9.95
7.328531,-5.75
11.62853,-3.55
12.72853,-6.55
12.02853,-9.150001
14.62853,-8.25
18.52853,-7.75
20.12853,-6.75
22.72853,-4.45
28.02853,-2.75
31.32853,-0.25
30.52853,3.95
28.52853,8.75
29.92853,11.65
32.52853,14.35
34.72853,17.75
38.02853,19.95
41.22853,20.15
44.22853,19.95
44.62853,20.45
42.72853,21.65
40.32853,22.05
38.32853,19.95
36.52853,14.85
34.42853,10.55
31.42853,8.150001
28.62853,4.35
27.52853,-1.85
28.72853,-8.05
30.32853,-15.15
30.52853,-21.65
30.72853,-23.35
31.62853,-19.75
27.92853,-9.45
28.72853,-11.45
28.62853,-13.75
28.72853,-15.15
29.22853,-14.95
29.92853,-13.85
29.82853,-12.05
28.92853,-9.85
26.92853,-8.05
24.32853,-6.45
22.62853,-4.45
22.92853,-1.95
23.92853,0.65
23.82853,2.95
22.52853,4.35
20.82853,5.55
18.22853,7.25
14.82853,9.650001
11.52853,11.65
9.028531,11.45
6.628531,8.150001
4.828531,5.85
4.328531,6.15
4.728531,6.95
4.328531,7.15
3.628531,8.05
3.328531,9.150001
2.428531,9.05
-7.15E-02,5.35
-2.371469,-0.25
-2.571469,-6.35
-2.071469,-9.650001
-1.971469,-10.85
-1.071469,-12.15
1.528531,-12.85
4.128531,-10.95
5.728531,-7.25
9.228531,-4.35
11.22853,-6.85
10.82853,-11.55
11.42853,-10.85
15.12853,-9.05
20.32853,-10.05
23.52853,-8.05
25.42853,-4.25
27.72853,-2.35
27.42853,-1.25
24.82853,0.95
24.82853,3.65
25.02853,6.85
26.32853,11.05
30.22853,14.25
32.92853,14.65
36.02853,14.55
37.62853,14.85
36.92853,15.55
35.72853,17.55
34.92853,20.25
34.62853,19.75
34.12853,15.95
32.72853,11.55
31.02853,7.55
31.02853,0.45
32.22853,-7.55
32.02853,-14.45
30.62853,-19.75
29.62853,-19.15
28.72853,-14.15
33.52853,-8.45
33.52853,-10.45
32.02853,-11.15
30.62853,-11.85
29.32853,-12.15
27.72853,-11.35
25.52853,-9.05
23.62853,-7.05
22.52853,-6.45
21.92853,-5.55
22.72853,-3.05
24.32853,0.25
24.12853,3.35
22.32853,5.85
20.22853,6.95
18.82853,7.45
16.82853,7.95
14.22853,9.55
12.52853,12.45
11.72853,14.15
9.428531,11.45
6.428531,7.95
5.428531,6.45
5.928531,5.85
6.228531,5.75
6.228531,6.95
6.528531,9.45
6.428531,11.45
4.728531,9.25
2.128531,3.05
0.2285309,-4.25
-0.4714691,-8.35
0.1285309,-9.85
1.028531,-11.85
2.228531,-12.55
3.228531,-11.05
3.928531,-8.75
6.528531,-5.95
8.028531,-6.05
7.828531,-10.65
7.528531,-12.15
10.42853,-11.15
16.92853,-12.75
19.72853,-10.85
19.82853,-5.85
22.02853,-3.75
23.82853,-4.45
23.62853,-4.45
24.42853,-2.55
25.12853,0.65
26.42853,4.85
28.82853,8.75
31.02853,10.65
34.12853,12.25
34.92853,12.75
34.52853,11.05
34.52853,9.75
33.92853,11.95
32.42853,15.15
31.02853,15.05
30.92853,10.45
31.02853,6.35
31.92853,1.15
33.62853,-6.15
33.32853,-12.95
31.12853,-16.55
28.62853,-13.85
26.52853,-9.55
35.72853,-6.35
33.62853,-7.55
30.82853,-7.15
28.52853,-6.95
26.12853,-7.45
23.72853,-7.25
21.12853,-6.35
19.52853,-6.05
20.42853,-5.95
22.02853,-4.05
23.22853,-0.65
23.52853,3.05
21.62853,6.25
19.52853,8.95
18.32853,10.25
17.52853,9.85
15.62853,9.55
13.52853,11.05
13.32853,14.25
13.92853,17.15
12.12853,15.65
9.228531,11.45
7.828531,7.75
7.728531,5.35
7.328531,4.35
6.628531,5.45
6.228531,8.650001
6.528531,11.75
6.928531,11.05
6.128531,6.75
3.828531,0.45
2.228531,-4.25
1.928531,-7.55
2.028531,-11.05
2.028531,-12.25
2.228531,-11.05
2.528531,-9.55
4.628531,-7.25
6.528531,-6.45
6.328531,-9.35
4.928531,-12.95
7.128531,-13.85
12.72853,-14.35
15.42853,-12.55
16.42853,-8.95
18.72853,-6.35
21.22853,-6.15
23.22853,-6.65
25.02853,-5.95
27.02853,-3.25
28.02853,0.45
27.22853,4.05
28.12853,7.65
30.82853,11.45
31.32853,12.25
31.92853,9.05
33.52853,5.55
33.92853,6.85
32.12853,10.85
29.32853,12.05
29.12853,7.65
30.52853,3.15
31.52853,-0.15
33.02853,-5.75
32.72853,-11.65
30.32853,-13.75
26.82853,-10.35
24.62853,-7.55
29.12853,-4.85
29.12853,-6.45
27.62853,-6.05
25.82853,-5.55
23.32853,-5.25
20.72853,-4.85
18.32853,-5.15
17.32853,-5.85
19.22853,-5.15
21.02853,-2.25
20.92853,1.25
19.82853,4.45
18.12853,7.65
17.32853,10.45
17.12853,11.85
16.82853,10.95
15.42853,9.25
13.62853,10.65
13.52853,14.35
14.12853,17.35
13.32853,16.85
12.02853,13.25
11.12853,9.150001
10.12853,7.05
8.528531,6.85
6.728531,8.25
5.828531,10.25
6.128531,10.95
7.228531,9.35
7.928531,6.35
6.828531,2.45
5.028531,-1.65
3.328531,-5.65
2.328531,-9.45
2.028531,-10.35
1.928531,-9.650001
1.628531,-8.25
3.328531,-6.55
6.528531,-7.35
7.028531,-10.75
5.528531,-14.75
6.328531,-15.55
8.928531,-12.65
11.52853,-10.55
14.72853,-10.15
16.52853,-8.35
18.62853,-7.05
21.92853,-7.65
23.32853,-7.25
23.62853,-4.25
23.72853,-0.65
23.12853,1.45
22.72853,4.05
23.02853,7.35
23.62853,8.75
25.32853,7.35
27.02853,4.95
28.02853,6.25
27.92853,9.75
25.72853,10.95
26.62853,6.15
30.42853,0.45
31.22853,-1.95
30.92853,-4.85
29.22853,-9.150001
25.92853,-11.05
22.32853,-8.55
20.62853,-6.85
20.92853,-2.35
22.42853,-4.65
22.32853,-5.45
21.72853,-5.15
19.22853,-4.05
16.32853,-3.25
14.72853,-4.35
15.62853,-5.55
18.42853,-3.85
19.82853,-0.25
19.02853,2.95
17.72853,5.85
16.32853,8.35
15.62853,10.75
15.92853,12.25
16.32853,11.55
16.02853,9.05
14.72853,9.650001
13.92853,13.15
14.42853,15.75
15.62853,16.15
16.62853,14.25
16.52853,10.85
15.32853,9.95
13.22853,11.45
11.02853,12.65
10.12853,12.75
9.828531,11.05
9.228531,7.85
8.528531,4.25
7.328531,0.85
5.628531,-2.05
3.528531,-4.45
2.028531,-5.85
1.328531,-6.05
0.7285309,-6.25
0.1285309,-6.25
2.428531,-5.25
7.028531,-8.25
8.428531,-13.75
7.228531,-17.65
6.928531,-16.75
6.828531,-11.05
8.928531,-8.35
12.92853,-9.75
14.42853,-8.85
15.62853,-7.85
18.42853,-8.05
18.92853,-6.35
17.62853,-2.45
17.42853,0.65
18.22853,1.45
17.62853,1.45
16.12853,2.25
16.52853,2.95
18.52853,3.25
19.02853,2.65
19.22853,3.85
20.32853,6.15
19.42853,7.85
21.62853,4.55
28.32853,-1.35
30.22853,-3.45
28.62853,-4.05
25.62853,-6.05
22.22853,-7.65
19.42853,-6.95
18.52853,-6.85
16.52853,1.15
15.62853,-5.00E-02
14.72853,-1.85
14.12853,-2.65
13.12853,-2.85
11.82853,-3.85
12.32853,-5.75
14.92853,-6.05
16.92853,-3.45
16.62853,-5.00E-02
15.52853,3.15
15.02853,6.05
14.72853,7.95
14.52853,9.75
15.52853,10.85
16.82853,9.85
17.22853,7.85
15.82853,8.55
14.42853,11.25
14.72853,13.05
17.32853,14.25
19.72853,14.85
21.62853,13.35
21.62853,13.15
19.22853,14.25
16.62853,14.75
15.42853,14.05
14.92853,12.35
12.52853,9.35
9.528531,5.35
6.628531,1.15
4.328531,-1.75
2.628531,-2.55
1.128531,-2.35
0.4285309,-2.75
-0.3714691,-4.35
-0.7714691,-5.45
2.228531,-5.55
7.128531,-10.05
8.928531,-17.05
8.228531,-19.75
7.628531,-17.15
7.328531,-11.75
9.328531,-9.25
13.22853,-9.25
15.92853,-7.75
17.52853,-6.75
18.72853,-5.85
18.32853,-3.45
17.02853,-1.05
16.52853,0.45
17.02853,0.95
17.02853,0.55
16.32853,5.00E-02
17.32853,-0.35
19.12853,-0.45
18.92853,5.00E-02
18.12853,1.05
18.22853,1.75
16.92853,2.45
18.12853,1.35
23.42853,-1.95
25.82853,-4.45
25.32853,-5.25
23.92853,-5.45
21.92853,-5.85
19.52853,-6.65
18.32853,-8.35
15.92853,0.15
14.32853,1.35
12.22853,0.95
10.92853,-0.15
10.62853,-1.95
10.42853,-4.95
11.22853,-7.15
12.72853,-6.35
12.22853,-3.85
10.72853,-1.35
10.42853,1.65
11.42853,4.95
12.82853,6.75
14.42853,7.75
16.72853,8.35
18.32853,6.95
19.12853,5.75
18.02853,7.05
16.02853,9.45
16.42853,10.45
17.82853,11.45
20.32853,13.35
23.72853,13.75
25.02853,14.45
22.72853,15.35
19.22853,16.05
17.22853,15.15
16.82853,13.35
15.22853,11.05
12.22853,8.05
8.928531,4.55
6.128531,1.55
4.228531,-0.15
2.828531,-1.05
1.928531,-2.25
1.028531,-3.95
0.7285309,-5.25
3.328531,-6.55
7.428531,-12.35
9.228531,-18.95
9.128531,-19.25
9.128531,-15.65
10.02853,-12.75
12.62853,-10.85
16.82853,-8.75
21.42853,-6.15
23.92853,-4.55
24.42853,-2.85
24.12853,-1.85
23.52853,-1.95
23.12853,-1.45
23.22853,-5.00E-02
23.32853,0.35
24.32853,5.00E-02
25.82853,0.15
26.42853,0.85
25.22853,1.35
24.02853,1.55
22.72853,0.65
20.82853,-0.25
19.92853,-0.35
21.22853,-1.55
22.02853,-4.75
22.72853,-7.25
22.82853,-7.45
21.42853,-7.15
18.72853,-8.35
16.52853,-10.55
16.52853,-2.85
15.52853,-0.85
12.72853,0.25
10.82853,-0.15
10.12853,-1.55
9.128531,-3.75
8.528531,-5.65
8.728531,-5.45
8.128531,-4.45
7.328531,-2.75
7.428531,0.45
8.528531,3.85
10.42853,4.95
13.72853,4.75
17.82853,5.55
20.32853,4.85
19.72853,3.55
19.62853,4.75
19.62853,7.65
20.22853,8.75
20.12853,8.95
21.82853,9.95
24.12853,11.65
26.22853,14.95
24.02853,16.65
19.42853,16.85
16.72853,15.25
16.32853,12.45
16.22853,9.85
14.92853,7.85
12.72853,5.75
10.72853,3.25
8.828531,0.55
7.028531,-1.35
5.628531,-2.35
4.228531,-3.25
3.928531,-5.05
6.128531,-8.650001
9.428531,-15.35
11.22853,-19.45
12.42853,-16.95
14.32853,-13.85
16.02853,-12.75
17.62853,-11.15
21.32853,-8.650001
25.72853,-6.05
27.72853,-4.55
29.02853,-3.25
30.42853,-3.05
30.82853,-3.05
31.42853,-2.05
31.82853,-0.35
31.62853,0.55
32.32853,1.25
33.02853,2.25
32.02853,3.05
30.12853,2.85
28.62853,2.45
27.12853,1.85
25.42853,0.75
23.82853,5.00E-02
23.12853,-1.35
23.82853,-4.65
24.82853,-7.55
24.02853,-8.75
21.92853,-9.45
19.42853,-10.95
17.52853,-12.85
15.22853,-2.85
14.92853,-2.15
12.12853,-1.75
9.928531,-2.25
8.828531,-2.65
7.128531,-2.85
5.728531,-3.65
5.828531,-4.65
6.428531,-4.95
6.928531,-3.35
6.428531,-0.55
5.928531,2.45
7.328531,2.95
11.22853,1.45
16.32853,2.15
19.72853,3.65
19.12853,2.45
19.32853,2.25
20.72853,4.85
21.62853,7.35
22.42853,8.25
23.02853,9.75
24.32853,12.85
27.32853,17.75
25.22853,18.85
20.22853,17.65
17.22853,15.65
15.72853,12.75
15.22853,9.55
14.42853,7.15
13.42853,5.05
12.52853,2.75
11.12853,0.65
9.528531,-0.75
8.228531,-1.55
7.028531,-2.85
7.128531,-6.15
9.728531,-11.95
13.02853,-18.05
15.32853,-18.85
17.92853,-15.35
21.22853,-13.55
21.92853,-12.65
21.72853,-10.95
24.22853,-9.150001
27.52853,-7.25
29.22853,-6.35
31.32853,-5.45
33.42853,-4.65
34.12853,-3.65
34.92853,-2.45
35.02853,-0.85
34.22853,0.75
34.22853,2.55
34.22853,3.95
33.32853,4.05
31.82853,2.55
30.02853,1.45
28.52853,1.45
27.42853,1.25
25.72853,0.15
24.82853,-1.95
26.32853,-4.65
27.52853,-5.65
25.82853,-5.95
23.62853,-7.85
22.12853,-10.75
20.82853,-12.45
12.42853,-2.15
13.52853,-2.95
12.12853,-3.35
10.42853,-3.45
9.128531,-2.95
6.928531,-2.05
4.828531,-1.85
4.628531,-2.65
5.528531,-3.45
6.228531,-2.85
5.128531,-1.05
3.428531,1.05
4.128531,1.75
7.228531,-5.00E-02
11.22853,-1.35
14.02853,5.00E-02
14.82853,0.55
16.32853,-5.00E-02
17.62853,0.65
17.32853,3.35
17.72853,7.45
18.02853,11.85
21.02853,16.35
25.92853,20.65
25.72853,21.45
22.42853,19.65
19.62853,17.45
17.72853,15.05
16.12853,12.05
14.32853,9.150001
12.92853,6.25
12.02853,3.75
11.12853,2.05
10.22853,0.75
10.02853,-1.35
10.12853,-4.45
11.62853,-9.650001
15.12853,-15.35
18.42853,-17.65
20.42853,-16.45
23.02853,-14.95
25.42853,-13.95
24.72853,-12.75
23.82853,-11.15
26.32853,-9.85
29.32853,-8.55
30.62853,-8.05
32.12853,-7.35
33.02853,-6.35
33.32853,-5.05
33.62853,-3.45
33.02853,-1.55
32.12853,0.65
31.72853,2.95
31.32853,4.35
31.62853,4.85
32.22853,3.35
31.62853,0.95
29.82853,-0.55
28.12853,-0.35
26.22853,5.00E-02
24.62853,-1.65
24.72853,-3.95
24.32853,-2.95
22.22853,-0.15
20.52853,-5.00E-02
19.22853,-2.55
17.62853,-4.25
11.22853,-5.00E-02
12.52853,-0.45
12.22853,-0.95
11.12853,-0.85
9.928531,-0.55
7.728531,0.35
5.128531,1.35
4.328531,1.25
5.028531,0.25
5.228531,-0.25
3.628531,-0.35
1.528531,0.35
1.928531,1.35
3.928531,0.25
5.828531,-2.85
7.428531,-4.05
8.828531,-3.25
11.72853,-2.55
14.12853,-2.55
14.02853,-1.05
12.42853,5.05
11.02853,11.25
13.62853,15.45
19.72853,19.75
24.02853,23.05
23.92853,22.85
21.32853,19.95
20.22853,17.55
19.02853,14.85
16.82853,11.85
14.62853,8.45
13.42853,5.45
12.82853,3.25
12.92853,0.85
13.72853,-2.95
15.22853,-8.05
18.12853,-13.85
21.62853,-16.95
23.22853,-15.95
24.02853,-15.15
25.32853,-14.75
26.52853,-13.55
26.02853,-12.85
26.02853,-12.05
28.02853,-10.45
29.92853,-9.45
30.62853,-8.95
31.22853,-8.25
31.12853,-7.25
30.82853,-5.65
30.52853,-3.35
29.72853,-0.95
28.62853,1.75
27.32853,4.25
25.32853,5.65
24.82853,6.25
26.92853,5.25
29.12853,2.75
29.02853,5.00E-02
27.22853,-0.35
25.02853,0.95
23.32853,0.75
22.32853,-1.05
20.92853,-0.85
18.52853,1.65
16.52853,3.65
14.42853,3.55
12.12853,2.55
12.02853,1.15
12.22853,2.25
11.42853,1.85
10.62853,1.35
10.12853,1.05
9.028531,1.15
6.528531,1.95
4.828531,3.15
4.428531,3.75
3.828531,3.35
2.228531,2.75
0.5285309,2.65
0.1285309,2.55
1.728531,1.65
2.928531,-1.35
2.328531,-4.15
2.328531,-4.95
3.828531,-4.45
6.728531,-3.35
7.928531,-2.55
8.028531,3.05
7.928531,9.25
8.828531,12.75
12.32853,16.15
19.92853,21.55
24.52853,24.35
22.62853,21.65
21.52853,19.25
21.22853,16.85
19.32853,13.75
17.32853,10.25
16.32853,6.65
16.62853,2.95
17.62853,-1.15
19.12853,-6.15
21.22853,-12.15
23.42853,-16.45
24.92853,-17.05
25.02853,-16.35
25.12853,-16.15
25.22853,-14.55
25.22853,-12.65
25.92853,-12.85
27.02853,-12.75
27.32853,-11.35
27.32853,-10.35
27.52853,-9.75
27.82853,-8.650001
27.52853,-7.15
27.12853,-4.95
27.12853,-2.45
26.72853,5.00E-02
25.62853,2.85
23.52853,6.35
20.72853,8.45
18.52853,8.45
18.22853,6.55
19.62853,4.55
20.62853,2.95
19.92853,2.45
18.42853,2.85
17.52853,3.05
17.32853,2.35
17.12853,1.55
16.02853,1.75
14.32853,2.85
12.12853,3.95
9.928531,3.75
13.22853,-0.95
12.62853,0.35
11.72853,0.15
10.92853,0.15
10.52853,0.95
10.02853,1.45
7.528531,1.65
4.728531,3.25
3.028531,5.05
1.928531,6.25
0.8285309,7.05
-7.15E-02,7.05
-0.9714691,4.85
2.85E-02,2.65
1.628531,0.65
0.2285309,-1.45
-1.571469,-3.55
-2.671469,-4.85
-2.871469,-4.65
-2.071469,-3.45
-0.3714691,0.45
3.428531,5.75
5.528531,10.05
6.428531,12.25
14.32853,17.65
24.12853,23.75
24.62853,22.25
23.32853,19.75
23.52853,17.95
21.82853,14.85
19.82853,10.95
19.62853,6.95
20.62853,1.95
21.82853,-3.45
23.22853,-9.25
24.62853,-14.65
25.42853,-16.85
25.52853,-16.65
25.82853,-17.05
26.02853,-16.45
24.62853,-13.85
23.22853,-12.25
23.62853,-12.85
24.72853,-12.85
24.52853,-11.95
23.72853,-11.35
23.42853,-10.85
23.72853,-9.35
24.12853,-7.65
24.82853,-5.75
25.32853,-3.65
24.92853,-1.45
22.92853,1.65
20.22853,6.05
17.72853,9.45
16.02853,10.25
14.22853,7.75
12.82853,5.55
12.22853,4.65
11.92853,4.55
11.32853,4.15
10.72853,3.85
10.72853,3.45
11.22853,2.85
11.02853,3.05
9.928531,4.55
8.028531,6.45
6.428531,7.05
14.92853,0.35
13.12853,-5.00E-02
11.12853,5.00E-02
9.328531,1.35
7.828531,3.35
6.628531,4.35
4.428531,4.35
2.228531,4.65
1.228531,5.75
-0.1714691,7.75
-2.671469,9.75
-3.971469,9.85
-3.871469,6.55
-2.571469,2.55
0.3285309,0.25
0.1285309,-0.75
-2.071469,-2.15
-4.171469,-4.65
-6.871469,-6.45
-8.371469,-5.45
-7.671469,-3.15
-3.171469,5.00E-02
1.728531,5.65
3.028531,8.650001
8.328531,12.55
20.22853,20.55
25.72853,22.25
25.32853,19.55
25.62853,17.75
25.02853,14.65
24.02853,9.55
24.72853,4.65
25.92853,-0.45
26.82853,-6.35
27.32853,-11.65
27.52853,-15.15
26.82853,-15.15
25.92853,-14.05
25.62853,-14.55
24.92853,-14.35
22.92853,-13.25
21.12853,-12.75
20.32853,-13.05
20.52853,-12.85
20.92853,-12.35
20.62853,-12.35
19.82853,-12.05
20.22853,-10.85
22.22853,-9.85
24.12853,-8.650001
23.72853,-6.75
21.22853,-3.85
17.62853,0.45
14.22853,5.75
12.42853,10.15
12.12853,12.05
12.02853,10.35
11.12853,8.25
9.928531,7.05
9.328531,6.05
8.928531,4.85
8.228531,3.85
7.628531,3.05
7.628531,2.85
7.728531,3.75
6.828531,5.75
5.028531,8.05
3.728531,9.25
16.52853,4.35
13.42853,4.15
9.828531,4.95
7.028531,6.95
5.228531,8.45
3.628531,8.650001
1.728531,7.45
0.4285309,6.55
-0.5714691,7.25
-3.171469,9.35
-8.071469,10.95
-10.47147,11.35
-8.971469,8.650001
-6.571469,4.15
-2.671469,0.25
-0.8714691,-1.25
-2.971469,-1.75
-5.171469,-3.85
-6.571469,-6.05
-8.871469,-5.75
-10.77147,-5.85
-8.271469,-5.45
-2.071469,0.15
1.228531,5.25
4.128531,7.85
14.32853,15.45
24.72853,21.25
27.22853,19.65
27.22853,16.95
28.02853,14.25
29.22853,8.25
31.42853,1.95
32.32853,-2.65
31.42853,-6.05
30.22853,-8.85
29.62853,-10.45
28.02853,-10.05
25.62853,-9.150001
23.62853,-9.95
21.92853,-11.35
20.52853,-12.45
19.32853,-12.95
18.12853,-13.15
17.82853,-12.95
18.62853,-12.95
18.72853,-13.15
17.62853,-13.15
18.42853,-12.55
21.52853,-12.15
23.22853,-11.05
20.52853,-8.35
16.02853,-3.95
11.82853,1.85
9.028531,8.150001
7.828531,12.85
7.828531,15.35
8.528531,14.05
8.928531,11.75
8.728531,9.95
8.428531,8.150001
7.728531,6.35
6.828531,5.05
5.828531,4.15
5.528531,4.05
5.528531,4.75
4.928531,6.05
3.728531,7.15
3.628531,7.95
13.92853,5.95
10.02853,6.85
6.828531,7.55
4.628531,8.35
4.428531,9.650001
3.928531,9.75
1.728531,8.05
-0.8714691,7.55
-3.771469,10.35
-7.171469,12.85
-10.57147,12.35
-11.67147,11.35
-10.17147,9.05
-8.871469,5.15
-6.171469,1.15
-2.671469,-0.95
-3.871469,-2.25
-5.971469,-4.05
-6.371469,-5.95
-9.371469,-7.25
-11.77147,-9.85
-9.871469,-10.35
-4.771469,-5.05
-0.1714691,1.75
2.328531,4.35
8.828531,9.35
20.82853,17.45
27.82853,19.05
28.42853,15.65
29.02853,12.85
30.42853,8.35
32.62853,2.75
32.52853,-0.85
29.32853,-1.85
26.32853,-1.75
26.02853,-3.05
26.12853,-5.05
24.62853,-6.55
22.42853,-7.95
20.62853,-9.85
19.52853,-11.35
18.92853,-12.25
18.42853,-12.85
18.42853,-13.35
19.22853,-13.75
19.42853,-14.25
18.82853,-14.65
19.62853,-14.55
21.52853,-13.75
21.12853,-11.85
16.82853,-8.05
11.72853,-2.55
7.528531,4.55
4.928531,11.25
4.328531,15.55
4.828531,17.65
6.128531,16.15
7.128531,13.15
7.728531,11.25
7.928531,9.95
6.928531,8.45
5.528531,7.25
4.428531,6.55
4.128531,6.15
3.928531,6.05
3.228531,5.95
2.728531,6.15
3.628531,6.55
7.628531,9.150001
3.928531,9.25
1.028531,7.45
-1.071469,5.85
0.3285309,6.75
2.128531,7.95
0.5285309,7.15
-2.971469,8.05
-6.671469,12.55
-9.071469,15.05
-9.571469,11.95
-8.871469,8.75
-8.471469,6.95
-8.971469,4.15
-7.871469,1.35
-3.871469,-1.15
-3.471469,-4.35
-4.971469,-6.15
-7.071469,-8.85
-11.07147,-11.75
-10.87147,-14.25
-8.371469,-13.55
-5.571469,-9.05
-1.471469,-1.95
1.728531,1.85
5.128531,4.25
15.12853,11.65
25.72853,16.75
29.02853,14.45
29.42853,10.95
28.92853,7.75
28.92853,4.05
28.42853,0.95
26.02853,-0.25
24.02853,-0.35
24.52853,-1.65
25.72853,-4.55
25.42853,-7.05
23.62853,-8.95
21.82853,-10.25
20.82853,-11.15
20.52853,-11.65
20.72853,-12.55
21.22853,-13.45
21.72853,-14.35
21.72853,-15.15
21.32853,-15.95
21.52853,-15.95
21.42853,-14.65
18.82853,-11.75
13.52853,-7.05
7.828531,-0.45
3.328531,7.95
1.028531,14.75
1.028531,17.45
2.528531,18.55
5.328531,16.45
7.328531,12.75
7.728531,11.15
8.028531,10.95
7.228531,10.15
5.828531,8.650001
4.628531,7.45
4.128531,6.85
3.628531,6.25
2.928531,5.85
2.628531,5.75
3.628531,6.55
1.328531,14.45
-0.2714691,13.05
-3.071469,9.25
-6.771469,5.35
-6.871469,4.25
-4.171469,4.65
-3.471469,5.75
-5.271469,8.85
-7.071469,14.05
-8.371469,15.05
-8.67147,10.25
-8.371469,7.05
-9.17147,6.15
-10.57147,4.05
-9.67147,1.35
-6.071469,-1.25
-3.771469,-5.25
-4.271469,-8.45
-7.671469,-11.15
-10.27147,-13.15
-7.871469,-14.25
-5.971469,-14.05
-4.771469,-11.35
-1.971469,-5.25
1.328531,-5.00E-02
3.628531,1.55
9.628531,5.65
19.52853,11.55
26.22853,12.75
29.22853,10.45
28.62853,6.95
27.32853,3.85
27.22853,0.95
27.42853,-1.15
27.12853,-2.45
27.12853,-3.85
27.02853,-5.95
26.32853,-8.150001
24.92853,-9.85
23.52853,-10.75
23.12853,-11.05
23.42853,-11.55
23.72853,-12.45
24.02853,-13.35
24.02853,-14.45
23.72853,-15.65
23.12853,-16.65
22.52853,-16.35
20.32853,-14.05
15.52853,-10.05
8.928531,-3.85
2.728531,3.95
-0.1714691,12.05
0.1285309,17.05
0.9285309,18.25
1.328531,18.65
4.128531,16.35
6.828531,12.15
7.028531,10.05
7.128531,10.35
7.328531,10.65
6.628531,9.25
5.528531,7.25
4.928531,6.35
4.428531,5.95
3.828531,5.45
3.728531,5.55
5.528531,6.95
