U,V
2.500003,-2.199994
2.600003,-2.199994
2.600003,-2.099994
2.700003,-1.999994
2.700003,-1.899994
2.800003,-1.899994
2.800003,-1.799994
2.900003,-1.699994
2.900003,-1.599994
3.000003,-1.599994
3.000003,-1.499994
3.100003,-1.399994
3.100003,-1.299994
3.100003,-1.199994
3.200003,-1.199994
3.200003,-1.099994
3.200003,-0.9999939
3.200003,-0.8999939
3.300003,-0.7999939
3.300003,-0.6999939
3.300003,-0.6999939
3.300003,-0.5999939
3.300003,-0.4999939
3.300003,-0.3999939
3.300003,-0.2999939
3.400003,-0.1999939
3.400003,-1.00E-01
3.400003,6.10E-06
3.400003,6.10E-06
3.400003,0.1000061
3.400003,0.2000061
3.300003,0.3000061
3.300003,0.4000061
3.300003,0.5000061
3.300003,0.6000061
3.300003,0.7000061
3.300003,0.7000061
3.300003,0.8000061
3.200003,0.9000061
3.200003,1.000006
3.200003,1.100006
3.200003,1.200006
3.100003,1.200006
3.100003,1.300006
3.100003,1.400006
3.000003,1.500006
3.000003,1.600006
2.900003,1.600006
2.900003,1.700006
2.800003,1.800006
2.800003,1.900006
2.700003,1.900006
2.700003,2.000006
2.600003,2.100006
2.600003,2.200006
2.500003,2.200006
2.500003,2.300006
2.400003,2.300006
2.300003,2.400006
2.300003,2.500006
2.200003,2.500006
2.200003,2.600006
2.100003,2.600006
2.000003,2.700006
1.900003,2.700006
1.900003,2.800006
1.800003,2.800006
1.700003,2.900006
3.000003,-1.499994
2.900003,-1.399994
2.900003,-1.299994
2.900003,-1.199994
3.000003,-0.9999939
2.900003,-0.9999939
2.900003,-0.7999939
2.900003,-0.7999939
3.000003,-0.5999939
2.900003,-0.5999939
2.900003,-0.3999939
2.900003,-0.2999939
2.900003,-0.1999939
2.800003,-1.00E-01
2.900003,-1.00E-01
2.700003,0.1000061
2.800003,0.1000061
2.700003,0.2000061
2.700003,0.3000061
2.700003,0.4000061
2.600003,0.5000061
2.600003,0.6000061
2.600003,0.7000061
2.500003,0.7000061
2.500003,0.8000061
2.400003,0.9000061
2.500003,1.000006
2.300003,1.000006
2.300003,1.100006
2.300003,1.200006
2.300003,1.200006
2.200003,1.300006
2.100003,1.300006
2.100003,1.400006
2.100003,1.500006
2.000003,1.500006
2.000003,1.600006
1.900003,1.600006
1.900003,1.700006
1.800003,1.700006
1.800003,1.700006
1.700003,1.700006
1.700003,1.800006
1.700003,1.800006
1.600003,1.800006
1.600003,1.800006
1.500003,1.900006
1.500003,1.800006
1.500003,1.900006
1.400003,1.900006
1.400003,1.900006
1.300003,1.900006
1.300003,1.900006
1.300003,1.900006
1.300003,1.900006
1.200003,1.900006
1.200003,1.900006
1.200003,1.800006
1.200003,1.800006
1.100003,1.900006
1.100003,1.800006
1.100003,1.800006
1.100003,1.800006
1.100003,1.800006
1.100003,1.800006
1.000003,1.800006
1.100003,1.700006
1.000003,1.700006
0.1000031,-0.4999939
3.05E-06,-0.3999939
3.05E-06,-0.2999939
-1.00E-01,-0.1999939
-0.1999969,-1.00E-01
-0.2999969,-1.00E-01
-0.2999969,6.10E-06
-0.399997,0.1000061
-0.499997,0.1000061
-0.599997,0.2000061
-0.599997,0.3000061
-0.6999969,0.3000061
-0.6999969,0.4000061
-0.799997,0.5000061
-0.799997,0.5000061
-0.8999969,0.6000061
-0.8999969,0.6000061
-0.999997,0.7000061
-0.999997,0.7000061
-1.099997,0.7000061
-1.099997,0.8000061
-1.099997,0.8000061
-1.199997,0.8000061
-1.199997,0.9000061
-1.199997,0.9000061
-1.199997,0.9000061
-1.199997,1.000006
-1.199997,1.000006
-1.199997,1.000006
-1.199997,1.100006
-1.199997,1.100006
-1.199997,1.100006
-1.199997,1.100006
-1.199997,1.200006
-1.199997,1.200006
-1.199997,1.200006
-1.199997,1.200006
-1.199997,1.200006
-1.199997,1.200006
-1.199997,1.300006
-1.099997,1.300006
-1.099997,1.300006
-1.099997,1.300006
-1.099997,1.300006
-1.099997,1.300006
-1.099997,1.300006
-0.999997,1.200006
-0.999997,1.200006
-0.999997,1.200006
-0.999997,1.200006
-0.8999969,1.100006
-0.8999969,1.100006
-0.8999969,1.000006
-0.799997,1.000006
-0.799997,0.9000061
-0.6999969,0.9000061
-0.6999969,0.8000061
-0.599997,0.7000061
-0.599997,0.6000061
-0.499997,0.6000061
-0.399997,0.5000061
-0.399997,0.4000061
-0.2999969,0.4000061
-0.1999969,0.3000061
-1.00E-01,0.2000061
3.05E-06,0.2000061
0.1000031,0.1000061
0.2000031,0.1000061
-5.999997,0.2000061
-5.999997,0.1000061
-6.099997,0.1000061
-6.199997,6.10E-06
-6.199997,0.1000061
-6.199997,6.10E-06
-6.299997,6.10E-06
-6.399997,6.10E-06
-6.399997,6.10E-06
-6.399997,-1.00E-01
-6.399997,-1.00E-01
-6.399997,-1.00E-01
-6.499997,-1.00E-01
-6.499997,-1.00E-01
-6.499997,-1.00E-01
-6.499997,-1.00E-01
-6.499997,-1.00E-01
-6.499997,-1.00E-01
-6.499997,-1.00E-01
-6.499997,-0.1999939
-6.399997,-1.00E-01
-6.399997,-0.1999939
-6.399997,-0.1999939
-6.399997,-0.2999939
-6.399997,-0.2999939
-6.299997,-0.2999939
-6.199997,-0.2999939
-6.199997,-0.2999939
-6.099997,-0.3999939
-6.099997,-0.3999939
-5.999997,-0.3999939
-5.899997,-0.4999939
-5.799997,-0.4999939
-5.699997,-0.4999939
-5.599997,-0.5999939
-5.499997,-0.5999939
-5.299997,-0.5999939
-5.299997,-0.5999939
-5.099997,-0.5999939
-4.999997,-0.5999939
-4.899997,-0.5999939
-4.799997,-0.5999939
-4.599997,-0.5999939
-4.499997,-0.5999939
-4.299997,-0.5999939
-4.199997,-0.5999939
-4.099997,-0.6999939
-3.999997,-0.6999939
-3.799997,-0.6999939
-3.699997,-0.6999939
-3.599997,-0.6999939
-3.399997,-0.7999939
-3.299997,-0.7999939
-3.099997,-0.8999939
-2.999997,-0.9999939
-2.799997,-1.099994
-2.599997,-1.099994
-2.499997,-1.299994
-2.299997,-1.299994
-2.199997,-1.499994
-1.999997,-1.499994
-1.799997,-1.699994
-1.499997,-1.799994
-1.299997,-1.899994
-1.099997,-1.899994
-0.8999969,-1.999994
-0.599997,-2.099994
-0.499997,-2.199994
-11.6,0.2000061
-11.6,6.10E-06
-11.6,-0.1999939
-11.5,-0.3999939
-11.5,-0.4999939
-11.4,-0.6999939
-11.4,-0.7999939
-11.3,-0.8999939
-11.3,-1.099994
-11.2,-1.099994
-11.1,-1.199994
-11,-1.199994
-10.8,-1.199994
-10.8,-1.199994
-10.6,-1.199994
-10.6,-1.199994
-10.5,-1.199994
-10.4,-1.199994
-10.3,-1.199994
-10.3,-1.299994
-10.2,-1.299994
-10.1,-1.299994
-10.1,-1.299994
-9.999997,-1.399994
-9.999997,-1.499994
-9.899997,-1.499994
-9.799997,-1.599994
-9.699997,-1.699994
-9.599998,-1.699994
-9.499997,-1.799994
-9.399997,-1.999994
-9.199997,-1.999994
-8.999997,-2.099994
-8.899997,-2.199994
-8.699997,-2.299994
-8.599998,-2.399994
-8.499997,-2.499994
-8.199997,-2.499994
-7.999997,-2.599994
-7.799997,-2.599994
-7.599997,-2.699994
-7.399997,-2.699994
-7.199997,-2.799994
-6.999997,-2.799994
-6.799997,-2.799994
-6.599997,-2.799994
-6.299997,-2.899994
-6.099997,-2.899994
-5.899997,-2.899994
-5.599997,-2.899994
-5.399997,-2.999994
-5.199997,-2.999994
-4.899997,-3.099994
-4.699997,-3.099994
-4.399997,-3.299994
-4.199997,-3.299994
-3.899997,-3.499994
-3.599997,-3.499994
-3.399997,-3.699994
-3.099997,-3.799994
-2.799997,-3.899994
-2.499997,-3.999994
-2.099997,-4.099994
-1.799997,-4.199994
-1.499997,-4.299994
-1.199997,-4.399994
-0.799997,-4.399994
-0.499997,-4.399994
-13.7,-0.2999939
-13.7,-0.5999939
-13.7,-0.8999939
-13.7,-1.099994
-13.6,-1.299994
-13.5,-1.499994
-13.4,-1.699994
-13.3,-1.799994
-13.1,-1.799994
-12.9,-1.899994
-12.7,-1.899994
-12.6,-1.899994
-12.3,-1.799994
-12.1,-1.699994
-11.9,-1.699994
-11.8,-1.599994
-11.6,-1.399994
-11.5,-1.299994
-11.3,-1.299994
-11.2,-1.199994
-11.1,-1.199994
-11,-1.299994
-10.8,-1.299994
-10.7,-1.399994
-10.6,-1.499994
-10.5,-1.699994
-10.4,-1.799994
-10.2,-1.999994
-10.2,-2.099994
-9.999997,-2.299994
-9.899997,-2.399994
-9.699997,-2.599994
-9.599998,-2.799994
-9.399997,-2.999994
-9.299997,-3.099994
-9.099998,-3.299994
-8.899997,-3.499994
-8.699997,-3.699994
-8.499997,-3.799994
-8.299997,-3.999994
-8.099998,-4.099994
-7.899997,-4.299994
-7.699997,-4.399994
-7.499997,-4.499994
-7.199997,-4.599994
-6.999997,-4.699994
-6.699997,-4.799994
-6.499997,-4.899994
-6.199997,-4.999994
-5.899997,-4.999994
-5.599997,-5.099994
-5.299997,-5.199994
-4.999997,-5.299994
-4.699997,-5.399994
-4.399997,-5.399994
-4.099997,-5.499994
-3.799997,-5.599994
-3.499997,-5.799994
-3.199997,-5.899994
-2.799997,-5.999994
-2.499997,-6.099994
-2.199997,-6.199994
-1.799997,-6.299994
-1.399997,-6.399994
-0.999997,-6.399994
-0.6999969,-6.399994
-0.1999969,-6.299994
0.1000031,-6.199994
-13.7,-1.399994
-13.7,-1.699994
-13.7,-1.799994
-13.7,-1.999994
-13.6,-2.099994
-13.5,-2.099994
-13.3,-2.099994
-13.2,-1.999994
-12.9,-1.899994
-12.6,-1.799994
-12.3,-1.699994
-12,-1.599994
-11.8,-1.499994
-11.5,-1.299994
-11.3,-1.199994
-11.1,-0.9999939
-10.8,-0.8999939
-10.7,-0.6999939
-10.4,-0.6999939
-10.2,-0.5999939
-9.999997,-0.6999939
-9.799997,-0.6999939
-9.599998,-0.8999939
-9.399997,-0.9999939
-9.299997,-1.299994
-9.099998,-1.399994
-8.999997,-1.699994
-8.799997,-1.799994
-8.799997,-2.099994
-8.599998,-2.199994
-8.499997,-2.499994
-8.299997,-2.699994
-8.199997,-2.899994
-7.999997,-3.099994
-7.899997,-3.399994
-7.699997,-3.599994
-7.499997,-3.899994
-7.299997,-4.099994
-7.199997,-4.399994
-6.999997,-4.699994
-6.899997,-4.999994
-6.699997,-5.199994
-6.599997,-5.499994
-6.299997,-5.699994
-6.099997,-5.899994
-5.899997,-6.099994
-5.599997,-6.299994
-5.399997,-6.399994
-5.099997,-6.599994
-4.799997,-6.599994
-4.499997,-6.799994
-4.299997,-6.799994
-3.999997,-6.999994
-3.699997,-6.999994
-3.399997,-7.199994
-3.099997,-7.299994
-2.799997,-7.399994
-2.499997,-7.499994
-2.099997,-7.599994
-1.799997,-7.699994
-1.399997,-7.799994
-1.099997,-7.799994
-0.6999969,-7.899994
-0.2999969,-7.899994
0.1000031,-7.899994
0.500003,-7.699994
0.9000031,-7.599994
1.200003,-7.399994
-12.2,-2.599994
-12.3,-2.799994
-12.2,-2.799994
-12.3,-2.799994
-12.1,-2.599994
-12,-2.399994
-11.7,-2.199994
-11.3,-1.899994
-10.9,-1.699994
-10.6,-1.499994
-10.2,-1.299994
-9.799997,-1.199994
-9.499997,-1.199994
-9.199997,-1.099994
-8.899997,-1.099994
-8.699997,-1.099994
-8.399997,-1.099994
-8.199997,-0.9999939
-7.899997,-0.9999939
-7.699997,-1.099994
-7.399997,-1.099994
-7.099997,-1.199994
-6.899997,-1.299994
-6.699997,-1.399994
-6.499997,-1.499994
-6.399997,-1.599994
-6.199997,-1.699994
-6.099997,-1.799994
-5.999997,-1.899994
-5.899997,-2.099994
-5.799997,-2.299994
-5.699997,-2.399994
-5.599997,-2.699994
-5.499997,-2.899994
-5.399997,-3.199994
-5.299997,-3.599994
-5.199997,-3.899994
-5.099997,-4.199994
-4.999997,-4.599994
-4.899997,-4.899994
-4.799997,-5.299994
-4.699997,-5.699994
-4.499997,-5.999994
-4.399997,-6.299994
-4.099997,-6.599994
-3.899997,-6.799994
-3.699997,-6.999994
-3.399997,-7.299994
-3.199997,-7.499994
-2.899997,-7.699994
-2.699997,-7.799994
-2.399997,-7.899994
-2.099997,-8.099994
-1.799997,-8.199994
-1.499997,-8.299994
-1.199997,-8.399994
-0.8999969,-8.499994
-0.599997,-8.599994
-0.2999969,-8.699994
3.05E-06,-8.799994
0.400003,-8.799994
0.7000031,-8.699994
1.200003,-8.699994
1.500003,-8.599994
1.900003,-8.399994
2.300003,-8.099994
2.700003,-7.799994
3.000003,-7.499994
-10.5,-2.599994
-10.5,-2.599994
-10.4,-2.599994
-10.3,-2.599994
-9.999997,-2.499994
-9.599998,-2.399994
-9.099998,-2.299994
-8.599998,-2.099994
-8.099998,-2.099994
-7.599997,-1.999994
-7.099997,-1.999994
-6.699997,-1.999994
-6.299997,-2.099994
-5.999997,-2.199994
-5.699997,-2.199994
-5.399997,-2.299994
-5.099997,-2.299994
-4.899997,-2.199994
-4.599997,-2.199994
-4.399997,-2.099994
-4.099997,-2.099994
-3.899997,-1.999994
-3.599997,-1.999994
-3.499997,-1.899994
-3.299997,-1.899994
-3.199997,-1.899994
-3.099997,-1.799994
-2.999997,-1.799994
-2.899997,-1.799994
-2.799997,-1.899994
-2.799997,-2.099994
-2.599997,-2.199994
-2.599997,-2.499994
-2.499997,-2.699994
-2.399997,-2.999994
-2.299997,-3.299994
-2.299997,-3.699994
-2.199997,-3.999994
-2.199997,-4.399994
-2.099997,-4.699994
-2.099997,-5.099994
-1.999997,-5.499994
-1.999997,-5.899994
-1.899997,-6.199994
-1.799997,-6.599994
-1.599997,-6.899994
-1.499997,-7.299994
-1.299997,-7.599994
-1.099997,-7.899994
-0.799997,-8.199994
-0.599997,-8.399994
-0.2999969,-8.599994
3.05E-06,-8.899994
0.400003,-8.999994
0.7000031,-9.199994
1.000003,-9.199994
1.400003,-9.299994
1.800003,-9.399994
2.100003,-9.399994
2.400003,-9.299994
2.800003,-9.199994
3.100003,-8.999994
3.400003,-8.799994
3.700003,-8.499994
3.900003,-8.199994
4.100003,-7.799994
4.400003,-7.299994
4.500003,-6.799994
-6.899997,-2.499994
-6.699997,-2.599994
-6.399997,-2.699994
-6.099997,-2.699994
-5.599997,-2.599994
-5.199997,-2.499994
-4.799997,-2.499994
-4.499997,-2.499994
-4.099997,-2.599994
-3.799997,-2.699994
-3.499997,-2.899994
-3.099997,-3.099994
-2.799997,-3.199994
-2.499997,-3.299994
-2.199997,-3.399994
-1.899997,-3.399994
-1.699997,-3.299994
-1.499997,-3.199994
-1.199997,-2.999994
-0.999997,-2.799994
-0.799997,-2.599994
-0.6999969,-2.499994
-0.399997,-2.299994
-0.1999969,-2.299994
3.05E-06,-2.199994
0.1000031,-2.199994
0.3000031,-2.199994
0.500003,-2.299994
0.7000031,-2.299994
0.8000031,-2.399994
1.000003,-2.399994
1.200003,-2.499994
1.300003,-2.699994
1.400003,-2.799994
1.500003,-2.999994
1.600003,-3.099994
1.600003,-3.299994
1.500003,-3.499994
1.500003,-3.799994
1.400003,-4.099994
1.400003,-4.399994
1.300003,-4.799994
1.200003,-5.099994
1.200003,-5.599994
1.200003,-5.999994
1.200003,-6.399994
1.300003,-6.899994
1.300003,-7.399994
1.500003,-7.799994
1.700003,-8.199994
1.900003,-8.599994
2.100003,-8.899994
2.400003,-9.199994
2.600003,-9.399994
2.900003,-9.499994
3.200003,-9.599994
3.500003,-9.599994
3.700003,-9.499994
4.000003,-9.299994
4.100003,-9.099994
4.300003,-8.799994
4.400003,-8.499994
4.500003,-7.999994
4.400003,-7.599994
4.500003,-7.099994
4.500003,-6.599994
4.500003,-5.999994
4.400003,-5.499994
-3.299997,-3.499994
-3.199997,-3.699994
-2.999997,-3.799994
-2.799997,-3.799994
-2.599997,-3.699994
-2.399997,-3.599994
-2.199997,-3.599994
-2.099997,-3.699994
-1.999997,-3.899994
-1.699997,-3.999994
-1.399997,-4.199994
-0.8999969,-4.199994
-0.499997,-4.299994
-1.00E-01,-4.299994
0.3000031,-4.299994
0.7000031,-4.199994
1.000003,-4.099994
1.300003,-3.899994
1.600003,-3.699994
1.900003,-3.499994
2.200003,-3.399994
2.500003,-3.299994
2.800003,-3.299994
3.200003,-3.299994
3.600003,-3.399994
3.900003,-3.399994
4.200003,-3.399994
4.500003,-3.399994
4.700003,-3.299994
4.900003,-3.199994
5.100003,-3.099994
5.100003,-2.899994
5.100003,-2.799994
5.000003,-2.699994
4.800003,-2.599994
4.700003,-2.599994
4.400003,-2.599994
4.200003,-2.799994
4.000003,-2.999994
3.800003,-3.299994
3.700003,-3.599994
3.600003,-3.999994
3.600003,-4.399994
3.600003,-4.899994
3.600003,-5.399994
3.700003,-5.899994
3.800003,-6.399994
3.900003,-6.999994
4.000003,-7.499994
4.200003,-7.899994
4.300003,-8.399994
4.500003,-8.699994
4.600003,-8.999994
4.800003,-9.099994
4.900003,-9.199994
5.000003,-9.099994
5.100003,-8.999994
5.100003,-8.799994
5.100003,-8.399994
5.000003,-8.099994
5.000003,-7.599994
4.800003,-7.099994
4.700003,-6.499994
4.600003,-5.999994
4.500003,-5.499994
4.400003,-4.999994
4.400003,-4.499994
4.400003,-3.999994
-1.00E-01,-3.399994
-0.1999969,-3.499994
-1.00E-01,-3.499994
-1.00E-01,-3.499994
-1.00E-01,-3.399994
-1.00E-01,-3.499994
3.05E-06,-3.699994
0.2000031,-3.999994
0.400003,-4.199994
0.8000031,-4.499994
1.200003,-4.699994
1.600003,-4.899994
2.000003,-4.899994
2.400003,-4.999994
2.700003,-4.899994
3.000003,-4.899994
3.400003,-4.799994
3.700003,-4.799994
4.100003,-4.899994
4.600003,-4.999994
5.200003,-5.099994
5.700003,-5.199994
6.200003,-5.299994
6.700003,-5.299994
7.200003,-5.199994
7.500003,-5.099994
7.800003,-4.799994
8.000003,-4.399994
8.100003,-3.899994
8.100003,-3.399994
8.000003,-2.899994
7.800003,-2.399994
7.500003,-1.899994
7.100003,-1.599994
6.700003,-1.299994
6.200003,-1.199994
5.800003,-1.199994
5.300003,-1.399994
4.900003,-1.699994
4.600003,-2.199994
4.300003,-2.799994
4.200003,-3.399994
4.100003,-4.099994
4.200003,-4.799994
4.300003,-5.499994
4.500003,-6.099994
4.800003,-6.699994
5.100003,-7.199994
5.400003,-7.599994
5.600003,-7.999994
5.900003,-8.199994
6.100003,-8.299994
6.300003,-8.399994
6.300003,-8.399994
6.500003,-8.199994
6.400003,-7.999994
6.500003,-7.699994
6.400003,-7.399994
6.400003,-6.899994
6.300003,-6.499994
6.200003,-5.999994
6.200003,-5.599994
6.200003,-5.199994
6.200003,-4.699994
6.200003,-4.399994
6.300003,-3.999994
6.400003,-3.699994
6.400003,-3.399994
2.700003,-2.199994
2.500003,-2.499994
2.300003,-2.699994
2.300003,-2.999994
2.300003,-3.299994
2.300003,-3.599994
2.500003,-3.999994
2.700003,-4.399994
3.100003,-4.799994
3.500003,-5.099994
3.900003,-5.399994
4.400003,-5.599994
4.700003,-5.699994
4.900003,-5.799994
5.200003,-5.799994
5.400003,-5.799994
5.800003,-5.999994
6.400003,-6.099994
7.000003,-6.399994
7.600003,-6.599994
8.300003,-6.799994
8.900003,-6.799994
9.500003,-6.799994
9.900003,-6.599994
10.2,-6.199994
10.5,-5.699994
10.6,-4.999994
10.6,-4.299994
10.6,-3.499994
10.5,-2.699994
10.3,-1.899994
10,-1.199994
9.700004,-0.5999939
9.400003,-1.00E-01
9.000003,0.2000061
8.600003,0.4000061
8.200004,0.4000061
7.700003,0.2000061
7.200003,-0.1999939
6.800003,-0.7999939
6.300003,-1.599994
6.000003,-2.499994
5.700003,-3.499994
5.600003,-4.599994
5.600003,-5.499994
5.800003,-6.299994
6.100003,-6.999994
6.400003,-7.499994
6.700003,-7.799994
7.000003,-7.999994
7.300003,-7.999994
7.600003,-7.999994
7.800003,-7.799994
7.900003,-7.599994
8.100003,-7.299994
8.200004,-6.999994
8.400003,-6.599994
8.400003,-6.299994
8.600003,-5.899994
8.700004,-5.499994
8.800003,-5.199994
8.900003,-4.799994
9.000003,-4.499994
9.100003,-4.199994
9.200004,-3.999994
9.200004,-3.799994
9.300003,-3.599994
9.400003,-3.499994
4.000003,-1.199994
3.900003,-1.699994
3.800003,-2.199994
3.900003,-2.699994
4.100003,-3.299994
4.400003,-3.899994
4.800003,-4.499994
5.200003,-5.099994
5.700003,-5.599994
6.200003,-5.999994
6.700003,-6.299994
7.000003,-6.499994
7.400003,-6.599994
7.700003,-6.599994
8.100003,-6.699994
8.600003,-6.799994
9.200004,-6.899994
9.800003,-6.999994
10.4,-7.099994
10.9,-7.199994
11.3,-7.199994
11.8,-7.099994
12.1,-6.799994
12.3,-6.399994
12.5,-5.799994
12.5,-5.199994
12.5,-4.399994
12.4,-3.699994
12.3,-2.799994
12.1,-2.099994
12,-1.299994
11.8,-0.6999939
11.7,6.10E-06
11.6,0.5000061
11.5,0.9000061
11.3,1.100006
11.2,1.300006
11,1.200006
10.8,0.9000061
10.5,0.3000061
10.1,-0.3999939
9.600003,-1.399994
9.300003,-2.499994
9.000003,-3.799994
8.800003,-4.899994
8.600003,-5.899994
8.700004,-6.699994
8.700004,-7.299994
8.900003,-7.699994
9.100003,-7.899994
9.300003,-7.799994
9.600003,-7.699994
9.900003,-7.599994
10.1,-7.299994
10.4,-7.099994
10.6,-6.799994
10.9,-6.399994
11,-5.999994
11.2,-5.699994
11.3,-5.299994
11.4,-4.999994
11.3,-4.699994
11.3,-4.399994
11.3,-4.299994
11.2,-3.999994
11.2,-3.899994
11.3,-3.799994
11.4,-3.699994
5.100003,-0.4999939
5.200003,-1.299994
5.400003,-2.099994
5.700003,-2.799994
6.100003,-3.599994
6.700003,-4.499994
7.300003,-5.399994
7.800003,-6.099994
8.400003,-6.699994
9.000003,-7.099994
9.500003,-7.399994
10.1,-7.499994
10.6,-7.599994
11.1,-7.599994
11.7,-7.599994
12.3,-7.599994
12.8,-7.599994
13.3,-7.599994
13.6,-7.499994
13.9,-7.299994
14.2,-7.099994
14.3,-6.799994
14.5,-6.399994
14.5,-5.799994
14.4,-5.199994
14.2,-4.499994
14,-3.599994
13.7,-2.899994
13.5,-2.099994
13.2,-1.399994
13.1,-0.6999939
12.9,-1.00E-01
12.8,0.4000061
12.8,0.9000061
12.9,1.200006
13,1.400006
13.1,1.400006
13.4,1.300006
13.4,1.000006
13.5,0.6000061
13.3,-1.00E-01
13.2,-0.9999939
12.8,-1.999994
12.5,-3.199994
12.2,-4.199994
11.9,-5.299994
11.7,-6.099994
11.7,-6.799994
11.7,-7.299994
11.7,-7.599994
11.8,-7.799994
12,-7.699994
12.2,-7.699994
12.4,-7.499994
12.7,-7.199994
12.9,-6.899994
13.2,-6.499994
13.3,-6.099994
13.3,-5.499994
13.3,-5.099994
13.2,-4.499994
12.9,-4.099994
12.7,-3.799994
12.5,-3.599994
12.3,-3.599994
12.4,-3.699994
12.5,-3.899994
12.9,-3.999994
6.000003,-0.6999939
6.300003,-1.799994
6.700003,-2.799994
7.300003,-3.899994
8.000003,-4.999994
8.700004,-6.099994
9.500003,-7.099994
10.2,-7.799994
10.9,-8.399994
11.7,-8.699994
12.5,-8.899994
13.2,-8.799994
13.8,-8.699994
14.3,-8.599994
14.8,-8.399994
15.3,-8.299994
15.7,-8.099994
16.1,-7.899994
16.4,-7.699994
16.5,-7.299994
16.6,-6.799994
16.5,-6.299994
16.3,-5.699994
16.1,-4.999994
15.8,-4.199994
15.4,-3.499994
15.1,-2.799994
14.8,-2.199994
14.5,-1.499994
14.2,-0.9999939
14.1,-0.4999939
13.9,-1.00E-01
13.8,0.3000061
13.8,0.6000061
13.8,0.8000061
13.9,0.8000061
14.3,0.7000061
14.6,0.5000061
15,0.1000061
15.4,-0.3999939
15.7,-0.9999939
15.8,-1.699994
15.9,-2.399994
15.9,-3.299994
15.8,-4.099994
15.6,-4.899994
15.4,-5.499994
15.2,-5.999994
15,-6.399994
14.9,-6.699994
14.7,-6.799994
14.5,-6.899994
14.5,-6.799994
14.4,-6.699994
14.4,-6.499994
14.3,-6.199994
14.3,-5.699994
14.3,-5.199994
14.2,-4.599994
14,-4.099994
13.8,-3.499994
13.6,-3.199994
13.4,-2.899994
13.3,-2.899994
13.4,-3.099994
13.6,-3.599994
14.1,-4.199994
14.7,-4.799994
7.200003,-1.199994
7.600003,-2.599994
8.200004,-4.099994
9.000003,-5.599994
9.900003,-6.999994
10.8,-8.099994
11.8,-9.099994
12.8,-9.699994
13.7,-10.09999
14.6,-10.09999
15.3,-9.999994
15.9,-9.699994
16.4,-9.499994
16.8,-9.299994
17.2,-9.099994
17.7,-8.799994
18.1,-8.499994
18.3,-8.099994
18.4,-7.599994
18.4,-6.999994
18.2,-6.199994
17.9,-5.399994
17.6,-4.599994
17.2,-3.799994
16.8,-2.999994
16.4,-2.399994
16.1,-1.799994
15.8,-1.399994
15.7,-1.099994
15.5,-0.7999939
15.4,-0.5999939
15.3,-0.3999939
15.2,-1.00E-01
15.1,0.1000061
15,0.1000061
14.9,0.2000061
15,6.10E-06
15.2,-0.2999939
15.5,-0.7999939
16.1,-1.299994
16.6,-1.799994
17.1,-2.299994
17.5,-2.899994
17.7,-3.399994
17.8,-3.899994
17.8,-4.499994
17.7,-4.899994
17.6,-5.199994
17.4,-5.299994
17.2,-5.399994
16.7,-5.399994
16.4,-5.399994
16,-5.499994
15.7,-5.399994
15.4,-5.199994
15.1,-4.999994
14.7,-4.599994
14.3,-4.199994
14,-3.699994
13.8,-3.299994
13.7,-2.999994
13.7,-2.799994
13.9,-2.899994
14.2,-3.099994
14.6,-3.799994
15.2,-4.499994
15.9,-5.399994
16.7,-6.399994
9.100003,-1.799994
9.400003,-3.599994
10.1,-5.499994
10.9,-7.399994
11.9,-8.999994
13,-10.29999
14.1,-10.99999
15.2,-11.49999
16.1,-11.49999
16.8,-11.39999
17.4,-11.09999
17.9,-10.79999
18.4,-10.49999
18.8,-10.09999
19.3,-9.699994
19.6,-9.199994
19.8,-8.499994
20,-7.799994
20,-6.899994
19.8,-5.999994
19.5,-4.999994
19.1,-4.199994
18.7,-3.299994
18.2,-2.599994
17.8,-1.799994
17.3,-1.299994
16.8,-0.8999939
16.5,-0.6999939
16.2,-0.5999939
16,-0.4999939
15.8,-0.4999939
15.7,-0.4999939
15.5,-0.2999939
15.3,-0.1999939
15.1,6.10E-06
14.9,6.10E-06
14.6,6.10E-06
14.5,-0.3999939
14.5,-0.7999939
14.9,-1.399994
15.3,-1.899994
15.9,-2.399994
16.3,-2.799994
16.6,-3.199994
16.7,-3.599994
16.8,-4.099994
16.8,-4.399994
16.9,-4.599994
16.8,-4.699994
16.6,-4.799994
16.2,-4.699994
15.8,-4.599994
15.4,-4.499994
15,-4.299994
14.6,-4.099994
14.3,-3.999994
14,-3.699994
13.8,-3.499994
13.6,-3.299994
13.6,-3.099994
13.6,-2.899994
13.9,-2.999994
14.2,-3.299994
14.8,-3.999994
15.6,-4.999994
16.5,-6.199994
17.4,-7.399994
18.3,-8.699994
11.2,-2.499994
11.5,-4.599994
12.1,-6.899994
13,-8.999994
13.9,-10.69999
15,-11.79999
16,-12.49999
17,-12.69999
17.7,-12.69999
18.3,-12.59999
18.8,-12.39999
19.4,-12.09999
20,-11.59999
20.5,-10.99999
20.8,-10.19999
21.1,-9.299994
21.3,-8.399994
21.5,-7.299994
21.5,-6.199994
21.4,-4.999994
21.1,-3.899994
20.7,-2.899994
20.1,-1.999994
19.5,-1.299994
18.9,-0.5999939
18.1,6.10E-06
17.3,0.4000061
16.5,0.6000061
15.8,0.6000061
15.2,0.5000061
14.8,0.3000061
14.4,6.10E-06
14.2,-0.1999939
14,-0.3999939
13.8,-0.3999939
13.6,-0.4999939
13.4,-0.4999939
13.3,-0.5999939
13.2,-0.9999939
13.5,-1.399994
13.9,-1.899994
14.4,-2.299994
14.8,-2.699994
15.1,-2.999994
15.2,-3.199994
15.2,-3.499994
15.2,-3.799994
15.1,-3.999994
14.9,-4.099994
14.7,-4.199994
14.2,-4.199994
13.9,-4.099994
13.5,-3.899994
13.2,-3.799994
13,-3.599994
12.8,-3.499994
12.7,-3.499994
12.8,-3.499994
12.8,-3.599994
13,-3.699994
13.3,-3.799994
13.7,-4.099994
14.4,-4.599994
15.3,-5.399994
16.3,-6.699994
17.4,-8.099994
18.4,-9.799994
19.7,-11.39999
13.5,-2.799994
13.8,-5.299994
14.3,-7.699994
15,-9.899994
15.7,-11.39999
16.4,-12.49999
17.1,-13.09999
17.8,-13.39999
18.4,-13.59999
18.9,-13.69999
19.4,-13.59999
20.1,-13.39999
20.7,-12.69999
21.2,-11.89999
21.6,-10.79999
21.8,-9.799994
22.1,-8.599994
22.3,-7.399994
22.4,-6.099994
22.2,-4.899994
21.8,-3.599994
21.2,-2.399994
20.5,-1.299994
19.7,-0.2999939
18.8,0.5000061
17.8,1.100006
16.7,1.600006
15.7,1.700006
14.7,1.800006
13.8,1.600006
13.1,1.300006
12.6,0.8000061
12.3,0.3000061
12.1,-0.3999939
12,-0.9999939
12,-1.499994
12.1,-1.799994
12.2,-1.999994
12.5,-2.199994
12.8,-2.399994
13.4,-2.699994
14.1,-2.899994
14.5,-3.199994
15,-3.399994
15.1,-3.499994
15.3,-3.599994
15.2,-3.599994
15.1,-3.599994
14.8,-3.399994
14.5,-3.299994
14,-3.199994
13.5,-3.199994
13.1,-2.899994
12.5,-2.899994
12.1,-2.799994
11.8,-2.899994
11.8,-3.099994
11.8,-3.399994
11.9,-3.799994
12.1,-4.399994
12.6,-4.999994
13.4,-5.599994
14.5,-6.199994
15.6,-7.299994
16.7,-8.699994
17.9,-10.39999
19,-12.49999
20.7,-14.69999
15.7,-2.999994
16.2,-5.699994
16.6,-7.999994
17,-9.899994
17.3,-11.29999
17.6,-12.29999
17.9,-12.99999
18.2,-13.39999
18.5,-13.79999
18.9,-14.09999
19.4,-14.19999
20.1,-13.79999
20.7,-13.19999
21.2,-12.29999
21.6,-11.29999
21.8,-10.19999
22,-8.999994
21.9,-7.699994
21.6,-6.299994
21.2,-4.999994
20.7,-3.599994
20.1,-2.099994
19.5,-0.5999939
18.6,0.7000061
17.7,1.700006
16.5,2.300006
15.3,2.700006
14.3,2.700006
13.2,2.500006
12.3,2.200006
11.5,1.900006
10.9,1.500006
10.6,1.000006
10.4,0.2000061
10.5,-0.8999939
10.8,-1.899994
11,-2.899994
11.3,-3.399994
11.8,-3.699994
12.4,-3.599994
13,-3.599994
13.8,-3.699994
14.4,-3.999994
15,-3.999994
15.4,-3.999994
15.7,-3.799994
15.9,-3.499994
15.9,-3.199994
15.9,-2.899994
15.6,-2.599994
15.4,-2.299994
15,-1.899994
14.4,-1.599994
13.8,-1.499994
13.2,-1.499994
12.8,-1.799994
12.6,-2.199994
12.4,-2.799994
12.2,-3.499994
12.2,-4.399994
12.5,-5.299994
13.2,-6.299994
14.2,-7.499994
15.3,-8.999994
16.6,-10.89999
17.9,-12.89999
19.4,-15.39999
21.5,-18.2
18.4,-2.199994
18.7,-5.199994
18.9,-7.599994
18.9,-9.499994
18.9,-10.69999
18.8,-11.59999
18.8,-12.29999
18.7,-12.89999
18.7,-13.39999
19,-13.79999
19.3,-13.79999
19.8,-13.49999
20,-12.99999
20.2,-12.19999
20.3,-11.19999
20.3,-10.09999
20.2,-8.799994
19.8,-7.399994
19.4,-6.099994
19.2,-4.799994
18.9,-3.299994
18.7,-1.599994
18.2,0.3000061
17.6,2.100006
16.6,3.500006
15.6,4.400006
14.6,4.700006
13.8,4.500006
12.9,4.000006
12.1,3.100006
11.1,2.500006
10.3,1.900006
9.700004,1.400006
9.500003,0.8000061
9.600003,-1.00E-01
10,-1.299994
10.4,-2.499994
10.9,-3.599994
11.4,-4.099994
11.9,-4.199994
12.5,-4.199994
13.3,-4.299994
14.1,-4.499994
14.9,-4.599994
15.5,-4.499994
16.1,-4.199994
16.6,-3.699994
17,-3.299994
17.3,-2.799994
17.5,-2.299994
17.6,-1.699994
17.5,-1.099994
17,-0.6999939
16.3,-0.5999939
15.6,-0.5999939
14.9,-0.7999939
14.3,-1.399994
13.6,-2.199994
13,-3.199994
12.6,-4.299994
12.4,-5.399994
12.7,-6.699994
13.4,-8.299994
14.5,-10.19999
15.9,-12.49999
17.3,-15.09999
19,-18.29999
21.5,-21.89999
20.9,-0.4999939
20.9,-3.799994
20.8,-6.399994
20.6,-8.299994
20.4,-9.499994
20,-10.49999
19.6,-11.19999
19.2,-11.99999
19,-12.69999
19,-13.19999
19.1,-13.49999
19.2,-13.39999
19.1,-12.69999
18.8,-11.89999
18.7,-10.69999
18.6,-9.199994
18.4,-7.599994
18,-6.199994
17.7,-5.199994
17.7,-4.199994
17.9,-2.899994
18,-0.8999939
17.8,1.400006
17.1,3.700006
16.2,5.400006
15.2,6.600006
14.5,6.900006
14,6.700006
13.6,5.800006
13.2,4.600006
12.4,3.400006
11.4,2.400006
10.4,1.600006
9.600003,1.000006
9.500003,0.3000061
9.900003,-0.6999939
10.5,-1.899994
11,-3.099994
11.5,-3.899994
12,-4.399994
12.7,-4.699994
13.6,-5.099994
14.6,-5.499994
15.8,-5.599994
16.9,-5.499994
17.8,-4.999994
18.8,-4.399994
19.6,-3.699994
20.4,-2.999994
20.9,-2.099994
21.1,-1.199994
20.9,-0.3999939
20.4,0.3000061
19.6,0.8000061
18.5,1.000006
17.4,0.9000061
16.2,0.3000061
15,-0.6999939
14,-1.899994
13.3,-3.399994
12.9,-4.799994
12.7,-6.399994
13,-8.399994
13.8,-10.69999
14.9,-13.59999
16.1,-16.89999
17.8,-20.89999
20.4,-25.29999
23.4,1.200006
23,-1.699994
22.4,-4.199994
21.8,-6.299994
21.1,-7.699994
20.6,-8.799994
20.1,-9.599994
19.7,-10.49999
19.3,-11.39999
19.1,-12.29999
18.9,-12.89999
18.7,-13.19999
18.3,-12.69999
18,-11.69999
17.8,-9.899994
17.7,-7.999994
17.5,-6.199994
17.3,-5.099994
17.4,-4.399994
17.7,-3.599994
18.1,-1.999994
18.2,0.4000061
17.6,3.100006
16.5,5.300006
15.3,6.800006
14.3,7.500006
13.9,7.600006
14,7.300006
14.3,6.600006
14.4,5.700006
14.1,4.600006
13.4,3.400006
12.4,2.200006
11.4,1.200006
10.9,0.3000061
10.9,-0.7999939
11.4,-2.099994
12,-3.399994
12.8,-4.499994
13.7,-5.399994
14.8,-6.199994
16.1,-6.899994
17.6,-7.299994
19.3,-7.399994
20.8,-7.099994
22.3,-6.599994
23.5,-5.899994
24.7,-5.099994
25.6,-3.999994
26.1,-2.599994
26.1,-1.299994
25.8,6.10E-06
25.1,1.400006
24,2.400006
22.5,3.100006
20.9,3.200006
19,2.600006
17.4,1.500006
15.9,6.10E-06
14.8,-1.799994
14,-3.599994
13.4,-5.599994
13.3,-7.899994
13.4,-10.59999
13.8,-13.79999
14.8,-17.59999
16.3,-22.39999
18.9,-27.79999
26.2,2.900006
25.5,0.4000061
24.5,-1.899994
23.5,-3.899994
22.6,-5.499994
21.9,-6.799994
21.4,-7.699994
21,-8.499994
20.4,-9.399994
19.9,-10.49999
19.3,-11.39999
18.7,-12.09999
18.2,-11.99999
17.7,-11.09999
17.5,-9.299994
17.3,-7.299994
17.3,-5.699994
17.5,-4.599994
18,-3.799994
18.6,-2.599994
18.7,-0.2999939
18.2,2.300006
17,4.800006
15.6,6.500006
14.5,7.200006
14,7.400006
14,7.200006
14.4,7.200006
14.9,6.900006
15.3,6.500006
15.3,5.600006
15,4.400006
14.4,3.200006
13.6,1.800006
13,0.3000061
12.7,-1.299994
13.1,-2.999994
14,-4.599994
15.2,-6.099994
16.7,-7.299994
18.4,-8.399994
20.3,-9.199994
22.2,-9.599994
24.1,-9.599994
25.7,-9.299994
27.2,-8.799994
28.6,-7.999994
30,-6.799994
31.1,-5.199994
31.8,-3.199994
31.9,-0.9999939
31.6,1.100006
30.7,3.100006
29.2,4.600006
27.3,5.600006
25.1,6.000006
22.8,5.600006
20.6,4.500006
18.6,2.600006
16.8,0.4000061
15.2,-1.999994
14.1,-4.399994
13.5,-6.999994
13.3,-9.799994
13.3,-13.29999
13.6,-17.39999
14.9,-23.09999
17.2,-29.7
29.7,5.800006
28.7,3.400006
27.3,1.100006
26.1,-1.099994
25,-2.999994
24.2,-4.499994
23.5,-5.599994
22.9,-6.499994
22.1,-7.399994
21.3,-8.399994
20.3,-9.399994
19.4,-10.29999
18.5,-10.69999
17.8,-10.39999
17.5,-9.099994
17.4,-7.499994
17.8,-5.999994
18.5,-4.799994
19.4,-3.399994
19.9,-1.399994
19.6,1.300006
18.8,3.800006
17.8,5.500006
16.9,6.300006
16.5,6.600006
16.4,6.700006
16.6,7.100006
16.7,7.400006
16.7,7.600006
16.5,7.200006
16.3,6.200006
16.3,4.800006
16.2,3.200006
16,1.600006
15.8,-0.1999939
16,-2.299994
16.7,-4.399994
18,-6.399994
19.7,-8.099994
21.6,-9.399994
23.3,-10.39999
25,-11.19999
26.7,-11.79999
28.6,-11.89999
30.2,-11.39999
31.7,-10.59999
33,-9.799994
34.8,-8.599994
36.6,-6.799994
38.2,-4.499994
39.40001,-1.699994
39.5,1.400006
38.3,4.200006
36.40001,6.500006
33.90001,8.200006
31.2,9.300006
28.2,9.300006
25.3,8.500007
22.6,6.800006
20.1,4.300006
17.7,1.300006
15.7,-1.899994
14.4,-5.199994
13.7,-8.699994
13.4,-12.29999
13.1,-16.59999
13.4,-22.7
15,-30.39999
34.3,9.900006
32.5,7.800006
30.4,5.600006
28.3,3.200006
26.4,0.8000061
25,-1.399994
23.9,-3.099994
23,-4.499994
22.2,-5.599994
21.4,-6.699994
20.3,-7.599994
19.3,-8.599994
18.3,-9.299994
17.6,-9.499994
17.6,-8.899994
18,-7.699994
19,-6.499994
20.3,-4.999994
21.4,-2.999994
22,-0.3999939
22,2.400006
21.6,4.500006
21.3,5.500006
21.1,6.000006
21.1,6.500006
20.8,7.100006
20.4,7.700006
19.8,8.100006
19,8.100006
18.3,7.600006
17.8,6.400006
17.7,4.700006
18.2,2.700006
18.9,0.8000061
19.6,-1.199994
20.3,-3.299994
21.3,-5.599994
22.8,-7.999994
24.7,-9.799994
26.5,-10.89999
27.6,-11.69999
28.4,-12.59999
30,-13.49999
32.3,-13.59999
34.2,-13.09999
35.5,-12.69999
37.40001,-11.99999
39.90001,-10.79999
43.3,-9.399994
46.90001,-7.099994
49.2,-3.299994
49.6,1.000006
48.5,5.100006
46.5,8.700006
43.3,11.00001
39.3,11.90001
35.40001,11.90001
31.7,11.60001
28.1,10.60001
24.6,8.600006
21.2,5.600006
18.2,2.000006
15.8,-1.999994
14.5,-6.299994
13.9,-10.59999
13.3,-15.29999
12.3,-21.39999
12.3,-29.49999
38.8,13.00001
36.7,11.80001
34,10.40001
31.2,8.500007
28.3,6.100006
25.9,3.400006
23.9,0.8000061
22.4,-1.699994
21.3,-3.499994
20.5,-4.899994
19.6,-6.099994
18.7,-7.399994
18,-8.299994
17.8,-8.899994
18.5,-8.699994
19.9,-8.199994
21.7,-6.999994
23.4,-5.299994
24.6,-2.699994
25.4,0.1000061
25.8,2.500006
26.1,4.100006
26.2,5.400006
26.2,6.600006
25.7,7.900006
24.7,8.700006
23.3,8.900006
22.3,8.500007
21.3,7.800006
20.6,7.000006
19.9,6.000006
19.7,4.400006
20.4,2.400006
21.6,0.4000061
22.9,-1.699994
23.9,-3.899994
24.8,-6.599994
26.2,-9.199994
28.1,-10.89999
29.9,-11.79999
30.3,-12.69999
31,-13.99999
33.90001,-14.99999
37.5,-15.09999
39.40001,-14.89999
40.90001,-14.89999
43.8,-14.49999
47.6,-13.69999
50.90001,-11.89999
53.9,-9.199994
57.1,-4.699994
59.6,1.300006
59.3,7.600006
56.6,12.60001
52.4,15.30001
48.40001,16.30001
44.90001,16.80001
41.1,16.80001
36.40001,15.70001
31.6,13.20001
27,9.900006
22.7,6.300006
18.9,2.400006
16.2,-1.999994
14.7,-6.999994
13.8,-12.39999
12.2,-18.99999
10.4,-27.29999
43.3,15.80001
40.40001,15.20001
37.2,14.00001
34,12.40001
31,10.40001
28.1,7.900006
25.6,5.100006
23.5,2.200006
22.1,-0.3999939
21.2,-2.599994
20.5,-4.399994
20,-5.999994
19.6,-7.199994
19.9,-8.199994
21,-8.899994
23,-8.899994
25.1,-7.699994
26.6,-5.499994
27.7,-2.899994
28.6,-0.3999939
29.5,1.500006
30.3,3.400006
30.5,5.700006
30.1,7.800006
29.1,9.400006
27.5,10.20001
25.9,9.700006
24.9,8.700006
24.3,7.600006
23.8,6.500006
23,5.600006
22.5,4.300006
22.7,2.300006
23.7,0.1000061
24.9,-2.199994
25.9,-4.699994
26.5,-7.599994
27.8,-10.19999
30.3,-11.99999
32.5,-12.99999
33.2,-14.49999
35.2,-16.49999
40.40001,-17.79999
45.1,-17.99999
46.7,-17.7
48.1,-17.29999
51.6,-16.59999
55.1,-14.99999
56.5,-12.29999
58.3,-8.699994
61.9,-3.599994
64.7,2.400006
63.9,8.400006
61,13.70001
57.7,18.00001
55,21.30001
52.1,23.40001
48.2,24.20001
43.3,23.00001
38.5,20.00001
33.8,16.10001
28.9,11.90001
23.8,7.600006
19.3,3.000006
16.2,-2.199994
14.4,-8.099994
12.5,-15.19999
9.900003,-23.7
49.40001,17.50001
45.90001,18.20001
41.7,17.50001
37.5,15.80001
33.6,13.20001
30.5,10.20001
27.8,7.200006
25.7,4.100006
24.3,1.100006
23.8,-1.499994
23.9,-3.399994
24.1,-4.899994
23.9,-6.299994
24.2,-7.999994
25.4,-9.099994
27,-9.099994
28.1,-7.599994
28.7,-5.699994
29.9,-4.199994
31.7,-2.599994
33.5,-1.00E-01
34.40001,3.000006
34.1,6.200006
33.40001,8.600006
32.40001,10.20001
31.1,11.00001
29.8,10.70001
28.9,9.500007
28.4,8.300006
27.8,7.100006
26.8,5.900006
26.1,4.100006
25.7,1.800006
26.1,-0.5999939
26.8,-3.299994
27.6,-6.099994
28.2,-8.799994
29.9,-11.49999
33.3,-13.79999
36.6,-16.09999
38.90001,-18.29999
42.8,-20.09999
48.2,-20.89999
51.7,-21.2
52.1,-20.89999
53.2,-20.09999
55.8,-18.29999
57.2,-15.49999
57.2,-11.49999
58.5,-7.199994
61,-2.799994
62.1,1.400006
61,5.900006
59.2,10.60001
57.5,15.60001
56,20.00001
53.9,23.60001
50.8,25.90001
47.1,26.60001
43.3,25.80001
38.90001,23.40001
34.1,19.80001
28.8,15.00001
23.7,9.500007
19.4,3.600006
16.2,-2.799994
13.6,-10.09999
10.5,-18.79999
53.3,15.40001
51.4,18.20001
47.7,19.70001
42.8,19.40001
37.8,16.90001
33.7,13.20001
30.6,9.100006
28.1,5.100006
26.6,1.500006
26.4,-1.499994
27.3,-3.399994
28.3,-4.599994
28.4,-6.399994
28.6,-8.499994
29.7,-9.299994
30.5,-8.499994
30.1,-6.899994
29.9,-6.199994
31.9,-6.499994
35.1,-5.099994
37.1,-1.299994
37.2,3.000006
36.3,6.200006
35.8,8.200006
35.7,10.00001
35.3,11.40001
34.3,11.70001
33.5,10.60001
32.7,8.900006
31.7,7.200006
30.7,5.300006
30,3.200006
29.7,0.9000061
29.5,-1.699994
30,-4.599994
31,-7.299994
32,-9.999994
34.1,-12.99999
38.1,-16.59999
42.40001,-20.09999
46.5,-22.2
51,-22.7
54.1,-22.49999
54.4,-22.7
53.5,-21.99999
54.1,-20.39999
55.3,-17.79999
54.7,-13.99999
53.8,-9.299994
54.2,-4.899994
55,-0.9999939
54.4,2.500006
53.1,6.100006
52.4,9.700006
52.3,13.60001
52.4,17.60001
52.3,21.60001
51.6,25.20001
50.1,27.70001
47.6,28.90001
43.3,28.40001
38,26.30001
32.3,22.20001
26.9,16.80001
22.3,10.20001
18.6,3.200006
15.5,-4.399994
12,-13.09999
51.4,10.50001
52.2,13.80001
51.1,16.90001
48.2,18.80001
43.6,18.70001
38.90001,16.60001
34.90001,12.80001
31.8,8.300006
29.8,4.000006
29.3,0.2000061
29.8,-2.399994
30.4,-4.599994
30.5,-6.899994
30.9,-8.899994
31.9,-8.999994
32,-8.299994
31.4,-8.199994
31.8,-8.999994
34.5,-8.899994
37.7,-6.399994
38.2,-1.799994
37.1,1.900006
36.1,4.300006
36.3,6.200006
37.1,8.500007
37.40001,10.40001
37,10.80001
36.90001,9.600006
37.1,7.200006
37.1,4.700006
36.90001,2.600006
37.1,0.9000061
36.7,-0.4999939
36,-2.499994
36.40001,-5.399994
38,-8.599994
39.8,-11.89999
42.3,-15.49999
46.2,-19.29999
50.6,-21.99999
54.3,-22.7
57,-22.09999
56.6,-20.99999
53.6,-19.7
51,-16.7
50,-13.39999
48.7,-10.09999
46.5,-6.699994
45,-3.399994
44.40001,-0.2999939
44,2.500006
43.5,4.900006
43.1,7.700006
42.90001,10.70001
43.40001,13.80001
44.40001,17.10001
45.7,20.80001
47.1,24.40001
48.2,27.70001
48.3,30.10001
46.40001,30.80001
42.7,29.90001
36.8,27.10001
30.3,22.50001
24.5,16.20001
20.4,8.900006
17.7,1.300006
14.6,-6.899994
46.7,8.000007
49.5,10.30001
51,12.80001
50.90001,15.40001
48.8,17.20001
45,17.60001
40.2,15.50001
35.90001,11.70001
33.1,7.400006
31.6,3.400006
31.2,6.10E-06
31.2,-3.099994
31.2,-5.499994
31.7,-6.799994
31.9,-6.999994
31.5,-7.799994
31.4,-10.39999
33.40001,-12.39999
36.6,-10.79999
38.3,-6.599994
37.3,-2.499994
35.7,-0.1999939
35.3,1.500006
36.1,3.600006
37.1,5.900006
37.5,7.800006
37.8,8.100006
38.90001,7.000006
41,4.500006
43.2,2.200006
45.2,0.7000061
46.90001,0.3000061
46.6,0.3000061
44.8,-0.9999939
44.3,-4.899994
45.90001,-9.799994
48.5,-14.49999
51.6,-18.59999
55.1,-20.7
57.3,-20.7
57.6,-19.29999
56.6,-18.29999
53.4,-16.99999
48.8,-14.49999
45,-10.09999
42.3,-5.899994
39.7,-2.699994
37.40001,-0.2999939
35.90001,1.300006
34.7,2.600006
34.3,3.500006
35.2,4.100006
36.40001,5.900006
36.7,8.700006
37.1,12.00001
37.7,15.50001
38.8,18.80001
40.3,22.30001
42.2,26.00001
44,29.40001
45.3,31.70001
45.2,32.60001
41.90001,31.20001
35.90001,27.40001
28.5,21.00001
22.5,13.40001
19.6,5.800006
17.5,-1.599994
40.3,9.000007
43.90001,10.50001
46.8,12.30001
49.1,14.00001
50.3,15.60001
49.5,16.80001
46.2,16.10001
42.1,13.70001
38.40001,10.00001
35.6,6.100006
33.90001,2.700006
33,-0.3999939
32.8,-2.299994
32.5,-3.199994
31.3,-3.699994
29.5,-5.699994
29.4,-10.19999
32.7,-13.59999
36.8,-11.89999
38.2,-7.699994
36.90001,-4.699994
36.1,-3.299994
36.90001,-1.899994
38.2,0.1000061
39.1,2.200006
39.3,3.900006
39.5,4.500006
40.7,3.900006
43.3,2.100006
46.7,0.3000061
50.6,-0.7999939
54.1,-0.6999939
54.8,0.1000061
53,-0.2999939
51.5,-3.599994
51.7,-8.699994
53.4,-14.19999
56.3,-18.59999
58.7,-19.79999
58,-18.49999
53.9,-15.19999
49.1,-11.89999
44.7,-9.499994
40.7,-6.599994
37.2,-3.499994
34.2,-1.899994
31.5,-0.5999939
29.3,0.5000061
27.9,1.600006
26.9,2.600006
27,2.800006
29,2.500006
31.3,3.700006
32.7,6.500006
33.1,10.10001
33.40001,13.80001
33.7,17.00001
34.7,20.00001
36.2,23.10001
38.1,26.40001
40.1,29.60001
42.1,32.20001
42.6,33.40001
40.5,32.10001
34.8,26.50001
28,18.00001
23.3,9.100006
21.1,1.700006
33.90001,9.400006
37.2,11.00001
40.2,12.50001
43.40001,13.90001
46.6,15.20001
48.90001,16.50001
49.1,17.00001
47.5,16.30001
44.3,13.80001
40.6,10.20001
37.40001,6.200006
35.40001,2.300006
34.40001,-0.1999939
33.6,-1.599994
31.6,-2.599994
29.4,-4.599994
29.6,-8.699994
33.3,-12.09999
38,-11.59999
40,-9.099994
40.1,-7.699994
41,-6.699994
42.90001,-5.299994
44.8,-3.499994
45.6,-1.499994
45.6,0.4000061
45.2,1.400006
45.1,1.300006
46.2,-1.00E-01
48.5,-1.999994
52.1,-4.299994
56.7,-5.799994
59.6,-5.299994
59.8,-3.699994
58,-2.999994
56.1,-4.099994
53.8,-6.999994
53.1,-10.99999
53.1,-13.09999
50.1,-12.49999
43.7,-9.099994
37.3,-4.099994
32.8,-0.1999939
29.7,2.900006
27.4,4.800006
25.5,5.000006
23.6,4.500006
21.8,3.400006
20.2,2.700006
18.9,2.300006
19,1.800006
21,1.700006
24.1,3.100006
26.4,5.800006
27.2,9.200006
27.4,12.80001
27.7,15.90001
28.6,18.50001
30.3,21.00001
32.5,23.90001
34.5,26.70001
36.7,29.20001
39.1,31.80001
40.6,33.70001
39,31.40001
34.7,24.10001
29.5,13.50001
26.3,4.400006
29.2,6.800006
31.9,9.200006
34.3,10.90001
36.90001,12.50001
39.90001,13.90001
42.8,15.30001
44.8,16.60001
45.7,17.10001
44.5,15.90001
41.8,13.20001
38.40001,9.200006
35.90001,4.600006
35.1,0.7000061
35,-2.199994
34.5,-4.199994
34.1,-6.399994
35.6,-9.299994
39.2,-11.49999
42.7,-11.89999
44.90001,-11.79999
47,-11.89999
49.2,-11.29999
51.6,-10.09999
53.7,-8.299994
54.7,-5.799994
54.3,-2.999994
52.9,-1.399994
51.6,-0.9999939
51.4,-1.999994
51.8,-3.999994
53.2,-6.999994
56.4,-10.19999
60.6,-11.19999
63.2,-9.799994
62.9,-6.599994
59.7,-3.399994
54,-1.899994
49.5,-1.999994
49.1,-2.699994
47.8,-2.099994
43.40001,1.000006
38.3,5.200006
33,8.700006
26.5,10.70001
20,10.70001
14.5,9.100006
11.2,6.800006
10.5,4.800006
10.8,3.100006
10.6,2.000006
10.3,1.100006
11.3,0.7000061
13.9,1.600006
16.7,3.900006
18.8,7.000006
20.2,10.60001
21.1,14.00001
22.1,16.80001
23.8,18.80001
26.4,21.40001
28.9,24.60001
31.2,26.90001
33.5,28.30001
36,30.10001
37.5,31.30001
37.40001,28.70001
35.1,19.80001
32.7,9.300006
25.7,3.000006
27.9,5.700006
29.9,8.100006
32.2,10.00001
34.6,11.10001
36.90001,12.20001
38.7,13.40001
40,14.30001
40.6,14.10001
40,12.70001
37.90001,9.500007
36.3,4.900006
36.8,6.10E-06
38.40001,-3.899994
40,-6.699994
41.5,-9.099994
44,-11.29999
46.6,-12.59999
48,-13.29999
49.3,-14.49999
51.5,-15.99999
54,-16.49999
56.6,-15.99999
59.1,-14.39999
60.5,-11.49999
59.9,-8.299994
57.8,-5.799994
56,-4.299994
56.1,-4.299994
56.7,-5.499994
56.9,-7.699994
58.2,-10.29999
61.5,-12.59999
65.1,-13.39999
66.9,-11.99999
65.5,-8.999994
60.8,-5.999994
57.7,-3.899994
58.9,-1.699994
59.7,1.800006
58.2,7.100006
55.2,13.30001
49.8,19.60001
41.7,24.40001
30.6,24.60001
17.8,19.90001
5.800003,11.50001
-0.8999969,4.300006
-1.299997,0.2000061
0.3000031,-1.699994
1.800003,-1.699994
3.000003,-1.299994
4.800003,-0.7999939
7.300003,0.6000061
10.2,3.300006
13.1,6.800006
15.4,10.80001
17.1,14.10001
18.8,15.80001
20.9,17.80001
23.3,21.50001
25.6,25.10001
27.9,26.00001
30.3,25.90001
32.7,27.20001
34.90001,28.40001
36.40001,24.70001
36.8,16.30001
22.3,0.3000061
24.1,2.300006
26,4.400006
28,6.600006
30.4,8.000007
32.8,8.800006
34.3,9.400006
35.3,10.10001
36.3,10.30001
36.90001,9.400006
36.3,6.700006
36.1,2.400006
38.1,-2.999994
41.7,-7.699994
45,-10.49999
47.1,-12.09999
48.8,-13.39999
50.2,-14.19999
50,-14.59999
49.5,-15.59999
50,-16.7
51.3,-17.59999
53.7,-17.59999
56.7,-16.7
58,-14.79999
57.4,-12.49999
55.3,-9.999994
53.7,-7.399994
53.8,-6.099994
55.1,-6.299994
56.1,-7.199994
56.9,-8.099994
58.5,-9.199994
60.9,-10.49999
62.8,-11.29999
62.7,-11.19999
59.8,-10.19999
57,-8.499994
56.5,-5.299994
56.1,-0.7999939
54.4,4.900006
52.2,11.90001
48.90001,20.90001
44.3,30.50001
37.3,36.80001
27.4,36.40001
13.7,26.40001
0.3000031,13.20001
-7.399997,2.400006
-9.799997,-5.599994
-7.699997,-8.499994
-4.299997,-7.699994
-1.299997,-5.399994
1.300003,-2.999994
4.000003,-0.4999939
7.500003,2.600006
11.1,6.600006
13.9,10.70001
15.6,13.00001
17.2,14.40001
18.9,17.20001
20.8,21.60001
22.6,24.50001
24.8,24.50001
26.8,22.90001
28.9,22.80001
31.6,22.80001
34.6,19.60001
18.8,-1.999994
20.1,-0.7999939
21.7,0.8000061
23.6,2.900006
26,4.700006
28.5,5.800006
30.6,6.200006
31.8,6.600006
32.7,6.500006
33.6,5.300006
34,2.600006
34.5,-0.9999939
36.5,-6.199994
40.8,-11.89999
45.5,-15.49999
48.2,-16.49999
49,-16.29999
49.7,-16.49999
49.6,-16.7
48.7,-16.79999
48.1,-16.39999
48.2,-15.79999
49.5,-14.99999
51.2,-14.09999
51.8,-13.09999
50.7,-11.69999
48.90001,-9.799994
47.2,-7.699994
46.1,-5.599994
46.1,-4.399994
46.7,-4.299994
47,-4.199994
47.90001,-3.999994
49.5,-3.799994
50.2,-3.999994
48.8,-4.699994
44.7,-5.299994
40.40001,-5.299994
39,-4.199994
39.7,-1.699994
40.2,2.800006
40.5,8.500007
40.3,16.60001
37.3,27.30001
31.4,37.90001
25.5,43.50001
17.4,37.00001
6.300003,24.30001
-5.299997,11.00001
-13.3,-1.799994
-15.1,-11.79999
-12.3,-15.99999
-6.899997,-12.99999
-2.199997,-7.799994
1.200003,-4.099994
4.800003,-1.399994
8.500003,2.200006
11.2,7.000006
12.4,10.50001
13.3,12.00001
14.8,13.30001
16.6,16.80001
18,21.40001
19.4,23.40001
21.1,20.80001
22.9,17.20001
24.9,16.40001
28.1,16.30001
15,-4.799994
16.3,-3.999994
17.9,-2.599994
19.7,-0.4999939
21.6,1.500006
23.9,3.000006
26.4,3.400006
28.6,3.300006
29.9,2.800006
31.2,1.500006
32.7,-0.9999939
33.7,-3.699994
34,-7.399994
36.2,-12.29999
41.1,-16.79999
45.2,-18.99999
46.40001,-18.79999
46.90001,-18.49999
47.2,-18.79999
47,-18.89999
46.3,-17.79999
45.8,-15.99999
45.40001,-13.79999
45.2,-11.89999
44.7,-10.49999
44,-9.299994
43.3,-7.799994
42.7,-6.299994
41.90001,-4.399994
41.40001,-2.499994
41.1,-1.199994
40.7,-0.5999939
41.40001,0.1000061
42.8,1.000006
42.8,2.300006
41.1,3.200006
37.7,3.300006
34.5,2.700006
34.2,1.900006
36.2,3.100006
37.5,8.500007
37.40001,14.90001
37.2,21.50001
35.3,29.40001
28.2,38.60001
21,46.70001
15.6,44.00001
8.900003,32.00001
-0.399997,18.40001
-9.699997,6.400006
-15.6,-6.599994
-16.8,-18.29999
-12.1,-20.7
-5.399997,-15.29999
0.2000031,-8.699994
4.600003,-4.899994
7.500003,-1.599994
8.800003,3.400006
8.600003,7.900006
8.400003,10.10001
9.800003,10.70001
12.3,12.90001
14.2,17.40001
15,21.00001
15.9,19.60001
17.6,15.00001
19.1,10.90001
20.7,9.400006
11.1,-6.799994
12.7,-7.199994
14.6,-5.999994
16.3,-3.899994
17.9,-1.699994
19.3,0.2000061
21.5,0.7000061
24.4,0.1000061
26.8,-0.7999939
28.6,-2.199994
31.1,-4.599994
33.3,-6.999994
33.3,-8.699994
33.40001,-10.59999
36.40001,-13.59999
40.5,-16.49999
42.40001,-17.99999
42.6,-18.59999
42.1,-18.99999
41.6,-19.29999
40.7,-18.59999
39.5,-17.09999
38.3,-14.89999
37.1,-12.79999
36.6,-10.99999
36.5,-9.499994
36.90001,-7.999994
37.3,-6.299994
37.40001,-4.299994
37.3,-2.099994
36.90001,-0.4999939
36,0.6000061
35.90001,1.400006
36.1,1.800006
35.40001,2.900006
33.5,4.400006
31.8,5.700006
30.7,6.700006
31.5,6.800006
34.6,8.200006
36.6,13.60001
35.5,21.70001
33.40001,28.80001
31.4,33.80001
25.6,39.80001
17.9,48.20001
13.1,49.40001
9.600003,39.30001
3.200003,24.50001
-5.099997,12.50001
-12.1,0.2000061
-15.9,-14.79999
-14.4,-24.79999
-8.899997,-23.29999
-1.699997,-14.49999
3.900003,-8.199994
6.300003,-4.199994
6.300003,0.7000061
4.700003,5.400006
3.400003,8.100006
4.500003,8.700006
7.600003,10.40001
10.3,14.90001
11.2,19.00001
11.6,17.90001
13.1,13.20001
14.7,7.900006
15.6,4.500006
7.800003,-6.999994
9.600003,-8.699994
11.9,-8.599994
13.8,-6.999994
15.3,-4.799994
16.3,-2.399994
17.3,-1.499994
19.6,-2.199994
22.6,-3.699994
25.2,-5.099994
27.8,-7.399994
30.8,-10.19999
32.3,-12.09999
32.7,-12.39999
33.3,-12.49999
34.90001,-13.49999
36,-15.19999
35.8,-16.79999
34.1,-17.39999
32.5,-17.39999
31.1,-16.59999
29.9,-15.39999
28.9,-13.69999
28.3,-12.09999
27.9,-10.59999
27.9,-9.299994
28.1,-7.999994
28.4,-6.299994
28.5,-4.199994
28.5,-1.999994
28.3,-0.1999939
27.7,1.200006
26.9,2.600006
26.4,3.500006
25.6,4.100006
24,5.100006
23.2,6.800006
23,8.300006
23.1,8.800006
25.7,8.700006
31.2,11.50001
33.40001,20.40001
29.4,29.30001
27.2,34.90001
23.2,39.70001
15.7,46.00001
11.4,48.40001
10.9,42.70001
7.400003,30.70001
0.2000031,17.60001
-6.399997,4.200006
-10.2,-10.89999
-10.5,-24.29999
-8.299997,-27.39999
-3.199997,-19.2
1.700003,-10.79999
3.900003,-4.999994
3.800003,0.1000061
1.800003,4.000006
0.3000031,6.300006
1.400003,7.100006
4.000003,9.000007
5.900003,13.90001
7.100003,17.90001
8.600003,15.30001
10.7,9.600006
12.4,5.400006
13.8,2.800006
5.300003,-7.399994
7.100003,-9.299994
10,-10.39999
12.1,-9.799994
13.8,-7.599994
15,-4.599994
15.1,-2.999994
15.8,-3.899994
18.5,-6.099994
21.4,-7.699994
23.9,-9.399994
26.6,-12.09999
29.2,-14.89999
30.6,-16.29999
30.1,-15.59999
29.2,-14.69999
29.2,-14.39999
28.7,-14.69999
27,-14.29999
25,-12.89999
23.4,-11.09999
22.2,-9.299994
21.4,-7.899994
20.8,-6.999994
20.2,-6.299994
19.4,-5.799994
19,-4.999994
19,-3.999994
19.4,-2.599994
19.9,-0.9999939
20.7,0.2000061
21.1,1.300006
20.8,2.700006
20.4,4.400006
20,5.700006
19,7.000006
19.6,8.400006
20.6,10.00001
20.1,10.20001
21.1,8.700006
27.9,9.500007
30.9,16.90001
26.3,25.90001
23.7,33.10001
21.1,38.40001
15.4,43.10001
12.7,45.30001
13.9,42.80001
12.6,35.00001
7.900003,22.80001
2.100003,7.700006
-1.299997,-8.399994
-2.799997,-22.89999
-4.299997,-28.7
-3.199997,-21.49999
3.05E-06,-11.29999
2.500003,-4.199994
2.400003,0.3000061
0.500003,2.700006
-0.6999969,4.300006
0.400003,5.800006
1.500003,8.400006
1.800003,12.80001
3.200003,15.60001
7.000003,11.40001
10.3,4.900006
12.2,2.500006
14.3,1.500006
4.400003,-9.299994
6.100003,-10.39999
9.400003,-11.79999
11.9,-11.99999
14,-9.499994
15.7,-6.199994
15.7,-4.499994
15.6,-5.199994
16.9,-7.399994
18.9,-9.499994
20.9,-11.39999
23,-13.49999
25.1,-15.99999
26.8,-18.09999
26.5,-18.39999
25.2,-17.29999
24.2,-15.19999
23.5,-12.89999
22.3,-10.39999
20.7,-7.799994
19.2,-5.599994
17.9,-4.199994
16.5,-3.299994
15.1,-2.699994
13.6,-2.099994
12,-1.499994
10.9,-0.8999939
10.6,-0.4999939
10.9,6.10E-06
11.3,0.5000061
12.1,0.6000061
13.1,0.7000061
14.1,1.100006
14.9,2.400006
15.1,4.400006
14.9,6.300006
15.5,8.000007
16.5,10.00001
17.8,10.20001
18.8,10.40001
23.9,11.60001
27.8,16.20001
25.2,22.70001
21.9,28.90001
20.1,34.40001
16.8,39.70001
15.7,42.70001
17.7,41.10001
17.8,34.80001
16.5,25.00001
14.4,11.00001
12,-4.399994
8.000003,-17.49999
2.800003,-22.7
1.700003,-15.89999
3.400003,-7.499994
4.300003,-3.099994
3.000003,-0.8999939
1.000003,1.400006
3.05E-06,3.900006
3.05E-06,6.300006
-0.499997,8.600006
-1.00E-01,11.00001
3.100003,10.80001
8.600003,5.400006
12.4,0.5000061
14.6,-0.5999939
18.4,-2.299994
4.700003,-10.89999
6.500003,-11.89999
10.3,-13.29999
13.6,-12.89999
15.7,-10.29999
17.3,-7.399994
17.8,-6.499994
18.1,-6.899994
18.4,-7.999994
18.6,-9.199994
19,-11.19999
19.9,-13.79999
20.9,-16.49999
22.1,-18.49999
22.6,-18.7
22,-17.49999
20.5,-14.69999
18.9,-11.19999
17.4,-7.899994
16,-5.599994
14.7,-4.299994
13.3,-3.699994
11.7,-2.999994
9.900003,-1.899994
7.800003,-0.5999939
5.600003,0.3000061
4.100003,0.8000061
3.400003,0.8000061
3.400003,0.7000061
3.600003,0.6000061
4.000003,0.4000061
4.700003,0.3000061
5.900003,-0.3999939
8.000003,-1.00E-01
9.800003,2.400006
11,4.900006
11.3,7.100006
12.2,8.700006
14.3,9.300006
14.5,11.20001
17.9,13.20001
23.2,17.00001
23.7,21.20001
21.7,24.50001
21.6,28.30001
19.3,33.60001
18.4,37.80001
21.8,37.00001
23.1,31.20001
23.4,23.00001
24.6,11.70001
23.9,0.4000061
18.8,-8.099994
12.3,-11.19999
9.300003,-7.599994
8.100003,-4.199994
6.200003,-2.699994
4.000003,-0.5999939
2.700003,2.700006
1.900003,5.400006
1.100003,6.800006
1.000003,7.700006
3.100003,7.400006
7.800003,4.400006
12.8,-0.2999939
15.7,-2.699994
18.8,-4.299994
24.7,-8.299994
6.700003,-11.29999
9.300003,-13.39999
13.9,-13.79999
16.7,-12.39999
18.1,-10.49999
19.6,-9.199994
20.9,-8.799994
22.2,-8.599994
22.4,-7.799994
21.6,-7.299994
20.5,-7.999994
19.6,-9.999994
18.9,-12.49999
18.6,-14.49999
18.5,-14.79999
18.3,-13.69999
17.2,-11.49999
16.1,-9.099994
15.1,-6.899994
14.3,-5.299994
13.4,-4.099994
12.2,-2.999994
10.8,-1.599994
8.700004,-0.1999939
6.100003,1.000006
3.100003,1.600006
0.500003,1.500006
-1.499997,0.7000061
-2.599997,-0.2999939
-2.799997,-1.199994
-2.099997,-1.399994
-0.8999969,-1.399994
0.8000031,-1.899994
3.300003,-2.399994
5.800003,-1.00E-01
8.000003,2.700006
9.700004,4.900006
11.4,5.900006
12.2,6.500006
11.5,8.600006
13.7,12.10001
18.8,16.90001
21.4,19.60001
22.7,20.80001
25.2,23.00001
24.5,26.40001
24.2,30.10001
28.1,30.70001
29.5,26.60001
29.1,19.40001
30.1,10.30001
29.6,2.600006
25.5,-1.899994
20.4,-3.499994
16.9,-2.199994
14.5,-0.6999939
13,1.200006
11.8,3.200006
10.8,4.700006
9.700004,5.300006
9.500003,5.400006
10.4,4.900006
12.6,2.800006
15.4,-0.9999939
17.6,-3.499994
19.7,-4.999994
24.5,-9.499994
31.1,-15.19999
10.5,-11.69999
15,-14.29999
18.7,-13.49999
19.9,-12.09999
20.6,-12.09999
22.4,-11.99999
24.3,-10.99999
25.7,-9.499994
26,-7.899994
25.5,-6.699994
24.9,-5.899994
24.3,-5.799994
23.1,-6.399994
21.7,-7.399994
20.6,-7.899994
20.1,-7.499994
19.5,-6.399994
18.7,-5.199994
18,-3.799994
16.9,-2.599994
15.3,-1.699994
13.5,-0.6999939
11.6,0.6000061
9.200004,1.900006
6.600003,2.900006
3.900003,3.500006
1.100003,3.300006
-2.099997,2.100006
-5.199997,-0.1999939
-7.199997,-2.199994
-7.199997,-3.599994
-5.299997,-4.099994
-2.499997,-3.799994
-0.2999969,-3.799994
2.000003,-2.799994
5.200003,-0.2999939
8.800003,2.300006
11.3,3.300006
11.2,3.300006
9.900003,5.400006
11,9.900006
15.2,14.60001
19.5,15.10001
23.3,15.70001
27.3,18.20001
29.9,20.10001
32.40001,21.90001
36.40001,23.50001
37.6,22.20001
37.3,17.60001
37.5,11.10001
37,5.700006
34.7,2.800006
32,2.000006
29.7,2.800006
27.6,4.000006
26,5.100006
24.5,5.400006
22.8,5.100006
21.5,4.800006
21,4.400006
21,2.900006
20.9,-0.3999939
20.6,-3.499994
21.2,-4.799994
24,-7.899994
29.6,-15.09999
34.5,-20.09999
17,-12.19999
21.5,-13.89999
22.7,-13.09999
22.4,-13.69999
23.2,-14.59999
24.8,-13.79999
26.1,-11.59999
27,-9.599994
27.6,-8.399994
28.2,-7.599994
28.9,-6.799994
29.6,-5.899994
29.1,-5.099994
28,-4.699994
26.8,-4.199994
25.9,-3.599994
24.7,-2.199994
22.6,-1.099994
20.1,0.1000061
17.1,0.9000061
13.9,0.7000061
11.2,6.10E-06
9.200004,0.4000061
6.900003,1.700006
4.900003,3.700006
3.300003,5.600006
1.500003,6.600006
-1.299997,5.500006
-4.399997,2.500006
-7.399997,-0.7999939
-8.999997,-4.099994
-7.899997,-6.899994
-4.899997,-7.299994
-2.699997,-7.099994
3.05E-06,-6.499994
4.200003,-4.399994
9.400003,-0.6999939
12.4,1.500006
11.5,1.500006
9.000003,2.800006
8.700004,7.000006
12.3,10.30001
18.5,8.200006
24.2,7.300006
29,10.10001
34.1,12.10001
40.1,13.30001
45,15.30001
47.1,16.40001
48.3,15.60001
49,13.20001
49.3,10.50001
48.2,8.600006
46.40001,7.600006
43.7,7.400006
40.6,7.300006
37.3,7.000006
34.2,6.600006
31.7,6.300006
29.6,5.800006
27.7,4.300006
25.6,1.800006
23.4,-0.9999939
21.9,-2.999994
23.6,-5.499994
27.9,-11.79999
31.9,-19.29999
33.90001,-22.39999
23.7,-11.99999
25.6,-11.99999
25,-13.29999
24.8,-15.69999
25.4,-15.59999
26,-13.39999
26.6,-11.09999
27.3,-9.699994
28.3,-8.999994
29.4,-8.599994
30.4,-8.099994
30.8,-7.099994
30.3,-5.399994
28.9,-3.499994
27.4,-2.099994
26,-0.7999939
24.3,0.8000061
21.8,2.300006
18.9,4.000006
15.4,5.000006
11.7,4.100006
9.000003,2.000006
7.300003,1.200006
5.400003,2.400006
3.500003,5.100006
2.000003,7.700006
0.500003,9.000007
-1.499997,7.800006
-3.899997,4.800006
-6.299997,1.300006
-7.799997,-2.899994
-7.399997,-7.799994
-5.199997,-10.29999
-2.899997,-9.999994
-0.499997,-9.599994
3.700003,-7.699994
9.400003,-2.699994
13,1.400006
12.1,1.600006
9.000003,1.000006
7.700003,3.500006
11,5.900006
18.6,1.800006
26.9,-1.399994
33.1,0.8000061
38.40001,3.700006
44.2,6.100006
48.7,8.400006
51.6,10.20001
53.4,12.00001
54.3,13.10001
54.6,13.50001
53.7,13.50001
52.2,13.20001
50.2,13.30001
47.7,13.60001
44.7,13.30001
41.5,11.90001
38.3,9.700006
35.2,7.900006
32.2,6.100006
29,3.900006
25.8,1.300006
24.3,-1.599994
26.8,-6.999994
30.9,-15.19999
32,-21.59999
31.6,-23.2
27.2,-9.899994
27.6,-10.69999
27.2,-13.59999
27.4,-15.39999
27.1,-14.09999
26.9,-12.39999
27.5,-11.59999
28.3,-10.69999
28.7,-9.599994
28.8,-8.799994
28.7,-7.599994
28.4,-5.499994
27.6,-2.399994
26.3,0.6000061
24.4,2.400006
22.7,3.300006
21.1,4.600006
19.1,6.600006
16.9,9.200006
13.8,10.90001
10.3,9.900006
8.200004,6.900006
7.300003,5.200006
5.800003,5.700006
3.900003,7.800006
2.500003,9.600006
1.500003,9.900006
0.2000031,8.200006
-2.199997,4.700006
-4.699997,1.300006
-5.399997,-2.699994
-5.499997,-7.899994
-4.999997,-11.19999
-3.599997,-11.69999
-0.6999969,-11.39999
3.100003,-9.499994
7.600003,-4.499994
10.9,0.7000061
11.9,2.100006
9.900003,0.3000061
8.000003,0.6000061
11.4,0.7000061
20.2,-4.499994
29.2,-7.199994
34.3,-3.799994
36.7,-0.2999939
39,2.200006
41.40001,4.000006
43.40001,5.700006
44.6,8.000007
45.3,9.500007
45.40001,10.00001
45.1,10.50001
44.90001,11.00001
45,11.80001
44.7,13.30001
43.40001,15.10001
42.1,16.00001
40.6,15.40001
38.8,14.30001
36.40001,12.60001
33.7,9.900006
30.9,6.000006
29.4,0.3000061
30.5,-7.799994
32.1,-16.29999
31.1,-21.09999
30,-20.99999
31,-7.099994
31.6,-10.19999
30.8,-12.69999
30,-12.89999
29.1,-12.19999
28.6,-12.39999
29,-12.09999
28.7,-10.49999
27.6,-8.899994
26.4,-7.199994
25.7,-4.599994
25.2,-0.9999939
24.4,2.500006
23.2,4.900006
21.5,6.000006
19.6,6.300006
17.9,7.000006
16.4,8.800006
14.2,11.80001
10.6,14.10001
7.100003,13.20001
5.800003,10.10001
5.800003,8.400006
5.200003,8.800006
4.200003,9.800006
3.300003,10.30001
3.300003,10.40001
3.100003,9.200006
1.400003,5.700006
-1.299997,1.900006
-2.599997,-2.699994
-3.599997,-7.499994
-4.599997,-10.69999
-3.499997,-12.39999
-0.2999969,-12.19999
3.100003,-9.699994
5.600003,-5.799994
7.900003,-1.199994
10.1,1.300006
9.500003,-1.00E-01
7.600003,-2.099994
12.2,-5.599994
21.8,-11.39999
28.5,-10.89999
30,-4.799994
29.2,-0.5999939
29.5,0.5000061
31.2,0.3000061
32.5,1.000006
34,3.400006
35.8,5.700006
36.6,6.900006
37.2,6.700006
37.5,6.000006
38.1,5.700006
38.8,6.900006
38.5,10.10001
38,13.90001
37.90001,16.10001
37.3,17.20001
36.3,16.60001
35.1,14.10001
33.8,9.300006
32.8,2.100006
32.6,-7.199994
32.5,-15.19999
31,-17.59999
29.6,-15.29999
35.2,-5.299994
34.1,-8.799994
31.8,-9.899994
29.9,-9.699994
28.9,-10.29999
28.3,-11.09999
27.2,-10.29999
25.7,-8.599994
24.6,-6.899994
24,-4.699994
23.5,-1.299994
22.9,2.400006
21.7,5.300006
20.1,7.000006
18.1,7.800006
16.2,7.800006
15.3,7.700006
14.7,8.300006
11.9,10.80001
7.700003,14.20001
5.300003,14.60001
4.700003,11.60001
4.600003,9.800006
4.500003,9.900006
4.700003,9.800006
4.600003,9.100006
4.400003,9.400006
4.200003,10.10001
3.500003,9.300006
2.000003,6.200006
0.7000031,1.000006
-0.399997,-4.499994
-1.099997,-9.099994
-0.6999969,-12.39999
0.8000031,-11.89999
2.200003,-8.899994
3.400003,-6.099994
5.100003,-3.199994
7.500003,-1.299994
7.900003,-2.899994
8.000003,-6.999994
14.2,-12.59999
22.1,-16.09999
25.6,-13.19999
25.2,-6.899994
22.9,-2.199994
23,-1.099994
26.2,-2.899994
28.4,-3.699994
30.3,-1.799994
32.3,2.100006
32.40001,5.500006
32.5,5.800006
33.1,4.300006
34.1,3.300006
36,4.600006
36.2,8.000007
35.1,11.00001
33.90001,11.80001
33.2,11.90001
33.1,12.60001
32.8,12.60001
32.3,9.200006
32.5,2.000006
33.1,-7.599994
33.40001,-14.29999
31.7,-13.79999
29.3,-10.59999
34.5,-3.599994
31.8,-5.799994
29,-6.599994
27.4,-6.999994
26.5,-7.899994
25.7,-8.499994
23.8,-7.999994
22.2,-7.399994
22.8,-5.599994
23.5,-2.099994
23.2,1.100006
22.5,3.500006
21,5.600006
18.7,7.600006
16.3,8.900006
14.3,9.000007
14,8.300006
14.6,8.300006
11.9,10.20001
7.200003,14.20001
6.200003,15.80001
6.600003,12.80001
5.800003,10.30001
6.000003,10.00001
7.000003,9.100006
6.700003,7.500006
5.400003,7.600006
5.000003,9.300006
5.200003,10.50001
4.600003,9.300006
3.900003,5.200006
3.700003,-0.6999939
3.300003,-7.299994
2.600003,-12.19999
2.000003,-11.79999
1.700003,-8.599994
2.300003,-6.099994
4.100003,-4.199994
6.500003,-3.899994
7.000003,-6.399994
8.500003,-12.19999
14.8,-17.2
18.6,-16.2
19.4,-12.29999
20.2,-9.099994
18.3,-5.699994
18.7,-3.899994
23.6,-5.099994
26.3,-5.599994
26.8,-3.399994
27.6,-0.1999939
27.2,2.700006
27.7,3.900006
29.3,3.700006
30.9,4.000006
32.90001,6.500006
33.7,9.000007
32.5,9.600006
31.4,8.000007
31.1,6.300006
31.8,6.400006
31.5,7.100006
30.2,5.300006
31,6.10E-06
32.5,-7.599994
32.40001,-12.19999
29.7,-10.59999
26.5,-8.699994
27.6,-1.999994
27.3,-3.999994
25.9,-4.799994
24.5,-5.299994
23.4,-5.999994
22.3,-6.499994
20,-6.799994
19.3,-6.999994
21.5,-3.799994
22,1.300006
21.3,4.000006
21.4,4.700006
20.9,6.200006
19,8.500007
16.3,10.10001
14.4,10.10001
14.3,8.600006
15.6,8.500007
14.2,10.80001
10.4,14.70001
9.500003,16.70001
10,13.70001
9.600003,10.20001
9.700004,9.600006
10.3,9.800006
9.200004,9.500007
7.500003,9.500007
6.700003,9.700006
6.700003,9.500007
6.300003,8.100006
5.800003,5.100006
5.700003,0.5000061
5.200003,-5.299994
3.800003,-9.999994
2.500003,-9.599994
1.700003,-6.599994
1.900003,-4.299994
3.800003,-3.499994
6.300003,-4.899994
6.500003,-9.599994
8.300003,-16.29999
12.3,-17.99999
11.8,-12.39999
11.2,-8.699994
14.4,-9.199994
15.4,-8.699994
16.1,-7.099994
19.1,-6.199994
20.1,-3.699994
18.6,-0.1999939
18.1,2.000006
19.1,2.900006
20.8,3.400006
22,3.500006
21.9,4.000006
23.2,6.200006
25.4,7.600006
26.9,6.400006
28.7,4.100006
29.6,3.400006
30.1,4.200006
30.6,3.900006
29.9,1.000006
30.5,-3.299994
30.8,-6.799994
28.9,-8.199994
25.2,-7.599994
22.6,-8.299994
18.8,-1.099994
20.8,-3.599994
20.5,-3.999994
18.5,-3.599994
16.8,-3.599994
16.3,-4.499994
14.8,-6.099994
15.1,-6.599994
17.4,-2.399994
17.6,3.300006
17.2,5.900006
18.5,6.300006
20,7.800006
18.8,10.40001
16.5,11.60001
15,11.20001
14.9,9.200006
16.4,8.700006
15.9,11.20001
13.5,14.50001
12,16.30001
13.1,13.80001
14.7,10.20001
14.7,9.900006
13.7,11.60001
11.9,12.90001
10.2,12.70001
8.800003,11.20001
8.200004,9.000007
7.800003,6.300006
6.500003,3.000006
5.200003,-0.6999939
4.000003,-4.199994
2.600003,-6.199994
1.100003,-4.999994
0.3000031,-2.899994
0.400003,-2.599994
2.500003,-3.399994
5.400003,-6.399994
6.800003,-13.19999
9.100003,-19.7
10.8,-18.2
8.500003,-10.69999
7.800003,-7.499994
11.7,-8.899994
14.4,-9.499994
14.7,-7.999994
14.9,-5.299994
14.6,-1.499994
12.8,1.600006
11.6,2.900006
12.5,2.900006
14.4,2.600006
15.1,1.600006
14.9,0.6000061
16.3,1.600006
18,3.300006
19.5,2.900006
21.7,0.9000061
22.6,1.100006
23,3.500006
24.8,4.000006
26.7,6.10E-06
28.8,-5.099994
30,-7.099994
28.2,-6.699994
23.9,-6.299994
22,-8.199994
14.6,-0.9999939
15.4,-2.799994
14.7,-3.099994
12.5,-2.199994
10.8,-1.999994
11.1,-3.699994
11.8,-6.199994
11.9,-6.399994
12.5,-2.299994
13.1,2.700006
13.6,5.400006
15.4,5.900006
18.4,7.600006
18.3,11.20001
16.9,12.70001
16.8,11.30001
16.3,8.700006
16.7,7.500006
16.4,9.300006
13.8,11.60001
12.4,13.20001
16,12.90001
20.2,11.80001
20.2,12.10001
17.6,13.10001
15.3,14.10001
13.5,13.60001
11.9,12.00001
10.5,10.20001
8.500003,7.200006
6.800003,3.700006
5.200003,0.1000061
3.500003,-2.499994
2.300003,-3.199994
1.500003,-2.399994
1.100003,-2.199994
1.100003,-3.199994
2.800003,-4.799994
5.600003,-9.299994
7.800003,-17.29999
10.2,-21.7
10.7,-18.09999
9.100003,-12.09999
9.500003,-9.999994
12.7,-9.699994
14.9,-8.799994
14.7,-6.599994
14.4,-3.599994
15,-1.199994
15.1,-0.1999939
13.9,-1.00E-01
13.8,-0.2999939
15,-0.6999939
16.6,-1.899994
17.7,-2.899994
18.2,-1.999994
17.5,-1.00E-01
16.9,0.7000061
17.2,-1.00E-01
17,-0.2999939
17,1.200006
17.7,2.100006
18.8,0.2000061
20.8,-3.199994
22,-4.699994
20,-4.599994
15.5,-4.999994
15.7,-7.399994
14,-2.999994
13.6,-3.599994
12.6,-3.699994
11,-2.899994
9.200004,-2.599994
8.900003,-4.499994
9.800003,-6.799994
9.200004,-6.199994
8.700004,-2.899994
9.600003,1.600006
10.4,4.300006
12,4.500006
16.4,5.500006
18.2,9.200006
17.8,11.40001
18.4,10.20001
18.9,7.200006
18.4,5.700006
17.1,7.000006
14.5,8.300006
14.1,9.900006
19.3,11.80001
23.2,12.80001
23,13.50001
21.3,13.60001
18.5,14.10001
15.5,12.80001
14.4,11.70001
13.2,10.80001
10.2,8.200006
8.700004,6.100006
8.000003,3.800006
6.300003,1.400006
5.300003,-0.1999939
5.100003,-1.399994
4.700003,-2.699994
3.800003,-3.799994
4.900003,-5.999994
7.400003,-12.79999
9.400003,-20.7
11.3,-21.29999
11.7,-16.09999
11,-12.69999
11.8,-12.09999
14.4,-10.59999
15.9,-7.799994
16.2,-5.099994
17.6,-2.499994
20.1,-1.599994
21.3,-2.199994
20.4,-2.599994
19.8,-2.599994
20.8,-2.999994
22.6,-3.799994
23.2,-3.599994
22,-2.399994
20.7,-0.9999939
20.7,0.4000061
20.9,1.300006
20.2,1.600006
18.9,1.200006
17.3,0.4000061
15.6,-0.8999939
14.7,-2.399994
13.6,-3.199994
12,-4.499994
10.4,-6.599994
11.6,-8.899994
13.3,-4.699994
13.8,-5.299994
13.1,-4.999994
11.6,-3.799994
9.200004,-2.899994
7.400003,-4.499994
7.700003,-6.999994
7.900003,-7.099994
7.900003,-3.999994
8.300003,0.6000061
8.200004,3.300006
9.700004,3.000006
14.3,3.300006
16.7,6.100006
17.9,8.200006
19.3,8.000007
20.2,6.400006
21.3,5.200006
20.5,6.200006
19,7.000006
19.2,8.000007
23.3,9.200006
24.4,10.40001
23.5,11.90001
23,13.40001
20.3,14.50001
16.5,13.20001
15.5,11.30001
15.2,10.10001
13.2,7.900006
11.9,6.500006
10.7,5.000006
8.900003,3.100006
7.900003,1.000006
7.700003,-0.9999939
6.900003,-2.399994
5.900003,-3.799994
6.900003,-7.499994
9.200004,-15.99999
11.1,-21.89999
13.6,-18.29999
15,-13.39999
15.1,-12.59999
16.1,-12.59999
17.1,-10.29999
17.4,-7.299994
19.1,-5.099994
23,-2.999994
26.6,-1.999994
28.1,-2.499994
27.5,-2.799994
27.2,-2.199994
28.1,-1.899994
29.2,-2.199994
28.8,-1.999994
27.2,-1.299994
26.2,-0.1999939
26.2,1.200006
25.6,2.500006
24.2,2.900006
22.7,1.900006
21.1,-0.4999939
19,-3.299994
18,-5.399994
17.4,-6.299994
17.3,-8.199994
17.3,-10.49999
16.6,-11.69999
11.7,-2.999994
13,-3.899994
12.9,-3.599994
11.4,-2.499994
8.800003,-1.899994
6.800003,-3.499994
6.700003,-6.699994
7.400003,-7.899994
8.200004,-4.399994
8.200004,0.9000061
7.200003,3.400006
7.900003,2.800006
11.4,2.000006
12.4,3.300006
15.1,4.600006
18.9,5.500006
20.5,6.200006
22.9,5.500006
23.7,5.700006
23.8,6.700006
24.4,7.700006
26.3,8.800006
26.3,10.80001
25.3,14.20001
24.2,16.10001
21.3,16.60001
17.9,15.50001
16.4,12.80001
15.5,10.10001
14.1,7.800006
12.7,5.500006
11.4,3.300006
9.800003,1.800006
8.600003,6.10E-06
8.200004,-1.399994
7.900003,-2.599994
7.900003,-4.999994
9.500003,-10.39999
11.6,-18.79999
14.3,-21.39999
17.5,-16.2
19.1,-12.89999
19.9,-12.39999
20.3,-11.39999
19.4,-9.399994
19.2,-7.799994
22.5,-6.599994
26.8,-4.699994
29.7,-2.899994
31,-2.399994
31.4,-2.299994
31.5,-1.199994
31.6,0.1000061
31.8,0.5000061
31.6,0.5000061
30.6,1.100006
29.8,1.900006
28.7,2.100006
26.8,1.700006
25.1,1.400006
24.6,0.6000061
24.1,-1.799994
22.9,-5.199994
23.1,-7.499994
24.3,-8.099994
24.3,-8.899994
22.9,-10.39999
21.3,-11.19999
10,-1.899994
10.7,-1.799994
11.1,-1.199994
10.5,-0.6999939
9.000003,-1.099994
8.100003,-2.699994
8.200004,-4.199994
8.200004,-3.399994
7.500003,0.5000061
5.700003,3.800006
4.100003,5.200006
4.800003,4.700006
8.400003,2.400006
9.000003,1.200006
10.6,0.9000061
13.9,1.100006
16,3.500006
19.4,4.700006
21,3.800006
20.9,4.600006
21.9,7.600006
22.3,10.70001
23.4,15.20001
25.3,20.30001
25.5,21.30001
22.6,19.00001
19.4,16.60001
18.5,13.90001
17.2,11.50001
15.2,9.000007
13.5,6.000006
12.6,3.300006
11.4,1.700006
10.1,0.2000061
10.1,-1.199994
10.7,-3.499994
12.1,-7.899994
14.1,-14.49999
16.2,-20.09999
18.8,-19.49999
20.7,-15.79999
21.6,-13.59999
22.4,-11.39999
22.3,-10.19999
21.8,-9.599994
23.4,-8.899994
26.3,-7.699994
28.4,-6.199994
29.7,-4.999994
31.1,-4.399994
32,-3.599994
32.1,-2.199994
31.9,-0.3999939
32,0.6000061
32.1,1.400006
31.5,2.700006
30.6,3.700006
29.8,2.800006
28.3,0.5000061
26.7,-0.9999939
26.1,-0.9999939
25.5,-1.799994
24,-3.399994
23.4,-4.899994
24,-5.499994
23.5,-5.299994
21.2,-5.099994
19.3,-5.499994
9.700004,-2.099994
9.300003,-0.5999939
9.600003,0.8000061
9.400003,1.000006
9.100003,-0.2999939
9.700004,-0.9999939
9.900003,6.10E-06
9.500003,2.300006
7.100003,4.500006
3.400003,5.400006
0.8000031,6.000006
1.300003,6.200006
5.500003,3.600006
7.500003,0.7000061
7.200003,-1.799994
8.100003,-3.299994
8.500003,-1.399994
10.8,1.900006
13.6,2.100006
14.3,2.100006
14.9,5.600006
14.8,10.00001
16.4,14.70001
21.7,21.10001
25.5,24.00001
23.9,21.70001
21.4,18.00001
21.1,15.50001
19.9,13.20001
17.2,10.60001
15.5,7.600006
15.1,5.100006
14.5,3.600006
13.6,2.100006
14.3,-0.7999939
16,-5.299994
17.9,-11.79999
19.3,-17.89999
20.8,-19.79999
22.1,-17.49999
22.5,-15.69999
22.6,-13.49999
23.5,-10.69999
24.1,-10.39999
25.2,-10.49999
27.4,-9.099994
28.7,-7.699994
29,-7.199994
30,-6.799994
31.2,-5.999994
32,-4.899994
31.9,-3.199994
31.5,-1.499994
31.3,-0.1999939
30.6,0.9000061
29.3,2.500006
28.7,3.700006
29.2,3.400006
29.3,0.7000061
28.1,-1.899994
26.3,-2.099994
24.7,-1.099994
22.8,-0.5999939
20.9,-1.199994
20.1,-2.299994
18.8,-2.199994
16.3,-1.299994
13.7,-0.7999939
11.5,-0.2999939
10.7,1.700006
9.700004,3.100006
8.200004,2.400006
8.900003,0.6000061
10.4,0.6000061
10.2,2.400006
9.700004,3.500006
7.700003,3.500006
3.800003,3.700006
0.3000031,5.100006
-1.199997,5.900006
1.500003,4.700006
3.700003,2.300006
3.800003,-1.199994
3.900003,-4.399994
2.900003,-4.599994
2.300003,-2.699994
4.000003,-0.2999939
5.600003,1.200006
7.000003,4.100006
8.600003,7.500006
10.4,11.20001
16.3,17.20001
23.9,23.10001
25.4,23.20001
22.9,19.30001
22.6,17.00001
21.4,15.00001
18.6,12.10001
17.2,9.200006
17.6,6.900006
17.5,5.100006
17.3,2.200006
19.2,-2.499994
21.6,-8.799994
22.4,-14.99999
22.7,-18.99999
23.1,-18.09999
23.8,-15.79999
23.7,-14.59999
23.2,-12.79999
23.9,-11.09999
25.5,-11.49999
26.5,-10.99999
27.3,-9.299994
27.8,-8.199994
28.4,-7.999994
28.9,-6.999994
29.1,-5.599994
29.3,-3.699994
29,-1.899994
28,6.10E-06
26.9,1.600006
24.9,3.000006
22.9,4.100006
22.2,4.300006
23.1,3.800006
24.6,2.300006
24.6,0.1000061
22.8,-0.5999939
21.2,6.10E-06
20.2,0.8000061
19.4,0.5000061
18.2,-0.2999939
16.5,-0.5999939
13.9,-0.2999939
10.9,0.1000061
13.8,0.3000061
13.2,1.600006
10.6,2.100006
7.700003,1.500006
9.200004,0.8000061
10.9,1.600006
9.500003,2.600006
8.400003,2.500006
6.800003,2.300006
4.000003,3.300006
0.1000031,4.600006
-3.299997,5.100006
-2.999997,4.600006
-1.299997,3.400006
0.500003,0.4000061
1.600003,-3.299994
0.2000031,-5.499994
-2.299997,-6.299994
-2.599997,-4.299994
-1.799997,-0.6999939
-1.399997,2.200006
2.200003,4.800006
5.200003,8.300006
10,12.70001
20.4,19.70001
26.9,22.80001
24.9,19.30001
24.5,17.40001
24.2,16.10001
21.4,13.10001
20.3,10.10001
21.2,7.700006
21.2,4.700006
21.1,-1.00E-01
23.4,-6.099994
25.4,-12.19999
25,-16.59999
24.2,-18.2
24.3,-16.39999
24.8,-14.19999
24.3,-13.09999
23,-12.09999
23.1,-11.79999
24.7,-12.09999
25.1,-11.49999
24.8,-10.29999
25.4,-9.699994
26.4,-8.999994
26.2,-7.499994
26.1,-5.299994
26.4,-3.099994
26.1,-0.8999939
24.5,1.400006
22.3,3.800006
19.9,6.000006
17.8,7.400006
16.9,6.900006
16.9,5.200006
17.6,3.400006
17.5,2.100006
16.3,1.600006
15.3,1.600006
15.7,1.700006
16.2,1.500006
15,1.500006
12.7,1.900006
9.700004,2.500006
6.500003,2.900006
15,0.2000061
13.3,0.4000061
9.700004,0.5000061
7.200003,1.400006
8.900003,2.800006
9.900003,3.700006
8.300003,3.200006
7.100003,2.200006
4.900003,3.400006
1.900003,5.900006
-2.299997,6.900006
-6.599997,6.300006
-7.199997,5.200006
-6.199997,3.700006
-3.299997,1.200006
0.3000031,-2.199994
-0.599997,-4.699994
-3.899997,-6.999994
-5.299997,-7.399994
-5.299997,-4.699994
-6.299997,-2.199994
-3.799997,-0.1999939
1.100003,4.400006
4.400003,8.000007
14.1,14.20001
25.3,20.70001
26.8,19.50001
26.6,17.00001
28.3,15.50001
27.9,12.10001
27.5,8.700006
28.4,6.100006
27.9,2.400006
27.4,-3.299994
28.3,-9.399994
28.7,-14.09999
27.3,-16.09999
26.1,-16.2
25.5,-14.59999
24.9,-13.09999
23.3,-12.29999
21.2,-11.99999
20.8,-12.09999
22,-12.19999
22.3,-11.89999
22,-11.59999
22.5,-11.19999
23.6,-10.59999
24.4,-9.499994
25.5,-7.799994
25.8,-5.799994
24.5,-3.399994
21.7,-0.3999939
18.9,3.100006
16.3,6.300006
14.4,8.200006
13.8,8.600006
13.7,7.900006
13.3,6.100006
12.1,4.100006
10.7,3.000006
9.800003,2.000006
10.1,1.400006
10.6,1.500006
9.500003,2.600006
7.100003,4.300006
4.300003,6.100006
1.900003,6.800006
14.5,2.100006
11.4,2.100006
7.900003,2.300006
6.600003,3.400006
7.200003,5.000006
6.800003,5.700006
6.200003,5.000006
5.800003,4.300006
2.500003,6.500006
-1.399997,9.900006
-5.499997,10.10001
-8.999997,8.400006
-9.999997,6.700006
-10.5,4.800006
-8.099998,2.200006
-2.699997,-0.6999939
-1.599997,-2.799994
-4.499997,-5.299994
-6.099997,-7.499994
-6.799997,-7.099994
-8.899997,-6.899994
-7.699997,-5.899994
-2.299997,-0.3999939
0.9000031,4.000006
7.600003,8.400006
20.4,16.80001
27,19.40001
27.5,16.40001
30.1,14.00001
32.7,11.00001
33.8,7.400006
34.90001,4.300006
33.90001,1.300006
32,-2.499994
31.2,-6.599994
30.5,-9.699994
29.1,-11.29999
27.4,-11.69999
25.6,-11.79999
23.5,-11.89999
21.2,-11.99999
19.3,-11.99999
19,-12.29999
19.8,-12.59999
20.3,-12.49999
20.1,-12.39999
20.5,-12.19999
22,-12.29999
24.2,-11.99999
25.6,-10.89999
24.2,-8.699994
21,-5.599994
17.4,-1.499994
14.3,3.500006
11.5,8.100006
9.200004,10.10001
8.300003,9.400006
8.600003,9.200006
9.300003,9.100006
8.900003,7.400006
7.900003,4.800006
7.000003,2.500006
6.800003,1.100006
6.500003,1.400006
5.200003,3.500006
3.200003,6.100006
1.500003,7.800006
0.7000031,8.000007
12.1,4.000006
8.500003,4.300006
5.700003,4.300006
5.200003,4.000006
4.400003,4.500006
3.100003,5.500006
2.800003,5.600006
1.900003,5.700006
-1.999997,9.100006
-5.899997,13.10001
-7.999997,12.20001
-9.399997,9.000007
-10.1,6.700006
-11.7,4.900006
-11.5,2.600006
-6.799997,0.1000061
-3.599997,-2.099994
-4.199997,-4.099994
-5.899997,-5.899994
-8.799997,-7.399994
-11,-9.899994
-9.499997,-10.19999
-4.799997,-4.899994
-0.599997,0.8000061
3.700003,3.800006
13.5,10.50001
24.1,16.90001
27.5,16.00001
28.2,12.50001
30,10.30001
31.3,7.900006
32.8,4.700006
32.3,1.900006
29.4,0.1000061
27.2,-1.099994
27.1,-3.299994
27.3,-5.899994
26.1,-7.899994
24.1,-9.599994
22,-10.99999
20.3,-11.89999
19.3,-12.39999
19.6,-13.09999
20.4,-13.59999
20.7,-13.29999
20.6,-12.99999
21.3,-13.29999
22.9,-13.89999
24.2,-13.59999
23.5,-11.99999
20.3,-9.099994
16.5,-5.499994
13.3,-0.4999939
10.1,6.100006
7.400003,12.00001
5.400003,14.10001
3.700003,12.10001
3.200003,10.40001
4.800003,10.60001
6.100003,9.800006
6.100003,7.300006
6.000003,4.800006
5.400003,3.300006
4.600003,3.300006
3.100003,5.300006
1.700003,7.200006
1.300003,7.700006
1.600003,7.000006
8.600003,6.400006
4.800003,6.200006
2.200003,5.400006
1.200003,4.200006
0.500003,4.100006
-0.2999969,4.700006
-0.6999969,4.700006
-2.299997,5.900006
-5.999997,11.00001
-8.999997,15.90001
-9.699997,14.40001
-10.1,9.600006
-10.4,5.500006
-11.3,3.200006
-12.1,1.700006
-8.799997,-0.1999939
-4.699997,-2.799994
-3.599997,-4.699994
-6.699997,-6.499994
-11.4,-9.099994
-11.5,-12.19999
-9.199997,-12.79999
-5.899997,-8.699994
-1.599997,-2.299994
1.900003,0.7000061
7.400003,4.100006
18.7,12.00001
26.9,15.30001
27.8,11.80001
27.1,8.900006
26.3,7.500006
26.8,5.200006
27.5,1.800006
26,-0.4999939
24.1,-1.699994
24.4,-3.599994
25.3,-6.099994
24.7,-7.999994
23.3,-9.499994
22,-10.69999
21.5,-11.89999
21.5,-12.89999
22.1,-13.79999
22.6,-14.09999
22.6,-13.49999
22.6,-13.49999
23.3,-14.49999
23.9,-15.19999
22.8,-14.09999
19.9,-11.49999
16.2,-8.099994
12.9,-3.699994
9.000003,2.700006
5.400003,10.00001
3.600003,14.70001
2.800003,16.10001
1.600003,14.30001
1.100003,12.10001
2.800003,11.60001
4.500003,10.80001
5.000003,8.700006
4.900003,7.200006
4.400003,6.500006
3.400003,6.300006
2.300003,6.900006
1.700003,7.500006
2.200003,7.200006
3.100003,6.300006
0.1000031,10.80001
-0.8999969,8.200006
-2.199997,6.200006
-3.799997,4.500006
-4.499997,3.700006
-4.299997,3.400006
-3.899997,4.500006
-4.199997,7.800006
-6.799997,13.10001
-9.399997,16.70001
-10.6,13.90001
-11.2,8.600006
-10.9,5.000006
-10.9,2.900006
-11.2,1.100006
-9.099998,-1.199994
-5.099997,-3.799994
-4.199997,-5.999994
-7.799997,-8.199994
-11,-11.29999
-8.999997,-13.49999
-6.899997,-13.99999
-4.999997,-11.39999
-1.899997,-5.499994
1.600003,-1.299994
4.400003,0.1000061
11.8,5.500006
21.9,11.70001
27.5,11.70001
28.6,8.800006
27.1,6.600006
25.9,4.700006
26.2,2.100006
26,-0.4999939
25.1,-2.599994
24.9,-4.499994
25.1,-6.399994
24.8,-7.999994
24.2,-8.999994
23.8,-9.799994
24.2,-10.79999
24.7,-11.99999
25.3,-12.89999
25.5,-13.29999
25.2,-13.69999
24.8,-14.59999
24.3,-15.49999
22.9,-15.19999
20,-12.79999
16.3,-9.399994
11.9,-4.399994
6.900003,2.200006
2.300003,9.700006
3.05E-06,15.20001
-1.00E-01,16.80001
3.05E-06,16.60001
0.3000031,15.00001
2.000003,12.20001
4.200003,10.80001
5.300003,9.700006
5.200003,7.800006
4.700003,7.100006
4.100003,7.500006
3.800003,7.800006
3.700003,7.800006
3.800003,7.600006
4.500003,7.000006
4.800003,6.200006
