U,V
5.896183,-3.832147
5.996182,-3.632147
6.096182,-3.432147
6.196182,-3.332147
6.296182,-3.132147
6.396183,-3.032147
6.396183,-2.832147
6.496182,-2.632147
6.596182,-2.432147
6.596182,-2.332147
6.696182,-2.132147
6.696182,-1.932147
6.796182,-1.732147
6.796182,-1.632147
6.896183,-1.432147
6.896183,-1.232147
6.896183,-1.032147
6.996182,-0.8321472
6.996182,-0.7321472
6.996182,-0.5321472
6.996182,-0.3321472
6.996182,-0.1321472
6.996182,6.79E-02
6.996182,0.2678528
6.996182,0.3678528
6.996182,0.5678528
6.996182,0.7678528
6.996182,0.9678528
6.896183,1.167853
6.896183,1.367853
6.896183,1.467853
6.796182,1.667853
6.796182,1.867853
6.696182,2.067853
6.696182,2.167853
6.596182,2.367853
6.496182,2.567853
6.496182,2.767853
6.396183,2.867853
6.296182,3.067853
6.196182,3.267853
6.096182,3.367853
6.096182,3.567853
5.996182,3.667853
5.896183,3.867853
5.796182,3.967853
5.696182,4.167853
5.496182,4.267853
5.396183,4.467853
5.296182,4.567853
5.196182,4.767853
5.096182,4.867853
4.896183,4.967853
4.796182,5.167853
4.696182,5.267853
4.496182,5.367853
4.396183,5.467853
4.196182,5.567853
4.096182,5.667853
3.896182,5.767853
3.796182,5.867853
3.596182,5.967853
3.496182,6.067853
3.296182,6.167853
3.196182,6.267853
2.996182,6.367853
2.796182,6.467853
2.596182,6.467853
3.796182,-1.432147
3.696182,-1.332147
3.696182,-1.232147
3.696182,-1.132147
3.696182,-1.032147
3.696182,-0.8321472
3.596182,-0.7321472
3.596182,-0.6321473
3.696182,-0.5321472
3.596182,-0.4321472
3.596182,-0.3321472
3.596182,-0.2321472
3.596182,-0.1321472
3.596182,-3.21E-02
3.596182,6.79E-02
3.496182,0.1678528
3.496182,0.2678528
3.496182,0.3678528
3.496182,0.4678528
3.496182,0.5678528
3.496182,0.6678528
3.496182,0.7678528
3.496182,0.7678528
3.496182,0.8678528
3.396182,0.9678528
3.396182,1.067853
3.396182,1.167853
3.396182,1.167853
3.396182,1.367853
3.396182,1.367853
3.396182,1.467853
3.396182,1.567853
3.396182,1.667853
3.396182,1.767853
3.396182,1.867853
3.396182,1.867853
3.296182,2.067853
3.396182,2.167853
3.396182,2.167853
3.296182,2.267853
3.296182,2.467853
3.296182,2.467853
3.296182,2.567853
3.296182,2.667853
3.296182,2.867853
3.296182,2.867853
3.196182,3.067853
3.196182,3.067853
3.196182,3.267853
3.196182,3.367853
3.096182,3.467853
3.096182,3.567853
3.096182,3.667853
2.996182,3.767853
2.996182,3.867853
2.896182,3.967853
2.896182,4.067853
2.796182,4.167853
2.796182,4.267853
2.696182,4.367853
2.596182,4.467853
2.596182,4.567853
2.496182,4.667853
2.396182,4.767853
2.396182,4.867853
2.296182,4.867853
2.196182,4.967853
2.096182,5.067853
-2.403818,0.8678528
-2.503818,0.8678528
-2.603818,0.8678528
-2.803818,0.8678528
-2.803818,0.8678528
-2.903818,0.8678528
-3.003818,0.8678528
-3.103818,0.8678528
-3.103818,0.8678528
-3.203818,0.8678528
-3.303818,0.8678528
-3.303818,0.8678528
-3.303818,0.7678528
-3.403818,0.7678528
-3.403818,0.7678528
-3.403818,0.6678528
-3.403818,0.6678528
-3.403818,0.6678528
-3.403818,0.5678528
-3.403818,0.5678528
-3.303818,0.5678528
-3.303818,0.4678528
-3.203818,0.4678528
-3.203818,0.3678528
-3.103818,0.3678528
-3.103818,0.2678528
-3.003818,0.2678528
-2.903818,0.2678528
-2.803818,0.1678528
-2.803818,0.1678528
-2.603818,0.1678528
-2.503818,0.1678528
-2.403818,6.79E-02
-2.303818,6.79E-02
-2.203818,6.79E-02
-2.103818,6.79E-02
-1.903818,6.79E-02
-1.803818,6.79E-02
-1.703818,0.1678528
-1.603818,0.1678528
-1.403818,0.1678528
-1.303818,0.1678528
-1.103818,0.2678528
-1.003818,0.3678528
-0.9038178,0.3678528
-0.8038177,0.4678528
-0.6038178,0.5678528
-0.5038177,0.6678528
-0.3038177,0.7678528
-0.3038177,0.8678528
-0.1038178,0.9678528
-3.82E-03,1.067853
9.62E-02,1.167853
0.1961823,1.267853
0.2961822,1.467853
0.3961823,1.567853
0.4961823,1.767853
0.5961823,1.767853
0.6961823,1.967853
0.6961823,2.067853
0.7961823,2.267853
0.8961822,2.367853
0.9961823,2.567853
0.9961823,2.667853
1.096182,2.767853
1.096182,2.867853
1.196182,3.067853
1.196182,3.167853
-9.303818,1.667853
-9.503818,1.567853
-9.603818,1.367853
-9.803818,1.167853
-9.903818,0.9678528
-10.00382,0.7678528
-10.10382,0.5678528
-10.20382,0.3678528
-10.30382,0.2678528
-10.30382,6.79E-02
-10.40382,-0.1321472
-10.40382,-0.2321472
-10.40382,-0.4321472
-10.40382,-0.5321472
-10.30382,-0.7321472
-10.30382,-0.8321472
-10.30382,-0.9321472
-10.20382,-1.032147
-10.20382,-1.132147
-10.00382,-1.232147
-10.00382,-1.232147
-9.803818,-1.432147
-9.703818,-1.432147
-9.603818,-1.532147
-9.503818,-1.632147
-9.303818,-1.732147
-9.103818,-1.832147
-8.903818,-1.832147
-8.803818,-1.932147
-8.603818,-2.032147
-8.403818,-2.132147
-8.203818,-2.232147
-8.003818,-2.332147
-7.703818,-2.432147
-7.503818,-2.432147
-7.303818,-2.532147
-7.103818,-2.632147
-6.803818,-2.632147
-6.603818,-2.732147
-6.403818,-2.732147
-6.103818,-2.732147
-5.903818,-2.832147
-5.703818,-2.832147
-5.403818,-2.832147
-5.103818,-2.732147
-4.903818,-2.732147
-4.703818,-2.732147
-4.403818,-2.632147
-4.103818,-2.532147
-3.903818,-2.432147
-3.603818,-2.332147
-3.303818,-2.232147
-3.103818,-2.032147
-2.803818,-1.832147
-2.603818,-1.732147
-2.303818,-1.532147
-2.003818,-1.332147
-1.803818,-1.132147
-1.603818,-0.9321472
-1.303818,-0.7321472
-1.103818,-0.5321472
-0.8038177,-0.3321472
-0.7038178,-0.1321472
-0.4038177,6.79E-02
-0.3038177,0.2678528
-0.1038178,0.4678528
9.62E-02,0.6678528
0.2961822,0.7678528
-13.20382,2.467853
-13.40382,1.967853
-13.60382,1.567853
-13.90382,1.067853
-14.00382,0.7678528
-14.20382,0.2678528
-14.30382,-3.21E-02
-14.50382,-0.4321472
-14.60382,-0.7321472
-14.60382,-1.132147
-14.70382,-1.332147
-14.70382,-1.632147
-14.70382,-1.832147
-14.70382,-2.132147
-14.60382,-2.232147
-14.60382,-2.432147
-14.50382,-2.532147
-14.40382,-2.732147
-14.30382,-2.732147
-14.20382,-2.932147
-14.00382,-2.932147
-13.90382,-3.032147
-13.70382,-3.132147
-13.60382,-3.232147
-13.30382,-3.232147
-13.20382,-3.432147
-12.90382,-3.432147
-12.70382,-3.632147
-12.40382,-3.732147
-12.20382,-3.932147
-11.90382,-4.032147
-11.70382,-4.132147
-11.40382,-4.232147
-11.10382,-4.432148
-10.90382,-4.532147
-10.60382,-4.732147
-10.30382,-4.832147
-10.10382,-5.032147
-9.803818,-5.132147
-9.503818,-5.232147
-9.203818,-5.332147
-9.003818,-5.432148
-8.703818,-5.532147
-8.403818,-5.632147
-8.103818,-5.632147
-7.803818,-5.732147
-7.503818,-5.732147
-7.203818,-5.632147
-6.803818,-5.632147
-6.503818,-5.532147
-6.203818,-5.332147
-5.803818,-5.332147
-5.503818,-5.032147
-5.103818,-4.932148
-4.703818,-4.732147
-4.403818,-4.532147
-4.003818,-4.232147
-3.703818,-4.032147
-3.303818,-3.732147
-2.903818,-3.532147
-2.603818,-3.232147
-2.203818,-3.032147
-1.903818,-2.732147
-1.603818,-2.532147
-1.303818,-2.232147
-1.003818,-2.032147
-0.7038178,-1.832147
-0.4038177,-1.632147
-14.80382,2.467853
-15.00382,1.967853
-15.20382,1.467853
-15.40382,0.9678528
-15.50382,0.4678528
-15.70382,6.79E-02
-15.80382,-0.3321472
-15.80382,-0.6321473
-15.80382,-0.9321472
-15.70382,-1.132147
-15.60382,-1.332147
-15.50382,-1.632147
-15.40382,-1.832147
-15.30382,-2.032147
-15.20382,-2.232147
-15.10382,-2.332147
-15.00382,-2.532147
-14.80382,-2.632147
-14.70382,-2.832147
-14.60382,-2.932147
-14.50382,-3.032147
-14.30382,-3.132147
-14.10382,-3.232147
-13.90382,-3.332147
-13.70382,-3.432147
-13.40382,-3.632147
-13.10382,-3.832147
-12.90382,-4.032147
-12.60382,-4.232147
-12.30382,-4.432148
-12.00382,-4.632147
-11.70382,-4.932148
-11.50382,-5.132147
-11.20382,-5.332147
-10.90382,-5.532147
-10.60382,-5.732147
-10.30382,-5.932148
-10.00382,-6.132147
-9.803818,-6.332147
-9.503818,-6.532147
-9.303818,-6.732147
-9.003818,-6.932148
-8.803818,-7.032147
-8.603818,-7.132147
-8.303818,-7.332147
-8.103818,-7.432148
-7.803818,-7.432148
-7.503818,-7.532147
-7.203818,-7.532147
-6.903818,-7.532147
-6.603818,-7.432148
-6.303818,-7.332147
-6.003818,-7.232147
-5.603818,-7.032147
-5.303818,-6.832147
-4.903818,-6.632147
-4.603818,-6.432148
-4.203818,-6.132147
-3.803818,-5.932148
-3.403818,-5.632147
-3.103818,-5.432148
-2.703818,-5.132147
-2.303818,-4.932148
-2.003818,-4.732147
-1.603818,-4.432148
-1.303818,-4.332147
-1.003818,-4.032147
-0.7038178,-3.832147
-15.60382,1.067853
-15.60382,0.6678528
-15.60382,0.3678528
-15.60382,-3.21E-02
-15.60382,-0.2321472
-15.50382,-0.5321472
-15.40382,-0.6321473
-15.30382,-0.8321472
-15.10382,-0.9321472
-14.90382,-0.9321472
-14.60382,-1.032147
-14.30382,-1.032147
-14.10382,-1.032147
-13.80382,-1.132147
-13.60382,-1.132147
-13.40382,-1.232147
-13.10382,-1.332147
-12.90382,-1.532147
-12.70382,-1.632147
-12.40382,-1.832147
-12.10382,-2.032147
-11.80382,-2.232147
-11.50382,-2.532147
-11.20382,-2.832147
-10.90382,-3.032147
-10.70382,-3.332147
-10.50382,-3.632147
-10.30382,-3.932147
-10.00382,-4.232147
-9.803818,-4.532147
-9.603818,-4.732147
-9.303818,-5.032147
-9.103818,-5.232147
-8.803818,-5.432148
-8.503818,-5.632147
-8.303818,-5.932148
-8.003818,-6.132147
-7.803818,-6.332147
-7.603818,-6.532147
-7.403818,-6.732147
-7.203818,-6.932148
-7.103818,-7.232147
-6.903818,-7.432148
-6.803818,-7.632147
-6.603818,-7.832147
-6.503818,-8.032147
-6.303818,-8.132148
-6.203818,-8.332148
-6.003818,-8.332148
-5.803818,-8.432147
-5.503818,-8.432147
-5.303818,-8.432147
-5.103818,-8.232147
-4.803818,-8.232147
-4.603818,-8.032147
-4.303818,-7.932148
-4.003818,-7.732147
-3.703818,-7.532147
-3.303818,-7.332147
-3.003818,-7.132147
-2.703818,-6.932148
-2.303818,-6.832147
-2.003818,-6.632147
-1.603818,-6.532147
-1.303818,-6.332147
-0.9038178,-6.232147
-0.6038178,-6.032147
-0.3038177,-5.932148
-13.90382,-0.5321472
-13.80382,-0.7321472
-13.60382,-0.9321472
-13.40382,-0.9321472
-13.10382,-0.9321472
-12.90382,-0.9321472
-12.50382,-0.8321472
-12.10382,-0.8321472
-11.70382,-0.8321472
-11.20382,-0.8321472
-10.80382,-0.7321472
-10.40382,-0.8321472
-10.00382,-0.8321472
-9.603818,-0.8321472
-9.303818,-0.9321472
-9.003818,-1.032147
-8.703818,-1.032147
-8.503818,-1.232147
-8.203818,-1.432147
-7.803818,-1.632147
-7.603818,-1.932147
-7.303818,-2.132147
-7.103818,-2.432147
-6.903818,-2.832147
-6.703818,-3.032147
-6.603818,-3.332147
-6.403818,-3.532147
-6.303818,-3.732147
-6.203818,-3.932147
-6.003818,-4.132147
-5.903818,-4.232147
-5.703818,-4.432148
-5.503818,-4.632147
-5.403818,-4.832147
-5.203818,-5.032147
-5.103818,-5.232147
-5.003818,-5.432148
-4.803818,-5.732147
-4.803818,-6.032147
-4.703818,-6.232147
-4.703818,-6.532147
-4.603818,-6.832147
-4.503818,-7.132147
-4.403818,-7.432148
-4.203818,-7.632147
-4.103818,-7.832147
-4.003818,-8.132148
-3.803818,-8.232147
-3.703818,-8.332148
-3.503818,-8.532147
-3.403818,-8.532147
-3.203818,-8.532147
-3.003818,-8.532147
-2.803818,-8.432147
-2.603818,-8.432147
-2.303818,-8.332148
-2.103818,-8.232147
-1.803818,-8.132148
-1.503818,-8.032147
-1.203818,-7.932148
-0.9038178,-7.832147
-0.6038178,-7.732147
-0.3038177,-7.732147
9.62E-02,-7.632147
0.3961823,-7.532147
0.7961823,-7.432148
1.096182,-7.332147
1.396182,-7.132147
-10.20382,-0.6321473
-10.00382,-0.7321472
-9.703818,-0.8321472
-9.303818,-0.9321472
-9.003818,-0.9321472
-8.603818,-1.032147
-8.103818,-1.032147
-7.703818,-1.132147
-7.203818,-1.232147
-6.803818,-1.332147
-6.403818,-1.432147
-6.003818,-1.532147
-5.603818,-1.632147
-5.303818,-1.832147
-5.003818,-1.832147
-4.703818,-2.032147
-4.403818,-2.032147
-4.203818,-2.232147
-4.003818,-2.232147
-3.803818,-2.432147
-3.603818,-2.532147
-3.403818,-2.732147
-3.303818,-2.832147
-3.203818,-2.932147
-3.103818,-3.032147
-3.103818,-3.232147
-3.003818,-3.232147
-3.003818,-3.332147
-3.003818,-3.332147
-2.903818,-3.432147
-2.903818,-3.532147
-2.903818,-3.732147
-2.803818,-3.832147
-2.803818,-4.132147
-2.703818,-4.332147
-2.703818,-4.632147
-2.703818,-4.932148
-2.603818,-5.232147
-2.603818,-5.532147
-2.503818,-5.932148
-2.403818,-6.232147
-2.403818,-6.532147
-2.203818,-6.932148
-2.103818,-7.232147
-1.903818,-7.532147
-1.803818,-7.832147
-1.503818,-8.032147
-1.403818,-8.332148
-1.203818,-8.432147
-1.003818,-8.632148
-0.8038177,-8.732147
-0.6038178,-8.832148
-0.4038177,-8.832148
-0.1038178,-8.832148
9.62E-02,-8.732147
0.3961823,-8.732147
0.5961823,-8.632148
0.8961822,-8.632148
1.196182,-8.532147
1.396182,-8.532147
1.696182,-8.432147
1.896182,-8.432147
2.196182,-8.232147
2.396182,-8.232147
2.696182,-8.032147
2.896182,-7.832147
3.196182,-7.532147
3.396182,-7.132147
-5.603818,-2.332147
-5.303818,-2.432147
-5.003818,-2.432147
-4.603818,-2.432147
-4.203818,-2.332147
-3.903818,-2.232147
-3.603818,-2.132147
-3.303818,-2.132147
-3.003818,-2.132147
-2.703818,-2.132147
-2.303818,-2.232147
-2.003818,-2.332147
-1.703818,-2.432147
-1.303818,-2.532147
-1.003818,-2.632147
-0.7038178,-2.632147
-0.5038177,-2.732147
-0.3038177,-2.732147
-0.2038178,-2.732147
-0.1038178,-2.732147
-0.1038178,-2.632147
-3.82E-03,-2.732147
9.62E-02,-2.732147
9.62E-02,-2.832147
0.1961823,-2.932147
0.1961823,-3.032147
0.1961823,-3.032147
0.1961823,-3.132147
9.62E-02,-3.232147
9.62E-02,-3.332147
9.62E-02,-3.332147
9.62E-02,-3.532147
0.1961823,-3.632147
0.1961823,-3.832147
0.1961823,-4.132147
0.2961822,-4.332147
0.2961822,-4.632147
0.2961822,-4.932148
0.2961822,-5.232147
0.2961822,-5.532147
0.2961822,-5.932148
0.3961823,-6.332147
0.3961823,-6.632147
0.4961823,-7.032147
0.5961823,-7.432148
0.6961823,-7.832147
0.7961823,-8.232147
0.8961822,-8.532147
1.096182,-8.832148
1.196182,-9.032147
1.396182,-9.132148
1.696182,-9.232147
1.796182,-9.332148
2.096182,-9.332148
2.296182,-9.332148
2.596182,-9.232147
2.796182,-9.132148
2.996182,-9.032147
3.196182,-8.832148
3.396182,-8.632148
3.496182,-8.432147
3.596182,-8.132148
3.696182,-7.832147
3.796182,-7.532147
3.796182,-7.132147
3.796182,-6.732147
3.796182,-6.232147
3.796182,-5.732147
-2.103818,-3.832147
-1.903818,-3.732147
-1.503818,-3.532147
-1.203818,-3.332147
-0.9038178,-3.032147
-0.7038178,-2.932147
-0.4038177,-2.832147
-0.2038178,-2.832147
-3.82E-03,-2.832147
0.2961822,-3.132147
0.6961823,-3.232147
1.096182,-3.432147
1.596182,-3.532147
1.896182,-3.532147
2.296182,-3.532147
2.696182,-3.532147
2.896182,-3.432147
3.096182,-3.332147
3.296182,-3.232147
3.296182,-3.232147
3.496182,-3.232147
3.596182,-3.232147
3.796182,-3.232147
3.896182,-3.232147
3.996182,-3.332147
4.096182,-3.332147
4.096182,-3.332147
4.096182,-3.332147
4.096182,-3.332147
3.996182,-3.432147
3.996182,-3.432147
3.796182,-3.432147
3.796182,-3.532147
3.596182,-3.632147
3.496182,-3.732147
3.296182,-3.932147
3.196182,-4.132147
2.996182,-4.432148
2.896182,-4.732147
2.696182,-5.032147
2.596182,-5.432148
2.596182,-5.832147
2.496182,-6.232147
2.596182,-6.732147
2.596182,-7.132147
2.596182,-7.632147
2.696182,-8.032147
2.796182,-8.432147
2.896182,-8.732147
2.996182,-9.032147
3.196182,-9.232147
3.296182,-9.432147
3.496182,-9.532147
3.696182,-9.532147
3.896182,-9.432147
3.996182,-9.332148
4.196182,-9.032147
4.196182,-8.832148
4.296182,-8.432147
4.296182,-8.132148
4.296182,-7.632147
4.296182,-7.132147
4.196182,-6.632147
4.096182,-6.132147
4.096182,-5.632147
3.996182,-5.132147
3.896182,-4.732147
3.896182,-4.332147
1.896182,-2.732147
1.996182,-2.632147
1.996182,-2.532147
2.096182,-2.432147
2.096182,-2.532147
2.196182,-2.632147
2.296182,-2.932147
2.496182,-3.232147
2.796182,-3.632147
3.196182,-3.932147
3.696182,-4.232147
4.196182,-4.432148
4.596182,-4.532147
5.096182,-4.532147
5.396183,-4.532147
5.696182,-4.532147
5.896183,-4.432148
6.196182,-4.432148
6.396183,-4.432148
6.696182,-4.532147
6.996182,-4.532147
7.296182,-4.532147
7.496182,-4.432148
7.696182,-4.332147
7.696182,-4.032147
7.696182,-3.832147
7.496182,-3.632147
7.296182,-3.432147
6.996182,-3.132147
6.696182,-2.932147
6.396183,-2.732147
6.096182,-2.532147
5.696182,-2.432147
5.296182,-2.432147
4.896183,-2.432147
4.496182,-2.532147
4.096182,-2.732147
3.696182,-3.032147
3.496182,-3.432147
3.196182,-3.932147
3.096182,-4.532147
2.996182,-5.132147
2.996182,-5.732147
3.196182,-6.332147
3.296182,-6.932148
3.496182,-7.432148
3.796182,-7.832147
3.996182,-8.132148
4.296182,-8.432147
4.596182,-8.732147
4.896183,-8.832148
5.196182,-8.932147
5.396183,-8.932147
5.596182,-8.932147
5.796182,-8.732147
5.896183,-8.532147
5.996182,-8.232147
6.096182,-7.832147
6.196182,-7.432148
6.196182,-6.832147
6.096182,-6.332147
6.096182,-5.832147
5.996182,-5.332147
5.996182,-4.932148
5.996182,-4.632147
6.096182,-4.332147
6.196182,-4.032147
6.296182,-3.932147
4.896183,-1.832147
4.496182,-1.932147
4.296182,-2.032147
4.096182,-2.332147
4.096182,-2.632147
4.196182,-2.932147
4.496182,-3.332147
4.896183,-3.832147
5.396183,-4.332147
5.896183,-4.832147
6.496182,-5.132147
6.996182,-5.432148
7.496182,-5.532147
7.796182,-5.632147
8.096183,-5.632147
8.396182,-5.732147
8.796183,-5.732147
9.196182,-5.832147
9.596183,-5.832147
9.896182,-5.832147
10.19618,-5.732147
10.29618,-5.532147
10.39618,-5.132147
10.39618,-4.732147
10.19618,-4.232147
9.896182,-3.732147
9.596183,-3.232147
9.096183,-2.732147
8.696182,-2.332147
8.296183,-1.932147
7.996182,-1.532147
7.596182,-1.232147
7.296182,-1.032147
6.896183,-0.8321472
6.496182,-0.7321472
6.096182,-0.8321472
5.696182,-1.032147
5.396183,-1.432147
4.996182,-1.932147
4.696182,-2.732147
4.596182,-3.532147
4.396183,-4.432148
4.496182,-5.332147
4.596182,-6.232147
4.896183,-7.032147
5.296182,-7.632147
5.796182,-8.032147
6.196182,-8.432147
6.696182,-8.632148
7.096182,-8.732147
7.496182,-8.832148
7.796182,-8.832148
8.096183,-8.632148
8.396182,-8.532147
8.596183,-8.232147
8.696182,-7.932148
8.896182,-7.532147
8.996182,-7.032147
9.096183,-6.532147
9.096183,-6.032147
9.096183,-5.532147
9.196182,-5.132147
9.196182,-4.832147
9.296183,-4.532147
9.496182,-4.332147
9.596183,-4.232147
9.796183,-4.032147
9.996182,-4.032147
5.296182,-1.332147
5.096182,-1.732147
4.996182,-2.132147
5.096182,-2.632147
5.396183,-3.132147
5.996182,-3.732147
6.596182,-4.332147
7.296182,-4.932148
7.996182,-5.432148
8.596183,-5.832147
9.296183,-6.232147
9.796183,-6.432148
10.29618,-6.532147
10.79618,-6.632147
11.19618,-6.632147
11.59618,-6.632147
11.99618,-6.532147
12.29618,-6.432148
12.49618,-6.132147
12.59618,-5.832147
12.59618,-5.432148
12.59618,-5.132147
12.49618,-4.632147
12.39618,-4.132147
12.09618,-3.632147
11.79618,-3.132147
11.49618,-2.632147
11.19618,-2.232147
10.79618,-1.832147
10.69618,-1.432147
10.39618,-1.032147
10.19618,-0.7321472
9.996182,-0.3321472
9.796183,-0.1321472
9.596183,-3.21E-02
9.496182,-0.1321472
9.296183,-0.3321472
9.096183,-0.7321472
8.996182,-1.232147
8.796183,-1.932147
8.696182,-2.732147
8.596183,-3.732147
8.396182,-4.732147
8.496182,-5.832147
8.596183,-6.832147
8.796183,-7.732147
8.996182,-8.332148
9.296183,-8.832148
9.696182,-9.032147
10.09618,-9.132148
10.39618,-9.132148
10.69618,-9.032147
10.99618,-8.732147
11.19618,-8.432147
11.29618,-8.032147
11.29618,-7.632147
11.39618,-7.132147
11.49618,-6.632147
11.49618,-6.232147
11.49618,-5.832147
11.49618,-5.532147
11.59618,-5.332147
11.69618,-5.132147
11.79618,-5.032147
11.99618,-4.932148
12.29618,-4.832147
12.59618,-4.732147
12.99618,-4.732147
5.696182,-1.032147
5.696182,-2.032147
5.896183,-2.832147
6.396183,-3.732147
7.096182,-4.432148
7.996182,-5.232147
8.896182,-5.932148
9.696182,-6.632147
10.49618,-7.132147
11.29618,-7.532147
12.09618,-7.732147
12.69618,-7.932148
13.39618,-7.832147
13.99618,-7.632147
14.39618,-7.432148
14.69618,-7.032147
14.89618,-6.532147
14.89618,-6.132147
14.89618,-5.532147
14.79618,-5.132147
14.69618,-4.732147
14.59618,-4.332147
14.49618,-3.932147
14.39618,-3.632147
14.19618,-3.232147
13.89618,-2.832147
13.59618,-2.432147
13.39618,-2.032147
13.09618,-1.532147
12.89618,-1.132147
12.69618,-0.6321473
12.39618,-0.3321472
12.09618,6.79E-02
11.89618,0.2678528
11.79618,0.2678528
11.69618,6.79E-02
11.79618,-0.2321472
11.89618,-0.7321472
12.09618,-1.232147
12.19618,-1.832147
12.29618,-2.532147
12.29618,-3.432147
12.19618,-4.332147
12.09618,-5.332147
11.99618,-6.332147
11.89618,-7.332147
11.89618,-8.132148
11.99618,-8.732147
12.19618,-9.132148
12.39618,-9.432147
12.59618,-9.332148
12.69618,-9.232147
12.89618,-8.832148
12.89618,-8.432147
12.89618,-7.932148
12.99618,-7.532147
12.99618,-7.032147
12.99618,-6.532147
12.99618,-6.132147
12.99618,-5.832147
12.99618,-5.532147
12.99618,-5.432148
12.99618,-5.432148
13.09618,-5.532147
13.29618,-5.732147
13.69618,-6.032147
14.39618,-6.132147
15.19618,-6.432148
6.296182,-1.832147
6.596182,-3.232147
7.096182,-4.432148
7.896183,-5.532147
8.796183,-6.532147
9.896182,-7.432148
10.89618,-8.132148
11.79618,-8.732147
12.79618,-9.232147
13.79618,-9.532147
14.69618,-9.632148
15.59618,-9.432147
16.09618,-8.932147
16.49618,-8.432147
16.79618,-7.732147
16.99618,-7.032147
17.09618,-6.332147
17.19618,-5.632147
17.19618,-4.932148
17.09618,-4.432148
16.89618,-3.932147
16.69618,-3.532147
16.39618,-3.032147
16.19618,-2.732147
15.79618,-2.332147
15.49618,-1.932147
15.19618,-1.532147
14.89618,-1.032147
14.59618,-0.6321473
14.29618,-0.2321472
13.99618,0.1678528
13.59618,0.4678528
13.29618,0.7678528
12.99618,0.7678528
12.89618,0.5678528
12.89618,0.1678528
13.09618,-0.4321472
13.39618,-1.132147
13.89618,-1.832147
14.39618,-2.532147
14.69618,-3.232147
14.89618,-3.932147
14.99618,-4.732147
15.09618,-5.532147
15.09618,-6.232147
14.99618,-7.032147
14.89618,-7.632147
14.89618,-8.132148
14.69618,-8.432147
14.59618,-8.632148
14.49618,-8.532147
14.39618,-8.332148
14.29618,-8.032147
14.29618,-7.632147
14.19618,-7.232147
14.19618,-6.732147
14.19618,-6.232147
14.29618,-5.732147
14.19618,-5.232147
14.19618,-4.832147
14.09618,-4.532147
13.99618,-4.532147
13.99618,-4.932148
14.09618,-5.632147
14.39618,-6.432148
15.09618,-7.232147
16.09618,-8.032147
17.19618,-8.932147
7.696182,-2.932147
8.096183,-4.632147
8.696182,-6.232147
9.696182,-7.632147
10.89618,-8.832148
11.99618,-9.832148
13.09618,-10.53215
14.19618,-11.03215
15.19618,-11.33215
16.19618,-11.43215
17.09618,-11.03215
17.69618,-10.63215
18.19618,-9.832148
18.49618,-9.032147
18.89618,-8.132148
19.19618,-7.332147
19.49618,-6.532147
19.69618,-5.632147
19.69618,-4.832147
19.49618,-4.032147
19.19618,-3.232147
18.59618,-2.632147
18.19618,-2.032147
17.59618,-1.532147
17.19618,-1.032147
16.79618,-0.6321473
16.39618,-0.1321472
16.09618,0.1678528
15.89618,0.5678528
15.59618,0.8678528
15.29618,1.067853
14.99618,1.267853
14.69618,1.267853
14.39618,1.067853
14.29618,0.6678528
14.29618,-3.21E-02
14.49618,-0.9321472
14.89618,-1.932147
15.49618,-2.832147
16.09618,-3.632147
16.69618,-4.332147
17.19618,-4.932148
17.49618,-5.432148
17.69618,-6.032147
17.79618,-6.432148
17.69618,-6.932148
17.69618,-7.332147
17.49618,-7.532147
17.29618,-7.432148
16.89618,-7.332147
16.59618,-7.132147
16.09618,-6.932148
15.79618,-6.732147
15.49618,-6.532147
15.39618,-6.232147
15.19618,-5.832147
15.09618,-5.332147
14.79618,-4.832147
14.69618,-4.232147
14.49618,-3.732147
14.49618,-3.532147
14.39618,-3.932147
14.49618,-4.932148
14.69618,-6.232147
15.39618,-7.732147
16.39618,-9.232147
17.59618,-10.53215
18.79618,-11.83215
10.09618,-3.732147
10.49618,-6.032147
11.09618,-8.132148
12.19618,-9.832148
13.29618,-11.23215
14.49618,-12.13215
15.59618,-12.63215
16.59618,-12.93215
17.39618,-12.93215
18.29618,-12.73215
18.99618,-12.23215
19.69618,-11.63215
20.19618,-10.73215
20.69618,-9.932147
21.09618,-8.932147
21.49618,-7.932148
21.89618,-6.832147
21.99618,-5.632147
21.89618,-4.332147
21.49618,-3.032147
20.69618,-1.932147
19.79618,-1.032147
18.99618,-0.4321472
18.19618,6.79E-02
17.49618,0.3678528
16.99618,0.6678528
16.49618,0.9678528
16.19618,1.167853
15.99618,1.367853
15.69618,1.567853
15.49618,1.867853
15.29618,1.867853
14.99618,1.767853
14.89618,1.467853
14.79618,0.8678528
14.79618,-3.21E-02
14.89618,-1.132147
15.09618,-2.332147
15.59618,-3.332147
16.19618,-4.332147
16.79618,-5.032147
17.39618,-5.532147
17.79618,-5.832147
17.99618,-6.132147
18.09618,-6.332147
17.99618,-6.532147
17.89618,-6.732147
17.79618,-6.732147
17.49618,-6.632147
17.09618,-6.332147
16.59618,-6.132147
16.19618,-5.832147
15.79618,-5.632147
15.49618,-5.532147
15.29618,-5.432148
14.99618,-5.232147
14.69618,-4.932148
14.59618,-4.432148
14.39618,-3.832147
14.29618,-3.232147
14.19618,-3.232147
14.19618,-3.832147
14.39618,-5.432148
15.19618,-7.432148
16.29618,-9.632148
17.69618,-11.63215
18.89618,-13.43215
20.09618,-15.13215
12.79618,-4.332147
13.09618,-7.132147
13.69618,-9.632148
14.59618,-11.73215
15.79618,-13.13215
16.89618,-13.93215
17.99618,-14.23215
18.79618,-14.33215
19.59618,-14.13215
20.29618,-13.83215
21.09618,-13.33215
21.69618,-12.63215
22.19618,-11.63215
22.49618,-10.63215
22.69618,-9.232147
22.69618,-7.932148
22.89618,-6.332147
22.89618,-4.632147
22.69618,-2.932147
21.99618,-1.332147
21.09618,-3.21E-02
19.89618,0.8678528
18.79618,1.367853
17.69618,1.667853
16.79618,1.767853
16.09618,1.767853
15.49618,1.867853
15.09618,1.867853
14.79618,1.967853
14.49618,2.067853
14.39618,2.167853
14.19618,2.267853
14.09618,2.067853
13.99618,1.767853
13.89618,1.067853
13.89618,6.79E-02
13.99618,-1.132147
13.99618,-2.332147
14.29618,-3.432147
14.59618,-4.432148
15.09618,-5.132147
15.59618,-5.532147
16.09618,-5.632147
16.29618,-5.832147
16.29618,-5.832147
16.19618,-6.032147
16.09618,-6.032147
15.79618,-6.232147
15.49618,-6.132147
14.99618,-5.932148
14.59618,-5.732147
14.19618,-5.432148
14.09618,-5.132147
13.99618,-4.932148
14.09618,-4.832147
13.99618,-4.832147
13.99618,-4.732147
13.89618,-4.432148
13.89618,-3.932147
13.89618,-3.632147
13.99618,-3.832147
14.09618,-4.732147
14.69618,-6.632147
15.79618,-9.232147
17.29618,-11.83215
18.69618,-14.43215
19.99618,-16.83215
21.49618,-19.13215
15.89618,-4.532147
16.09618,-7.432148
16.39618,-10.03215
17.09618,-12.23215
17.99618,-13.53215
18.89618,-14.23215
19.69618,-14.53215
20.39618,-14.63215
20.89618,-14.53215
21.49618,-14.33215
21.89618,-13.93215
22.39618,-13.23215
22.49618,-11.93215
22.39618,-10.33215
22.09618,-8.532147
21.79618,-6.632147
21.79618,-4.832147
21.79618,-2.932147
21.49618,-1.232147
20.79618,0.1678528
19.79618,1.267853
18.89618,1.967853
17.79618,2.367853
16.99618,2.567853
16.19618,2.567853
15.49618,2.467853
14.99618,2.467853
14.49618,2.267853
13.99618,2.267853
13.69618,2.267853
13.49618,2.267853
13.29618,2.167853
13.19618,1.867853
13.09618,1.467853
12.99618,0.7678528
12.89618,-3.21E-02
12.79618,-1.232147
12.79618,-2.432147
12.89618,-3.532147
13.09618,-4.332147
13.49618,-4.832147
13.99618,-5.132147
14.39618,-5.232147
14.89618,-5.332147
15.29618,-5.332147
15.49618,-5.332147
15.49618,-5.332147
15.39618,-5.432148
14.99618,-5.332147
14.49618,-5.132147
13.99618,-4.932148
13.59618,-4.632147
13.29618,-4.332147
13.19618,-4.232147
13.09618,-4.232147
13.09618,-4.432148
13.19618,-4.532147
13.29618,-4.632147
13.49618,-4.432148
13.69618,-4.432148
14.09618,-4.832147
14.69618,-6.132147
15.49618,-8.332148
16.59618,-11.23215
18.09618,-14.23215
19.49618,-17.23215
21.09618,-20.33215
23.09618,-23.43215
19.29618,-4.232147
19.39618,-7.232147
19.49618,-9.532147
19.49618,-11.33215
19.79618,-12.43215
20.19618,-13.13215
20.59618,-13.43215
20.89618,-13.63215
21.09618,-13.83215
21.09618,-13.93215
21.29618,-13.63215
21.29618,-12.83215
21.19618,-11.23215
20.79618,-9.232147
20.49618,-7.132147
20.19618,-5.132147
20.09618,-3.232147
19.89618,-1.732147
19.49618,-0.5321472
18.89618,0.4678528
18.29618,1.267853
17.49618,1.867853
16.89618,2.267853
16.29618,2.367853
15.79618,2.467853
15.29618,2.567853
14.79618,2.567853
14.29618,2.567853
13.69618,2.567853
13.19618,2.467853
12.79618,2.467853
12.49618,2.167853
12.39618,1.767853
12.39618,1.067853
12.39618,0.2678528
12.29618,-0.8321472
12.19618,-1.932147
12.19618,-3.032147
12.39618,-4.032147
12.59618,-4.732147
12.99618,-5.132147
13.39618,-5.332147
14.09618,-5.432148
14.79618,-5.432148
15.39618,-5.332147
15.99618,-5.232147
16.29618,-4.932148
16.39618,-4.532147
16.19618,-4.132147
15.69618,-3.832147
15.09618,-3.532147
14.59618,-3.232147
14.09618,-2.932147
13.49618,-2.832147
13.19618,-3.032147
13.09618,-3.332147
13.09618,-3.832147
13.09618,-4.232147
13.29618,-4.432148
13.59618,-4.832147
14.19618,-5.732147
14.89618,-7.332147
15.69618,-10.03215
16.89618,-13.23215
18.59618,-16.73215
20.39618,-20.43215
22.49618,-24.33215
25.09618,-27.83215
22.89618,-2.832147
22.79618,-5.832147
22.19618,-7.832147
21.69618,-9.332148
21.19618,-10.23215
20.99618,-10.93215
20.89618,-11.33215
20.79618,-11.73215
20.49618,-12.23215
20.19618,-12.63215
19.99618,-12.43215
19.79618,-11.63215
19.49618,-10.03215
19.19618,-8.032147
18.89618,-5.932148
18.69618,-4.132147
18.49618,-2.732147
18.19618,-1.632147
17.89618,-0.9321472
17.49618,-0.1321472
16.89618,0.6678528
16.29618,1.367853
15.79618,1.967853
15.29618,2.467853
14.89618,2.767853
14.59618,2.967853
14.29618,3.067853
13.79618,2.967853
13.09618,2.867853
12.39618,2.867853
11.69618,2.767853
11.29618,2.567853
11.19618,2.167853
11.39618,1.367853
11.69618,6.79E-02
11.99618,-1.332147
12.09618,-2.832147
12.19618,-4.032147
12.49618,-4.832147
12.89618,-5.432148
13.29618,-5.732147
13.79618,-6.032147
14.29618,-6.132147
14.89618,-6.132147
15.49618,-6.032147
16.09618,-5.732147
16.49618,-5.232147
16.69618,-4.532147
16.69618,-3.832147
16.49618,-3.332147
16.19618,-2.932147
15.89618,-2.532147
15.39618,-2.232147
14.89618,-2.032147
14.49618,-2.032147
14.19618,-2.232147
13.89618,-2.532147
13.49618,-2.932147
13.19618,-3.532147
13.29618,-4.432148
13.59618,-6.032147
14.09618,-8.232147
14.99618,-11.33215
16.39618,-14.83215
18.29618,-19.03215
20.49618,-23.93215
22.99618,-29.03215
25.99618,-33.23215
26.09618,-0.3321472
25.39618,-3.232147
24.29618,-5.332147
23.19618,-6.832147
22.29618,-7.632147
21.59618,-8.332148
21.19618,-8.832148
20.69618,-9.532147
20.09618,-10.33215
19.49618,-11.03215
18.99618,-11.13215
18.49618,-10.53215
18.19618,-9.132148
17.99618,-7.532147
17.99618,-5.732147
17.79618,-4.132147
17.49618,-2.832147
17.09618,-1.932147
16.69618,-1.132147
16.19618,-0.1321472
15.79618,0.9678528
15.29618,2.267853
14.79618,3.267853
14.19618,4.167853
13.79618,4.767853
13.39618,5.067853
13.19618,4.967853
12.99618,4.567853
12.69618,3.867853
12.09618,3.167853
11.39618,2.767853
10.59618,2.567853
10.29618,2.267853
10.49618,1.667853
11.09618,0.2678528
11.79618,-1.632147
12.19618,-3.332147
12.49618,-4.732147
12.79618,-5.432148
13.19618,-5.932148
13.69618,-6.232147
14.29618,-6.732147
14.89618,-7.032147
15.49618,-7.232147
16.09618,-7.032147
16.79618,-6.632147
17.49618,-5.932148
18.09618,-5.232147
18.69618,-4.332147
19.09618,-3.632147
19.39618,-2.932147
19.19618,-2.332147
18.69618,-1.932147
17.99618,-1.632147
17.39618,-1.532147
16.69618,-1.432147
15.89618,-1.332147
15.09618,-1.432147
14.49618,-2.132147
14.09618,-3.432147
13.99618,-5.532147
14.09618,-8.332148
14.49618,-11.73215
15.39618,-15.63215
16.89618,-20.43215
18.79618,-26.33215
21.09618,-32.63215
23.99618,-38.03215
28.59618,2.667853
27.49618,-0.2321472
26.09618,-2.532147
24.89618,-4.232147
23.79618,-5.132147
22.99618,-5.832147
22.19618,-6.332147
21.39618,-7.032147
20.49618,-7.632147
19.49618,-8.332148
18.49618,-8.732147
17.79618,-8.732147
17.39618,-8.132148
17.39618,-7.132147
17.49618,-5.832147
17.29618,-4.432148
16.89618,-3.132147
16.39618,-1.932147
16.09618,-0.6321473
15.89618,0.9678528
15.39618,2.767853
14.89618,4.467853
14.19618,5.867853
13.49618,6.967853
12.79618,7.767853
12.39618,8.267853
12.29618,8.167853
12.49618,7.567853
12.89618,6.367853
12.99618,4.667853
12.59618,3.367853
11.79618,2.367853
10.99618,1.967853
10.79618,1.467853
11.39618,0.2678528
12.39618,-1.532147
13.19618,-3.432147
13.59618,-4.832147
13.79618,-5.632147
14.29618,-6.332147
15.29618,-7.132147
16.49618,-7.932148
17.69618,-8.332148
18.89618,-8.532147
20.09618,-8.232147
21.39618,-7.732147
22.69618,-7.032147
23.99618,-6.232147
25.09618,-5.232147
25.79618,-4.132147
25.99618,-3.132147
25.79618,-2.032147
25.19618,-1.132147
24.29618,-0.4321472
23.09618,0.1678528
21.79618,0.4678528
20.49618,0.4678528
19.19618,0.3678528
17.99618,-0.3321472
16.89618,-1.732147
15.99618,-4.032147
15.29618,-7.232147
14.69618,-10.93215
14.49618,-14.93215
14.79618,-19.93215
15.99618,-26.13215
17.89618,-33.43215
20.59618,-39.83215
30.59618,6.567853
28.79618,3.467853
27.09618,0.8678528
25.69618,-1.332147
24.59618,-2.832147
23.79618,-3.832147
23.09618,-4.432148
22.19618,-5.032147
20.99618,-5.432148
19.69618,-5.932148
18.39618,-6.332147
17.39618,-6.732147
17.09618,-6.932148
16.99618,-6.632147
16.99618,-5.832147
16.79618,-4.732147
16.59618,-3.332147
16.59618,-1.732147
16.59618,0.2678528
16.39618,2.467853
15.69618,4.667853
14.59618,6.667853
13.59618,8.067853
12.59618,9.067853
12.19618,9.767853
11.89618,10.06785
11.99618,10.06785
12.49618,9.567853
13.29618,8.567853
13.89618,6.867853
13.99618,4.867853
13.49618,2.867853
12.49618,1.667853
11.99618,0.8678528
12.39618,-0.3321472
13.39618,-2.032147
14.29618,-3.832147
14.99618,-5.432148
15.59618,-6.632147
16.79618,-7.832147
18.69618,-9.132148
20.79618,-10.13215
22.59618,-10.43215
24.29618,-10.33215
26.09618,-9.932147
27.79618,-9.432147
29.59618,-8.632148
31.39618,-7.732147
33.09618,-6.432148
34.19618,-4.832147
34.59618,-2.832147
34.29618,-0.9321472
33.39618,0.7678528
31.99618,2.167853
30.09618,3.167853
27.99618,3.767853
25.99618,3.767853
24.19618,3.267853
22.59618,2.267853
20.99618,0.6678528
19.29618,-1.832147
17.49618,-5.032147
15.69618,-8.732147
14.19618,-12.73215
13.19618,-17.63215
13.19618,-24.13215
14.69618,-32.23215
17.19618,-40.13215
33.79618,10.56785
31.09618,8.567853
28.39618,6.367853
25.99618,3.967853
23.89618,1.867853
22.39618,-3.21E-02
21.19618,-1.632147
20.19618,-2.832147
19.19618,-3.732147
18.29618,-4.432148
17.49618,-5.032147
16.89618,-5.632147
16.69618,-6.132147
16.49618,-6.332147
16.49618,-5.932148
16.69618,-5.032147
17.29618,-3.432147
17.99618,-1.332147
17.89618,1.267853
17.19618,3.967853
15.59618,6.167853
13.99618,7.967853
12.89618,9.167853
12.19618,9.867853
11.99618,9.967853
12.09618,9.667853
12.29618,9.367853
12.79618,9.167853
13.29618,8.967853
13.89618,8.167853
14.29618,6.367853
14.39618,4.067853
13.79618,1.867853
13.49618,0.1678528
13.79618,-1.532147
14.79618,-3.432147
15.99618,-5.532147
17.29618,-7.632147
19.09618,-9.532147
21.49618,-11.13215
23.99618,-12.13215
26.39618,-12.73215
28.19618,-12.83215
30.19618,-12.43215
32.09618,-11.83215
33.99618,-11.13215
36.09618,-10.43215
38.39618,-9.632148
40.69618,-8.432147
42.89618,-6.832147
44.79618,-4.432148
45.79618,-1.332147
44.99618,1.767853
43.29618,4.567853
40.29618,6.667853
36.49618,7.567853
32.59618,7.167853
29.49618,6.267853
27.19618,5.167853
25.19618,3.767853
22.99618,1.467853
20.69618,-1.832147
18.09618,-5.632147
15.59618,-9.532147
13.19618,-14.13215
11.39618,-20.23215
11.19618,-28.53215
12.89618,-37.73215
38.29618,14.36785
34.99618,13.16785
31.49618,11.76785
28.09618,10.06785
24.99618,8.067853
22.19618,5.667853
19.79618,3.267853
17.99618,0.9678528
16.79618,-0.8321472
16.19618,-2.332147
15.89618,-3.632147
15.79618,-5.032147
15.79618,-6.032147
15.79618,-6.632147
16.29618,-6.432148
17.29618,-5.532147
18.59618,-3.532147
19.39618,-1.132147
18.89618,1.667853
17.59618,4.267853
15.99618,6.467853
14.49618,8.267853
13.39618,9.367853
12.59618,9.767853
12.19618,9.467853
12.09618,8.567853
12.39618,7.767853
12.79618,7.267853
13.39618,7.467853
13.79618,7.567853
14.39618,6.567853
14.89618,4.467853
15.19618,1.767853
15.39618,-0.7321472
15.89618,-3.232147
16.99618,-5.632147
18.69618,-8.332148
20.89618,-11.13215
23.89618,-13.13215
26.99618,-14.43215
29.19618,-14.73215
30.79618,-15.13215
33.09618,-15.33215
36.09618,-15.03215
39.09618,-14.43215
41.69618,-13.93215
44.39618,-13.23215
47.09618,-12.03215
49.59618,-10.53215
52.49618,-9.032147
55.59618,-6.232147
57.69618,-2.032147
58.69618,3.167853
58.19618,8.967853
54.19618,13.46785
47.89618,14.86785
41.49618,13.06785
36.19618,10.26785
32.29618,8.267853
29.09618,6.967853
25.99618,5.267853
22.79618,2.367853
19.79618,-1.632147
16.99618,-6.132147
14.09618,-10.73215
11.09618,-16.33215
8.696182,-23.93215
8.196182,-33.03215
43.59618,19.46785
39.39618,18.36785
35.09618,16.56785
30.99618,14.56785
27.39618,12.36785
24.29618,10.26785
21.39618,8.067853
18.79618,5.567853
16.89618,2.967853
15.69618,0.3678528
15.29618,-2.132147
15.29618,-4.532147
15.49618,-6.332147
15.99618,-7.532147
17.29618,-7.432148
19.09618,-6.332147
20.29618,-4.232147
20.69618,-1.832147
20.39618,0.7678528
19.79618,3.567853
18.79618,6.067853
17.59618,7.867853
16.19618,8.767853
14.89618,8.867853
13.69618,8.367853
12.99618,7.167853
13.19618,5.767853
13.99618,4.867853
14.79618,5.067853
15.49618,5.367853
16.09618,4.967853
16.99618,3.367853
17.79618,0.6678528
18.69618,-2.432147
19.59618,-5.532147
20.99618,-8.732147
23.09618,-11.83215
25.89618,-14.53215
29.19618,-15.73215
31.89618,-16.03215
33.19618,-16.43215
35.19618,-17.63215
39.89618,-18.43215
45.29618,-18.33215
48.29618,-17.83215
50.49618,-17.33215
53.59618,-16.03215
56.49618,-13.73215
57.39618,-10.83215
57.79618,-7.932148
60.39618,-4.432148
64.29618,0.2678528
66.49618,6.667853
65.49618,13.36785
60.49618,18.56785
53.89618,21.26785
47.59618,20.56785
42.49618,17.46785
38.59618,13.86785
34.99618,11.36785
30.79618,9.867853
25.89618,7.767853
21.09618,3.867853
17.09618,-1.032147
14.09618,-6.332147
11.29618,-12.23215
8.196182,-19.53215
5.596182,-28.23215
49.19618,22.96785
44.69618,23.36785
39.29618,21.86785
33.99618,19.06785
29.59618,15.76785
26.09618,12.76785
23.09618,10.66785
20.29618,8.567853
17.99618,5.867853
16.59618,2.467853
16.29618,-1.032147
16.49618,-4.132147
16.89618,-6.532147
18.09618,-8.132148
19.99618,-8.032147
21.59618,-6.932148
22.19618,-5.332147
22.69618,-3.232147
23.39618,-0.3321472
23.69618,2.967853
23.09618,6.067853
21.99618,8.067853
20.99618,8.467853
19.99618,8.267853
18.69618,7.467853
17.49618,6.067853
17.29618,4.467853
17.99618,3.167853
18.89618,2.967853
19.29618,3.067853
19.79618,2.567853
20.49618,1.167853
21.49618,-1.532147
22.69618,-4.932148
24.29618,-8.632148
26.19618,-12.03215
28.49618,-14.83215
31.29618,-16.83215
34.49618,-17.53215
36.99618,-18.03215
38.79618,-19.33215
42.69618,-21.23215
49.79618,-22.03215
54.99618,-21.83215
55.49618,-20.43215
55.39618,-18.63215
57.79618,-16.33215
59.79618,-13.73215
59.29618,-10.13215
58.89618,-6.032147
60.99618,-1.732147
63.39618,2.367853
63.49618,6.067853
61.49618,9.767853
58.19618,14.26785
53.99618,18.86785
49.59618,21.76785
45.89618,21.96785
43.59618,19.96785
41.49618,18.06785
37.69618,17.06785
32.09618,15.16785
25.39618,11.06785
19.09618,5.567853
14.19618,-0.6321473
10.69618,-7.232147
7.896183,-14.63215
4.696182,-23.33215
50.79618,20.06785
48.59618,23.36785
44.19618,24.56785
38.69618,23.56785
33.09618,20.06785
28.59618,15.66785
25.29618,11.96785
22.69618,9.367853
20.59618,6.767853
19.59618,3.567853
19.69618,-3.21E-02
20.49618,-3.432147
21.69618,-6.032147
23.19618,-7.532147
24.29618,-7.432148
24.59618,-6.732147
24.59618,-5.832147
25.59618,-4.332147
27.69618,-0.8321472
28.89618,3.567853
28.69618,7.267853
28.39618,9.467853
28.49618,10.26785
28.29618,10.46785
26.99618,10.06785
25.19618,8.867853
24.09618,6.767853
23.89618,4.467853
24.29618,2.767853
24.49618,1.567853
24.89618,0.3678528
25.39618,-1.432147
26.19618,-4.232147
27.39618,-7.832147
29.29618,-11.33215
31.39618,-14.23215
32.99618,-16.43215
35.49618,-19.03215
39.89618,-21.43215
44.59618,-23.13215
47.99618,-23.83215
51.99618,-24.03215
56.39618,-23.53215
57.79618,-22.83215
55.29618,-20.73215
53.49618,-17.73215
54.49618,-14.83215
55.19618,-12.03215
54.49618,-8.632148
54.39618,-5.032147
55.09618,-1.632147
55.39618,1.167853
54.79618,3.767853
54.09618,6.667853
52.99618,10.56785
51.29618,14.76785
48.69618,18.76785
46.19618,21.66785
44.79618,23.06785
43.49618,23.86785
40.49618,24.36785
35.79618,23.66785
29.89618,20.16785
23.69618,14.46785
17.29618,7.267853
11.79618,-0.5321472
7.796182,-8.732147
4.496182,-17.73215
47.99618,14.46785
48.39618,18.86785
46.99618,22.66785
43.29618,24.76785
37.89618,23.66785
32.49618,19.76785
28.89618,14.56785
26.69618,10.26785
25.49618,7.467853
24.69618,4.667853
24.79618,0.8678528
25.79618,-2.932147
27.29618,-5.632147
28.49618,-7.132147
28.29618,-7.132147
27.19618,-7.032147
27.19618,-6.532147
29.09618,-5.032147
32.09618,-0.9321472
33.59618,4.567853
33.59618,9.267853
33.49618,12.16785
33.79618,13.66785
33.49618,14.56785
32.39618,14.36785
30.79618,12.96785
29.29618,10.16785
28.59618,6.767853
28.69618,3.767853
29.19618,1.067853
29.79618,-1.332147
30.39618,-3.832147
31.09618,-6.832147
32.29618,-10.33215
34.39618,-13.03215
36.29618,-15.33215
37.89618,-18.33215
41.29618,-22.33215
47.99618,-25.33215
54.39618,-26.43215
56.79618,-25.33215
57.49618,-23.53215
57.39618,-21.83215
55.29618,-20.13215
51.89618,-16.93215
50.19618,-13.43215
50.09618,-10.23215
49.29618,-7.132147
47.99618,-4.332147
47.39618,-1.732147
47.09618,0.4678528
46.69618,2.467853
46.59618,5.067853
46.59618,8.267853
46.19618,11.56785
45.69618,14.76785
45.19618,18.06785
44.39618,21.26785
43.79618,23.76785
42.69618,25.66785
39.99618,27.06785
35.99618,27.76785
31.39618,26.76785
26.49618,23.36785
20.79618,16.66785
14.69618,7.967853
9.196182,-1.632147
4.796182,-11.63215
43.79618,9.867853
45.19618,14.26785
46.19618,18.36785
45.79618,22.06785
42.59618,23.56785
37.89618,22.16785
33.69618,17.56785
31.49618,12.46785
30.69618,8.967853
29.89618,6.067853
28.79618,2.167853
28.79618,-2.532147
29.79618,-5.732147
30.59618,-7.232147
29.59618,-7.532147
28.69618,-8.132148
29.79618,-8.132148
32.49618,-6.032147
35.09618,-1.032147
35.99618,4.867853
34.99618,9.667853
34.09618,12.96785
34.09618,14.66785
34.39618,15.16785
34.69618,14.56785
34.59618,13.06785
33.79618,10.56785
33.09618,7.367853
33.39618,3.767853
34.59618,0.2678528
35.89618,-2.532147
36.59618,-5.232147
36.89618,-8.132148
38.19618,-11.03215
40.89618,-14.23215
44.09618,-18.13215
48.19618,-22.43215
54.29618,-24.73215
59.79618,-23.53215
61.29618,-21.13215
58.59618,-19.13215
56.39618,-16.83215
54.29618,-14.43215
50.49618,-12.33215
46.79618,-9.332148
44.79618,-6.632147
43.39618,-4.532147
41.99618,-2.432147
40.79618,-0.1321472
39.59618,2.067853
38.69618,3.567853
38.59618,4.867853
38.99618,6.467853
38.99618,8.867853
38.59618,11.96785
38.39618,15.46785
38.39618,19.16785
38.39618,22.46785
38.89618,24.96785
39.49618,26.96785
38.69618,28.46785
36.49618,29.56785
32.69618,29.86785
27.89618,28.76785
22.19618,24.56785
16.69618,17.16785
11.49618,6.767853
6.696182,-4.532147
39.29618,5.667853
41.59618,10.06785
43.89618,14.36785
45.69618,18.46785
45.59618,21.36785
43.29618,22.16785
39.29618,19.56785
36.19618,15.06785
34.59618,11.06785
32.99618,7.967853
30.79618,4.367853
29.39618,-0.2321472
29.59618,-3.932147
29.79618,-5.732147
28.99618,-6.732147
28.89618,-8.732147
31.69618,-9.732147
35.09618,-7.532147
36.59618,-2.232147
36.19618,3.267853
34.79618,7.867853
33.69618,11.16785
33.89618,12.46785
35.39618,12.06785
37.29618,10.56785
39.09618,8.767853
39.79618,6.967853
39.59618,4.367853
40.49618,0.7678528
42.99618,-2.432147
45.49618,-4.332147
46.49618,-6.132147
46.89618,-9.132148
48.89618,-13.23215
52.99618,-17.93215
57.69618,-22.53215
63.09618,-24.53215
68.09618,-22.63215
67.79618,-17.73215
62.29618,-13.13215
55.89618,-9.632148
52.49618,-6.332147
50.09618,-3.932147
45.89618,-2.432147
41.39618,-1.132147
37.79618,-0.4321472
34.89618,-0.4321472
32.89618,-0.3321472
31.89618,0.9678528
30.49618,2.767853
29.39618,4.467853
29.69618,5.367853
31.09618,6.467853
32.19618,8.167853
32.69618,11.16785
32.69618,14.86785
32.19618,18.86785
31.59618,22.56785
31.89618,25.56785
32.99618,28.16785
34.69618,30.26785
35.49618,31.96785
33.99618,32.56785
30.09618,31.96785
24.09618,29.26785
17.99618,23.76785
13.09618,14.26785
8.996182,2.867853
33.39618,2.867853
37.69618,6.267853
40.79618,10.46785
43.29618,14.96785
45.09618,18.66785
45.59618,20.66785
43.99618,20.16785
41.69618,17.56785
39.19618,14.16785
36.69618,11.06785
33.59618,7.967853
31.19618,4.267853
30.39618,1.067853
29.99618,-1.432147
29.19618,-4.232147
29.99618,-7.832147
33.79618,-9.232147
36.99618,-6.832147
36.99618,-2.232147
35.79618,1.767853
34.29618,5.367853
33.29618,8.167853
33.79618,8.967853
35.99618,7.567853
38.99618,4.567853
42.59618,1.267853
46.09618,-0.7321472
48.29618,-2.332147
50.59618,-4.832147
54.79618,-7.132147
58.59618,-8.232147
60.09618,-9.732147
60.69618,-13.13215
62.79618,-17.03215
65.99618,-19.03215
67.99618,-18.23215
67.69618,-14.93215
66.39618,-11.43215
62.89618,-8.832148
57.29618,-5.732147
51.69618,-1.532147
47.49618,2.167853
42.89618,3.767853
37.69618,4.367853
32.89618,4.567853
29.29618,4.467853
26.99618,4.567853
25.39618,4.467853
23.89618,4.167853
21.89618,4.267853
19.99618,4.767853
19.19618,5.067853
20.59618,5.767853
22.89618,7.567853
25.09618,10.56785
26.59618,13.96785
27.29618,17.76785
27.09618,21.26785
26.39618,24.16785
26.59618,26.56785
28.49618,29.46785
30.99618,32.46785
32.39618,34.36786
31.69618,34.46785
27.59618,32.36786
21.39618,27.66785
15.49618,18.96785
11.69618,8.067853
27.39618,2.467853
32.79618,4.767853
36.99618,8.367853
39.59618,12.26785
41.49618,15.96785
43.29618,18.66785
44.69618,19.76785
44.99618,19.46785
43.19618,17.86785
40.09618,15.06785
36.29618,11.36785
33.49618,7.567853
32.29618,4.567853
31.39618,1.367853
30.39618,-3.332147
31.39618,-8.432147
35.29618,-9.232147
37.59618,-5.932148
36.69618,-2.232147
35.39618,6.79E-02
34.39618,2.467853
33.59618,4.267853
34.39618,5.067853
36.29618,3.967853
38.89618,0.1678528
42.99618,-4.932148
49.29618,-8.332148
54.69618,-9.732147
58.69618,-10.93215
63.69618,-12.63215
67.89618,-13.93215
69.29618,-15.53215
69.49618,-17.13215
70.39618,-17.63215
70.79618,-14.93215
68.29618,-10.13215
63.49618,-5.832147
60.79618,-3.932147
61.49618,-2.732147
60.59618,-0.3321472
57.49618,4.167853
53.19618,8.767853
46.89618,11.86785
38.69618,12.76785
29.79618,10.86785
22.19618,8.167853
17.59618,6.167853
15.39618,5.367853
15.19618,5.467853
14.69618,5.767853
12.89618,5.467853
11.09618,5.067853
10.79618,5.267853
11.99618,6.567853
14.39618,9.267853
17.09618,12.56785
19.89618,16.06785
21.69618,19.56785
21.89618,22.26785
21.99618,24.16785
23.49618,26.66785
25.79618,30.16785
28.39618,33.86786
30.49618,35.96785
30.09618,35.36786
25.99618,31.16785
19.79618,22.06785
15.59618,10.86785
24.49618,2.267853
29.19618,4.667853
33.09618,7.967853
35.49618,11.06785
36.89618,13.86785
38.39618,16.46785
40.29618,18.06785
42.29618,18.96785
42.69618,19.06785
40.59618,17.76785
36.79618,14.06785
33.59618,9.367853
31.99618,5.267853
30.69618,1.667853
28.99618,-3.432147
29.89618,-9.332148
34.29618,-10.63215
37.69618,-7.732147
37.89618,-5.032147
37.79618,-3.332147
37.39618,-1.332147
36.39618,6.79E-02
37.09618,0.6678528
38.59618,0.5678528
39.19618,-1.832147
40.79618,-6.532147
46.29618,-11.53215
53.19618,-15.03215
58.69618,-17.23215
63.19618,-18.93215
66.49618,-20.13215
67.99618,-20.33215
68.19618,-18.83215
68.39618,-16.33215
67.29618,-13.13215
64.19618,-9.932147
60.89618,-7.332147
60.19618,-5.632147
62.59618,-2.832147
62.79618,2.067853
59.59618,8.567853
55.39618,15.16785
50.69618,22.06785
44.29618,27.26785
35.29618,27.06785
25.49618,21.46785
15.49618,12.56785
7.396183,4.967853
3.696182,1.467853
2.896182,0.5678528
3.296182,0.9678528
3.696182,1.567853
3.996182,2.367853
4.496182,3.767853
5.596182,6.167853
7.596182,9.067853
10.89618,12.46785
14.49618,16.16785
16.59618,19.56785
18.09618,21.76785
19.89618,23.36785
22.09618,25.96785
24.39618,30.06785
26.89618,33.66785
28.99618,35.56785
28.69618,33.96785
24.99618,25.16785
21.89618,12.56785
22.99618,0.1678528
26.79618,2.667853
30.09618,6.167853
31.99618,9.267853
33.39618,11.96785
34.59618,14.36785
35.79618,15.96785
37.69618,16.66785
39.19618,17.16785
38.99618,17.06785
36.39618,14.86785
33.69618,10.36785
31.89618,5.267853
30.29618,1.067853
28.89618,-3.632147
30.29618,-9.132148
36.19618,-11.43215
41.49618,-10.33215
43.49618,-8.532147
44.19618,-6.732147
43.79618,-4.632147
42.29618,-3.432147
42.19618,-3.232147
43.29618,-3.032147
42.99618,-3.832147
41.69618,-6.632147
43.09618,-11.43215
47.89618,-16.73215
53.69618,-20.73215
57.99618,-23.13215
60.69618,-23.83215
62.79618,-23.23215
63.89618,-20.93215
63.69618,-18.63215
62.29618,-16.63215
60.19618,-14.23215
56.99618,-11.13215
54.19618,-8.332148
53.19618,-4.132147
51.49618,1.467853
48.39618,7.667853
44.79618,14.86785
40.79618,23.36785
35.99618,31.96785
30.19618,37.46785
24.29618,36.06785
16.79618,25.76785
7.896183,12.86785
-0.7038178,2.767853
-7.003818,-3.532147
-8.703818,-5.832147
-7.403818,-6.132147
-4.603818,-4.732147
-1.803818,-2.532147
0.1961823,0.3678528
1.696182,3.567853
4.296182,6.967853
7.896183,11.06785
11.29618,15.56785
13.99618,18.86785
16.49618,20.36785
18.99618,22.26785
21.29618,25.76785
23.59618,29.26785
26.09618,32.26785
28.09618,33.66785
28.19618,27.96785
27.89618,15.86785
21.09618,-3.032147
24.39618,-0.8321472
27.49618,2.567853
29.19618,5.967853
30.39618,9.067853
31.99618,12.06785
33.29618,14.26785
34.29618,14.86785
35.39618,14.36785
36.09618,13.66785
35.59618,12.36785
34.79618,9.167853
34.69618,4.067853
34.99618,-1.132147
36.09618,-6.032147
39.29618,-10.53215
44.89618,-12.43215
49.29618,-12.03215
50.59618,-10.63215
50.59618,-8.932147
49.59618,-7.132147
48.39618,-6.032147
48.09618,-5.432148
48.59618,-5.332147
48.49618,-6.332147
47.49618,-8.232147
46.69618,-11.33215
47.99618,-15.03215
50.99618,-18.43215
53.79618,-20.73215
55.39618,-21.73215
56.89618,-21.83215
57.39618,-21.53215
56.49618,-21.13215
54.99618,-20.03215
53.39618,-17.83215
49.89618,-14.53215
45.89618,-10.53215
45.09618,-5.032147
45.99618,1.167853
45.59618,7.267853
43.39618,13.96785
37.99618,21.76785
30.59618,30.56785
22.89618,38.06785
17.19618,39.76785
13.19618,32.46785
9.696182,21.96785
3.996182,12.26785
-4.003818,4.067853
-11.30382,-3.032147
-15.30382,-8.832148
-14.40382,-11.43215
-10.30382,-11.13215
-5.203818,-8.232147
-1.503818,-3.932147
0.9961823,0.3678528
4.096182,4.867853
7.496182,10.36785
10.79618,15.16785
13.49618,17.66785
15.69618,19.56785
17.89618,22.76785
20.39618,25.76785
22.79618,27.66785
24.99618,29.56785
27.19618,28.46785
29.69618,20.86785
18.79618,-6.332147
21.29618,-4.332147
24.69618,-1.132147
26.59618,2.367853
27.39618,5.367853
28.99618,8.467853
30.79618,11.26785
31.69618,12.86785
32.39618,11.86785
33.49618,9.767853
34.49618,7.767853
35.19618,5.067853
37.19618,0.2678528
40.49618,-5.332147
44.49618,-9.932147
48.59618,-13.03215
51.89618,-13.73215
53.09618,-13.03215
52.69618,-11.83215
51.69618,-10.73215
50.49618,-9.832148
49.49618,-9.232147
49.19618,-9.032147
49.29618,-9.432147
49.69618,-10.73215
50.19618,-12.43215
50.19618,-13.83215
49.69618,-14.93215
49.39618,-15.63215
49.19618,-16.03215
48.59618,-15.93215
47.79618,-15.83215
46.39618,-15.63215
44.39618,-15.23215
43.09618,-14.03215
42.29618,-12.83215
40.79618,-11.13215
39.79618,-7.732147
41.49618,-1.732147
43.49618,4.767853
42.99618,11.26785
40.79618,17.36785
35.39618,23.96785
27.59618,32.26785
20.69618,39.86786
14.69618,41.06785
10.29618,34.16785
8.696182,26.56785
7.496182,21.36785
2.396182,16.16785
-6.903818,7.267853
-15.40382,-3.532147
-19.20382,-12.13215
-17.60382,-16.93215
-11.20382,-16.13215
-4.503818,-11.73215
-0.2038178,-6.232147
2.496182,-1.132147
4.996182,4.967853
8.096183,10.86785
10.89618,14.36785
12.69618,16.56785
14.19618,19.66785
16.59618,22.96785
19.39618,24.06785
21.39618,24.26785
23.69618,24.96785
27.49618,22.36785
15.89618,-9.132148
17.59618,-7.332147
20.99618,-4.232147
23.49618,-0.6321473
24.39618,2.167853
25.69618,4.367853
27.69618,6.567853
29.29618,8.567853
30.49618,8.367853
32.19618,5.967853
34.19618,3.167853
35.59618,0.4678528
37.69618,-4.032147
41.59618,-9.432147
45.69618,-13.33215
48.89618,-15.33215
50.29618,-15.63215
49.89618,-15.33215
48.19618,-14.93215
46.49618,-14.63215
44.99618,-14.13215
43.89618,-13.83215
42.99618,-13.83215
42.59618,-14.03215
42.59618,-14.23215
42.99618,-14.53215
42.89618,-14.63215
41.79618,-13.93215
39.99618,-12.13215
38.79618,-9.932147
38.09618,-8.132148
37.59618,-7.132147
37.49618,-6.432148
37.69618,-5.532147
37.79618,-4.132147
37.19618,-3.532147
36.19618,-3.632147
35.59618,-2.332147
35.29618,0.7678528
35.29618,5.167853
35.89618,12.06785
35.29618,19.66785
30.09618,26.76785
22.89618,34.66785
18.29618,41.46785
15.19618,42.06785
11.09618,35.96785
8.096183,30.46785
7.196182,28.76785
3.296182,26.26785
-5.203818,16.46785
-13.30382,2.767853
-18.10382,-9.432147
-18.60382,-18.13215
-13.80382,-21.03215
-6.503818,-18.53215
-0.1038178,-12.23215
2.996182,-5.932148
3.696182,0.4678528
5.696182,6.867853
8.396182,10.96785
10.09618,13.26785
10.99618,15.76785
12.89618,19.16785
15.79618,20.76785
18.09618,20.16785
19.89618,19.16785
23.09618,17.66785
13.09618,-11.43215
13.69618,-10.03215
16.59618,-7.032147
19.49618,-3.332147
20.99618,-0.4321472
21.99618,0.8678528
23.99618,1.967853
26.29618,3.467853
28.39618,3.867853
30.99618,1.867853
34.09618,-1.132147
36.19618,-3.532147
37.59618,-6.232147
40.19618,-9.632148
42.89618,-12.03215
44.29618,-13.73215
44.69618,-15.13215
43.79618,-16.33215
41.09618,-16.73215
38.29618,-16.73215
36.69618,-16.33215
35.59618,-16.03215
34.59618,-15.43215
33.89618,-14.43215
33.39618,-12.73215
32.89618,-11.13215
32.39618,-10.03215
31.99618,-8.732147
31.69618,-6.432148
31.79618,-3.932147
31.99618,-1.932147
31.89618,-1.132147
32.99618,-1.332147
34.89618,-1.832147
35.89618,-1.532147
35.29618,-0.9321472
33.69618,0.6678528
31.49618,2.967853
28.69618,4.967853
27.89618,5.967853
31.39618,10.46785
33.49618,19.16785
26.99618,27.56785
17.99618,34.76785
15.19618,40.56785
16.29618,42.56785
13.89618,40.16785
10.09618,37.26785
8.196182,37.36786
4.196182,35.66785
-3.603818,24.26785
-10.80382,7.067853
-14.40382,-7.832147
-14.70382,-18.43215
-12.10382,-23.93215
-6.303818,-23.73215
1.096182,-17.53215
4.296182,-10.23215
3.396182,-3.032147
3.796182,3.767853
5.896183,8.267853
7.296182,10.46785
8.196182,12.06785
10.09618,14.56785
12.79618,16.66785
15.19618,16.56785
16.89618,14.76785
19.09618,12.16785
11.09618,-12.83215
11.69618,-11.73215
13.29618,-9.432147
15.69618,-6.032147
17.49618,-2.832147
18.59618,-1.432147
20.39618,-1.532147
22.99618,-1.032147
25.29618,-0.6321473
28.19618,-2.532147
32.39618,-5.832147
35.39618,-7.932148
36.69618,-8.632148
38.49618,-8.932147
40.49618,-8.832148
40.79618,-9.232147
39.49618,-10.43215
37.19618,-11.13215
33.79618,-9.732147
30.79618,-7.832147
29.29618,-7.632147
28.79618,-8.632148
28.69618,-9.432147
28.89618,-9.732147
28.79618,-9.632148
28.39618,-9.332148
28.69618,-8.832148
29.79618,-7.932148
30.69618,-6.632147
31.19618,-4.932148
30.69618,-2.932147
29.49618,-0.8321472
28.09618,0.4678528
27.59618,0.2678528
27.39618,-0.9321472
27.09618,-1.932147
27.19618,6.79E-02
26.39618,4.867853
23.39618,9.567853
22.59618,10.66785
27.49618,11.06785
30.89618,17.56785
22.89618,24.96785
12.89618,30.06785
14.09618,35.16785
19.49618,40.96785
17.69618,43.36786
13.29618,41.76785
10.59618,40.96785
6.796182,39.56785
1.896182,28.66785
-2.603818,10.46785
-5.103818,-5.932148
-5.803818,-17.23215
-5.503818,-24.23215
-2.003818,-26.13215
4.096182,-20.43215
5.996182,-12.23215
3.596182,-4.532147
2.896182,2.167853
3.996182,6.267853
4.896183,8.167853
6.296182,9.167853
9.096183,10.66785
11.79618,11.86785
13.89618,11.96785
15.89618,10.26785
17.79618,7.567853
9.696182,-13.03215
10.99618,-12.33215
11.99618,-11.13215
13.59618,-8.732147
15.29618,-5.132147
16.29618,-3.032147
17.89618,-3.832147
20.19618,-4.732147
22.09618,-4.832147
24.69618,-6.532147
29.29618,-9.632148
32.99618,-11.63215
33.79618,-12.03215
34.59618,-11.73215
36.29618,-10.73215
36.89618,-10.03215
35.39618,-9.532147
32.59618,-8.332148
29.49618,-4.732147
26.99618,-0.9321472
25.49618,-3.21E-02
24.09618,-1.432147
23.59618,-3.432147
23.69618,-5.332147
24.19618,-7.932148
24.59618,-10.93215
25.49618,-12.23215
26.39618,-11.53215
26.69618,-9.432147
26.29618,-7.332147
25.99618,-5.132147
25.09618,-2.632147
23.09618,0.3678528
20.99618,2.567853
19.09618,2.267853
18.19618,0.3678528
19.59618,-0.1321472
19.99618,2.067853
17.49618,8.367853
17.29618,12.16785
22.09618,12.96785
25.09618,17.26785
17.79618,22.86785
11.19618,25.16785
17.89618,28.56785
23.99618,36.96785
20.99618,42.46785
17.29618,41.46785
14.49618,39.56785
11.29618,37.56785
10.29618,28.06785
9.296183,11.96785
6.896183,-2.932147
4.796182,-13.63215
3.396182,-21.23215
4.996182,-24.33215
8.096183,-19.03215
7.296182,-11.63215
4.096182,-5.032147
2.696182,0.7678528
2.996182,4.467853
3.096182,5.867853
4.996182,6.667853
9.096183,7.267853
12.29618,7.267853
14.49618,6.467853
17.59618,4.867853
20.29618,2.667853
8.996182,-12.93215
11.59618,-12.13215
12.99618,-11.73215
14.39618,-10.03215
15.79618,-6.332147
16.39618,-4.032147
17.69618,-4.932148
19.69618,-6.632147
20.69618,-7.232147
21.89618,-9.132148
25.89618,-12.23215
29.99618,-14.03215
30.69618,-14.13215
30.09618,-14.33215
29.99618,-14.13215
29.99618,-13.23215
29.29618,-11.43215
27.59618,-9.032147
25.29618,-5.632147
23.29618,-2.232147
21.89618,-0.7321472
20.39618,-1.032147
18.69618,-2.132147
17.39618,-3.432147
16.99618,-5.532147
17.29618,-8.832148
17.69618,-11.53215
17.89618,-11.73215
16.89618,-9.132148
15.69618,-6.332147
15.49618,-4.432148
15.99618,-3.032147
16.19618,-1.332147
15.59618,0.9678528
13.99618,2.767853
12.69618,3.967853
13.59618,3.267853
14.19618,1.867853
13.69618,5.467853
14.49618,11.06785
17.09618,13.86785
19.59618,15.36785
15.89618,17.86785
15.99618,19.46785
24.59618,24.26785
28.19618,33.16785
25.99618,38.16785
24.59618,37.96785
21.29618,35.86786
18.59618,32.56785
20.69618,24.66785
22.49618,13.36785
20.59618,1.967853
18.09618,-7.932148
15.79618,-15.23215
14.29618,-17.83215
12.09618,-14.13215
7.996182,-9.132148
3.996182,-4.032147
2.196182,0.9678528
1.696182,3.767853
1.596182,4.367853
4.896183,4.067853
10.69618,3.567853
14.39618,2.567853
17.89618,0.6678528
23.29618,-1.332147
27.29618,-2.432147
9.696182,-13.33215
13.49618,-12.33215
15.59618,-11.93215
16.99618,-10.33215
17.69618,-7.132147
17.69618,-5.332147
19.09618,-6.632147
21.59618,-8.132148
21.99618,-8.432147
20.99618,-9.932147
22.49618,-13.33215
25.89618,-15.43215
27.29618,-15.23215
26.09618,-14.83215
23.49618,-14.93215
20.59618,-14.33215
18.49618,-11.73215
16.99618,-8.632148
15.69618,-5.932148
14.79618,-3.632147
14.89618,-1.932147
15.19618,-1.532147
14.39618,-2.132147
12.89618,-2.932147
11.49618,-3.932147
10.39618,-5.732147
9.996182,-8.132148
9.496182,-9.332148
8.496182,-8.132148
7.196182,-6.032147
6.696182,-3.832147
6.896183,-2.532147
8.096183,-2.832147
9.596183,-2.332147
9.896182,0.5678528
9.596183,4.067853
9.996182,5.467853
11.59618,3.667853
13.59618,4.767853
13.69618,10.06785
14.89618,12.66785
17.89618,10.46785
19.29618,9.867853
23.59618,13.16785
29.89618,20.06785
32.29618,27.26785
33.59618,31.86785
34.19618,34.06785
30.29618,32.86786
26.99618,28.86785
28.69618,22.26785
30.79618,14.56785
29.69618,5.967853
27.09618,-2.732147
22.69618,-8.332148
17.19618,-9.332148
11.29618,-6.532147
5.996182,-3.232147
3.096182,0.4678528
1.996182,3.367853
1.896182,3.667853
2.696182,2.467853
7.496182,0.6678528
13.99618,-0.7321472
17.99618,-2.632147
23.29618,-5.932148
30.69618,-8.032147
34.69618,-7.932148
13.29618,-13.93215
17.39618,-12.13215
18.99618,-11.33215
19.49618,-10.13215
19.59618,-8.732147
19.89618,-8.332148
21.99618,-9.132148
25.49618,-9.232147
26.39618,-8.032147
24.29618,-8.232147
22.29618,-11.13215
22.59618,-14.23215
23.69618,-15.03215
23.49618,-14.73215
21.49618,-14.33215
18.99618,-13.03215
17.29618,-9.532147
16.49618,-5.732147
15.59618,-3.532147
14.09618,-2.532147
12.69618,-1.932147
11.89618,-1.732147
11.29618,-1.932147
10.09618,-2.532147
8.196182,-3.032147
5.996182,-3.832147
4.196182,-4.932148
2.896182,-5.932148
1.996182,-6.332147
1.796182,-6.132147
2.196182,-4.832147
2.596182,-3.632147
4.196182,-4.732147
6.696182,-5.132147
7.496182,-2.232147
7.796182,1.467853
8.696182,3.667853
11.89618,2.767853
13.49618,4.367853
13.19618,8.667853
15.59618,8.667853
20.99618,3.967853
26.19618,3.367853
31.49618,8.167853
35.79618,14.36785
39.09618,19.46785
42.09618,25.06785
42.89618,30.06785
40.69618,30.96785
37.39618,28.16785
35.19618,21.56785
33.89618,14.06785
31.29618,7.667853
27.79618,2.767853
23.49618,0.9678528
19.19618,1.367853
15.29618,2.567853
12.39618,3.467853
10.99618,4.067853
10.49618,3.867853
10.29618,2.167853
10.99618,-0.5321472
14.69618,-3.132147
18.99618,-5.032147
22.69618,-8.232147
29.39618,-12.73215
35.79618,-14.23215
38.09618,-13.13215
18.59618,-13.83215
21.29618,-10.83215
21.49618,-10.13215
21.29618,-10.23215
21.79618,-11.13215
22.99618,-11.83215
25.49618,-11.13215
28.89618,-9.432147
30.29618,-7.832147
29.39618,-7.532147
27.89618,-9.432147
27.69618,-11.63215
29.09618,-11.73215
29.99618,-10.43215
29.99618,-8.032147
29.29618,-4.932148
28.49618,-1.232147
26.89618,1.767853
24.29618,2.967853
20.79618,2.667853
16.89618,1.467853
13.49618,0.2678528
11.39618,-0.4321472
9.596183,-0.9321472
7.496182,-1.332147
4.496182,-1.832147
1.596182,-2.332147
-1.203818,-3.032147
-3.403818,-4.032147
-4.503818,-5.232147
-3.803818,-5.532147
-2.103818,-5.132147
0.7961823,-5.532147
3.596182,-5.732147
4.896183,-3.832147
5.796182,-1.132147
7.496182,0.8678528
11.59618,1.067853
12.79618,3.267853
13.29618,5.167853
18.09618,1.567853
25.39618,-3.032147
31.89618,-1.232147
37.19618,4.567853
40.69618,9.767853
43.89618,14.16785
45.99618,19.16785
46.99618,23.36785
47.79618,26.06785
47.49618,26.66785
45.19618,22.76785
42.29618,16.26785
38.69618,10.76785
35.39618,7.167853
33.89618,6.267853
32.69618,6.567853
30.69618,6.967853
27.89618,6.867853
25.09618,5.867853
22.69618,3.867853
21.19618,0.7678528
20.69618,-2.832147
22.09618,-5.832147
23.79618,-8.532147
27.09618,-13.03215
33.19618,-18.03215
37.19618,-18.83215
38.39618,-17.23215
22.19618,-12.33215
23.69618,-9.632148
23.19618,-10.03215
23.19618,-11.83215
24.39618,-13.83215
26.09618,-14.03215
27.89618,-12.23215
30.19618,-10.33215
31.99618,-9.632148
33.09618,-9.832148
33.79618,-9.732147
34.29618,-8.732147
34.29618,-6.432148
33.49618,-3.632147
31.59618,-0.9321472
29.39618,1.967853
27.19618,4.767853
24.39618,6.567853
21.29618,7.367853
18.49618,6.567853
15.89618,4.867853
13.39618,3.367853
11.09618,2.367853
8.996182,1.967853
7.096182,1.967853
4.796182,2.067853
2.096182,1.967853
-0.7038178,1.167853
-3.603818,-0.4321472
-6.703818,-2.632147
-7.803818,-4.432148
-7.003818,-5.532147
-4.303818,-6.732147
-0.8038177,-7.232147
2.496182,-6.332147
4.596182,-4.032147
7.396183,-1.732147
11.49618,-0.2321472
12.49618,1.267853
13.79618,6.79E-02
19.69618,-5.332147
26.69618,-8.132148
31.99618,-4.132147
36.09618,2.067853
38.69618,7.067853
39.79618,11.66785
40.59618,14.86785
42.09618,16.76785
44.79618,19.96785
48.09618,22.96785
49.69618,23.26785
49.69618,21.06785
48.09618,16.56785
45.59618,12.06785
43.79618,9.567853
42.29618,9.267853
39.59618,10.36785
35.99618,10.56785
32.29618,9.167853
29.39618,5.867853
27.39618,1.067853
25.89618,-3.132147
25.79618,-6.232147
26.99618,-10.23215
29.69618,-16.33215
33.39618,-21.33215
35.99618,-21.43215
37.99618,-19.23215
24.19618,-10.73215
25.19618,-9.932147
24.99618,-11.63215
24.99618,-14.23215
26.29618,-15.73215
27.69618,-15.13215
29.29618,-13.53215
31.19618,-12.23215
32.59618,-11.63215
33.09618,-10.73215
32.59618,-8.732147
30.89618,-5.732147
28.69618,-2.932147
26.49618,-0.7321472
24.49618,1.367853
22.39618,3.767853
20.59618,6.467853
18.09618,8.667853
15.29618,9.467853
13.09618,8.067853
11.99618,5.667853
11.09618,4.367853
9.096183,4.167853
6.696182,4.267853
4.396183,4.767853
2.296182,5.567853
0.2961822,6.567853
-1.603818,6.267853
-3.303818,4.067853
-5.503818,0.8678528
-6.503818,-2.932147
-7.203818,-6.632147
-5.703818,-8.432147
-2.403818,-9.232147
1.196182,-9.132148
3.896182,-7.232147
7.896183,-3.732147
11.39618,-1.132147
12.19618,-1.432147
14.09618,-5.332147
19.49618,-10.63215
25.89618,-11.63215
29.99618,-5.932148
31.59618,0.6678528
32.69618,4.967853
32.49618,8.367853
32.19618,10.36785
33.89618,11.86785
37.49618,15.26785
41.49618,18.16785
44.19618,20.46785
46.39618,22.06785
48.09618,21.46785
48.09618,19.86785
46.59618,18.86785
44.19618,18.46785
41.09618,17.56785
37.79618,14.56785
34.89618,10.26785
32.39618,6.267853
29.79618,2.267853
27.39618,-1.432147
26.99618,-5.032147
28.39618,-10.73215
29.89618,-18.33215
31.69618,-23.63215
34.49618,-23.03215
36.79618,-19.33215
26.59618,-10.13215
27.29618,-10.93215
26.99618,-13.13215
26.59618,-15.53215
27.39618,-16.33215
28.79618,-15.63215
30.49618,-14.23215
31.49618,-12.63215
30.49618,-10.63215
28.39618,-8.532147
25.99618,-5.932148
23.69618,-3.532147
22.39618,-1.432147
21.79618,0.5678528
21.29618,2.867853
20.29618,5.367853
18.29618,7.967853
15.29618,10.66785
12.09618,11.86785
9.796183,10.16785
9.396182,6.767853
9.396182,5.367853
7.996182,6.067853
5.896183,6.667853
3.396182,6.467853
1.196182,6.867853
-0.5038177,8.167853
-2.103818,8.667853
-3.703818,6.367853
-5.103818,2.567853
-4.103818,-3.332147
-3.603818,-8.832148
-3.303818,-10.73215
-2.303818,-11.53215
-3.82E-03,-11.53215
3.096182,-10.03215
7.696182,-5.932148
11.09618,-3.132147
12.09618,-5.332147
13.89618,-10.23215
18.39618,-14.43215
23.99618,-13.93215
26.59618,-7.232147
25.69618,-0.3321472
26.49618,2.667853
28.29618,3.667853
28.79618,4.467853
30.19618,6.767853
32.49618,11.06785
34.89618,14.36785
36.89618,15.96785
38.69618,17.86785
40.69618,19.76785
42.79618,21.16785
43.99618,22.26785
42.49618,22.86785
39.09618,22.36785
36.69618,19.66785
35.49618,14.16785
33.99618,9.067853
31.19618,5.867853
28.29618,2.467853
27.39618,-3.032147
28.09618,-10.43215
28.19618,-18.63215
29.39618,-24.13215
32.39618,-22.33215
33.49618,-17.83215
29.79618,-10.43215
30.39618,-12.33215
29.29618,-14.53215
28.39618,-16.53215
28.99618,-16.93215
29.99618,-15.93215
30.39618,-13.63215
29.09618,-10.93215
26.19618,-8.532147
23.29618,-6.532147
21.59618,-4.132147
21.09618,-2.132147
21.19618,-0.4321472
20.99618,1.567853
20.09618,3.767853
18.59618,5.567853
16.29618,7.467853
13.19618,10.06785
9.896182,11.96785
7.596182,10.66785
7.196182,7.267853
6.896183,5.867853
5.596182,7.567853
4.596182,8.567853
3.596182,7.767853
2.696182,7.267853
2.496182,8.667853
1.796182,10.16785
-0.3038177,8.767853
-2.403818,4.367853
-1.203818,-4.332147
9.62E-02,-11.73215
-0.3038177,-13.53215
-1.003818,-13.03215
-0.3038177,-13.03215
2.596182,-12.53215
7.296182,-8.432147
10.89618,-5.832147
12.19618,-9.132148
13.49618,-13.93215
16.99618,-17.23215
20.69618,-16.63215
20.99618,-10.13215
19.29618,-3.532147
21.79618,-0.9321472
26.09618,-0.7321472
27.49618,-0.7321472
27.29618,0.6678528
27.69618,4.667853
29.59618,8.767853
32.29618,10.36785
33.99618,11.26785
35.19618,13.96785
36.49618,16.66785
37.99618,18.16785
37.49618,18.36785
35.09618,18.76785
34.49618,19.86785
35.19618,18.76785
34.49618,15.36785
32.49618,11.06785
30.09618,5.767853
28.59618,-1.532147
28.19618,-10.33215
27.39618,-18.33215
27.79618,-21.93215
29.39618,-18.33215
28.59618,-14.93215
33.69618,-9.832148
33.59618,-12.53215
31.99618,-14.73215
30.89618,-16.13215
30.49618,-16.03215
29.69618,-14.23215
27.69618,-11.03215
25.49618,-7.932148
23.69618,-5.832147
22.59618,-3.832147
22.69618,-1.332147
23.19618,1.067853
22.69618,3.067853
21.09618,4.667853
18.79618,5.867853
16.89618,6.667853
15.39618,8.267853
13.49618,10.66785
11.09618,11.96785
9.296183,10.56785
7.896183,6.967853
5.796182,5.467853
3.696182,6.767853
3.496182,7.767853
3.796182,6.967853
3.396182,6.467853
3.296182,8.367853
3.596182,11.06785
2.896182,11.46785
1.596182,7.167853
1.396182,-2.432147
1.796182,-10.43215
1.196182,-11.63215
0.1961823,-10.93215
0.5961823,-12.53215
2.896182,-14.13215
6.696182,-11.13215
10.49618,-9.332148
11.89618,-13.03215
12.19618,-16.33215
14.49618,-17.83215
16.99618,-17.83215
15.79618,-13.13215
14.59618,-7.432148
17.19618,-4.332147
20.99618,-3.432147
22.49618,-3.532147
22.69618,-3.832147
24.99618,-2.332147
28.59618,1.167853
30.49618,3.467853
32.09618,4.667853
34.29618,8.467853
34.19618,12.66785
33.49618,14.56785
33.49618,13.26785
32.79618,11.06785
33.09618,12.16785
34.09618,14.86785
32.39618,16.16785
29.69618,13.76785
29.09618,8.167853
29.29618,6.79E-02
29.49618,-9.832148
28.89618,-17.33215
28.29618,-17.63215
27.99618,-12.73215
26.09618,-11.83215
35.89618,-7.232147
33.99618,-9.532147
32.09618,-11.13215
30.69618,-12.13215
29.19618,-11.93215
26.69618,-10.43215
24.09618,-7.632147
22.89618,-5.232147
22.79618,-2.932147
22.89618,-0.2321472
23.59618,2.467853
23.69618,5.067853
21.79618,7.467853
19.09618,8.967853
16.79618,9.067853
15.29618,8.867853
14.29618,10.16785
13.09618,12.66785
12.89618,13.56785
12.39618,11.86785
10.89618,8.967853
8.396182,7.267853
6.696182,7.467853
6.196182,7.667853
5.196182,7.167853
3.496182,7.367853
3.196182,9.167853
4.096182,11.06785
4.996182,11.56785
5.096182,8.867853
4.296182,1.467853
3.196182,-5.632147
1.596182,-7.932148
0.7961823,-8.932147
1.996182,-11.73215
3.496182,-14.43215
5.796182,-12.93215
9.496182,-12.43215
10.89618,-16.03215
8.896182,-17.23215
9.096183,-16.53215
11.69618,-16.43215
11.29618,-13.13215
11.29618,-8.632148
13.49618,-6.632147
15.49618,-6.132147
17.19618,-5.932148
18.59618,-6.332147
23.59618,-6.032147
28.99618,-3.432147
29.49618,-0.9321472
29.69618,1.067853
31.29618,5.467853
30.29618,9.867853
28.99618,11.86785
30.09618,10.76785
31.19618,7.967853
31.39618,7.767853
32.29618,9.567853
30.39618,11.36785
26.69618,11.26785
26.89618,7.367853
28.39618,0.4678528
29.39618,-9.132148
29.79618,-15.93215
28.79618,-14.23215
27.59618,-9.332148
25.99618,-10.03215
30.89618,-4.832147
30.19618,-6.932148
28.89618,-7.832147
27.59618,-8.332148
25.19618,-8.132148
22.19618,-7.032147
19.99618,-5.532147
19.89618,-4.032147
20.79618,-1.232147
20.99618,2.267853
21.29618,5.067853
21.09618,7.267853
18.89618,9.667853
16.79618,11.26785
15.79618,10.86785
15.29618,10.06785
14.49618,10.26785
13.49618,12.36785
14.19618,14.26785
14.69618,13.76785
13.79618,12.46785
12.89618,11.46785
12.39618,10.46785
11.59618,9.967853
10.29618,10.76785
8.996182,11.96785
7.996182,12.46785
7.496182,11.76785
7.096182,10.26785
6.996182,7.967853
6.896183,3.467853
5.896183,-1.932147
3.796182,-5.932148
2.896182,-8.832148
3.496182,-11.13215
3.496182,-12.63215
3.796182,-12.13215
6.596182,-12.03215
8.496182,-15.63215
6.196182,-17.93215
4.896183,-17.03215
6.196182,-15.03215
6.196182,-11.53215
8.596183,-7.932148
12.49618,-6.932148
14.39618,-7.732147
15.79618,-8.132148
16.89618,-8.232147
21.19618,-7.032147
25.09618,-4.132147
24.19618,-1.732147
22.69618,0.2678528
21.59618,3.567853
20.79618,6.267853
21.59618,7.567853
23.09618,8.167853
24.39618,7.667853
24.59618,7.967853
26.19618,8.867853
26.89618,9.367853
24.99618,8.167853
26.89618,4.467853
28.69618,-1.032147
28.39618,-8.132148
28.09618,-13.63215
26.09618,-12.43215
24.09618,-7.932148
22.99618,-7.232147
21.99618,-1.932147
22.99618,-4.432148
22.79618,-5.732147
22.19618,-6.632147
20.19618,-6.332147
17.09618,-5.232147
15.39618,-4.432148
15.99618,-3.732147
17.29618,-0.6321473
17.39618,3.467853
17.69618,6.267853
18.29618,7.767853
17.49618,9.067853
16.39618,10.16785
16.19618,10.26785
15.79618,9.767853
14.39618,9.267853
14.49618,10.46785
16.49618,12.86785
16.99618,13.76785
17.09618,14.06785
17.09618,13.86785
16.89618,12.56785
17.09618,12.36785
17.49618,14.56785
16.29618,16.16785
14.39618,15.86785
12.49618,13.96785
10.49618,10.96785
8.696182,7.367853
8.196182,3.267853
7.696182,-1.132147
6.196182,-5.132147
4.596182,-8.132148
3.496182,-9.032147
1.996182,-9.532147
1.196182,-10.23215
3.296182,-10.83215
5.896183,-14.03215
5.296182,-18.73215
3.996182,-18.43215
3.196182,-14.63215
2.396182,-11.13215
5.696182,-7.832147
11.09618,-6.232147
14.29618,-7.532147
16.29618,-8.732147
16.89618,-8.932147
18.79618,-6.632147
20.09618,-3.432147
18.39618,-1.532147
16.59618,-3.21E-02
14.59618,1.667853
14.29618,2.167853
16.69618,2.567853
17.39618,3.467853
17.09618,3.967853
16.69618,4.867853
18.39618,6.967853
20.09618,7.967853
19.59618,6.767853
23.79618,2.867853
27.79618,-2.232147
26.89618,-6.332147
25.19618,-9.632148
22.39618,-10.23215
19.49618,-7.632147
18.29618,-5.632147
16.89618,2.067853
15.89618,1.167853
14.49618,-0.7321472
13.79618,-2.732147
12.89618,-3.532147
11.39618,-3.832147
11.29618,-4.232147
12.49618,-3.332147
12.59618,-3.21E-02
11.79618,3.567853
11.99618,6.267853
14.09618,7.367853
16.99618,7.167853
18.99618,7.767853
18.99618,8.367853
17.89618,8.067853
17.19618,7.667853
18.89618,8.667853
20.29618,10.86785
20.19618,12.16785
21.19618,13.06785
21.19618,13.96785
20.49618,14.06785
21.19618,14.96785
20.79618,16.96785
18.29618,17.86785
15.99618,17.36785
15.59618,15.96785
14.09618,13.36785
10.89618,9.367853
8.696182,4.667853
7.596182,0.2678528
5.796182,-3.032147
3.396182,-5.032147
1.396182,-5.532147
0.1961823,-6.532147
9.62E-02,-8.832148
2.096182,-9.932147
4.896183,-12.73215
5.096182,-17.93215
4.096182,-18.53215
3.396182,-15.33215
3.496182,-12.23215
7.196182,-8.732147
12.69618,-6.532147
16.59618,-6.832147
17.99618,-7.332147
17.99618,-6.932148
19.69618,-4.632147
21.49618,-2.432147
21.29618,-1.832147
21.19618,-0.8321472
20.39618,-3.21E-02
20.69618,0.1678528
22.99618,0.4678528
22.69618,0.5678528
20.39618,0.6678528
18.49618,1.467853
18.39618,2.967853
18.29618,3.567853
16.59618,3.467853
19.39618,0.7678528
23.69618,-4.332147
23.29618,-6.532147
20.89618,-7.432148
18.49618,-9.332148
16.79618,-9.332148
16.59618,-8.232147
15.69618,2.867853
13.39618,3.067853
11.49618,1.467853
10.59618,-0.3321472
10.19618,-1.532147
9.596183,-3.032147
9.696182,-3.632147
9.896182,-2.032147
8.896182,0.9678528
7.596182,3.067853
7.696182,4.967853
9.896182,6.267853
15.39618,5.367853
21.29618,5.567853
22.79618,6.967853
21.69618,6.567853
21.19618,6.367853
22.79618,7.867853
22.99618,9.567853
22.79618,9.867853
23.89618,10.86785
23.89618,12.56785
22.79618,14.36785
23.19618,16.26785
21.99618,17.56785
18.09618,17.36785
15.99618,16.46785
16.59618,15.46785
15.99618,13.56785
12.89618,10.56785
10.29618,7.067853
8.496182,3.267853
6.196182,0.3678528
3.596182,-1.532147
2.196182,-2.632147
1.596182,-4.432148
1.396182,-7.032147
3.096182,-8.832148
5.496182,-12.23215
5.896183,-17.43215
5.796182,-18.43215
6.396183,-16.23215
8.696182,-13.23215
13.39618,-9.832148
18.29618,-7.832147
20.99618,-6.932148
21.59618,-6.232147
22.79618,-5.432148
26.99618,-3.432147
29.99618,-2.232147
30.79618,-2.132147
31.69618,-1.432147
32.09618,-0.3321472
32.29618,0.6678528
32.89618,1.567853
31.49618,2.067853
28.69618,2.667853
25.79618,3.167853
23.79618,2.667853
22.39618,1.367853
20.69618,0.9678528
20.69618,-1.132147
22.19618,-6.532147
21.59618,-9.032147
18.99618,-9.132148
16.59618,-10.63215
16.19618,-11.53215
16.79618,-11.73215
14.39618,1.267853
12.69618,0.7678528
12.29618,-0.7321472
12.09618,-1.832147
11.59618,-2.032147
10.39618,-2.232147
8.896182,-1.632147
7.996182,-0.2321472
7.696182,0.8678528
7.196182,1.367853
6.996182,2.767853
8.096183,4.167853
12.69618,3.167853
19.49618,2.667853
23.29618,4.867853
23.49618,5.767853
21.59618,5.267853
21.79618,6.367853
23.49618,8.667853
24.79618,9.467853
25.49618,10.36785
26.09618,12.26785
25.69618,14.86785
25.69618,17.36785
22.99618,18.06785
18.49618,17.06785
15.79618,15.66785
15.69618,13.76785
15.49618,11.26785
14.19618,8.967853
12.79618,6.867853
11.49618,4.567853
9.596183,2.467853
7.596182,0.8678528
6.296182,-0.8321472
5.096182,-2.732147
4.196182,-4.932148
5.796182,-8.432147
8.496182,-14.03215
9.796183,-18.03215
11.19618,-17.73215
12.99618,-16.13215
15.69618,-13.53215
19.29618,-10.63215
22.29618,-8.932147
24.49618,-7.732147
26.49618,-6.932148
30.19618,-5.632147
34.09618,-3.532147
35.39618,-2.232147
35.89618,-1.332147
36.99618,6.79E-02
37.19618,1.567853
36.79618,2.767853
35.79618,3.267853
34.09618,3.467853
32.39618,4.367853
30.69618,5.367853
28.29618,4.867853
25.99618,2.667853
25.09618,0.5678528
25.19618,-2.232147
25.19618,-7.132147
24.39618,-10.03215
22.09618,-9.732147
19.59618,-9.732147
17.89618,-10.13215
17.29618,-11.73215
11.79618,0.3678528
11.39618,0.1678528
12.49618,-0.8321472
12.39618,-1.932147
11.09618,-2.032147
8.896182,-1.632147
6.896183,-0.7321472
5.896183,-0.2321472
6.496182,-0.4321472
6.696182,-0.2321472
6.596182,1.067853
6.896183,2.467853
9.296183,1.367853
13.99618,-0.2321472
18.99618,1.367853
21.09618,3.367853
19.09618,3.267853
18.39618,3.467853
20.79618,6.467853
22.89618,9.567853
24.19618,11.76785
24.79618,14.26785
26.39618,17.46785
27.39618,19.96785
24.39618,19.86785
19.59618,18.26785
16.29618,16.46785
14.49618,13.86785
13.89618,10.46785
13.59618,7.667853
13.29618,5.667853
12.89618,3.867853
11.89618,2.467853
10.29618,1.067853
8.796183,-0.5321472
7.196182,-2.232147
6.996182,-4.832147
9.796183,-10.83215
13.59618,-17.23215
15.79618,-18.83215
17.59618,-17.23215
19.09618,-16.33215
20.49618,-14.13215
22.39618,-11.33215
25.29618,-9.532147
28.29618,-8.832148
30.69618,-8.132148
33.19618,-6.432148
33.99618,-4.732147
33.39618,-3.432147
34.39618,-1.632147
35.49618,0.1678528
35.79618,1.967853
36.09618,3.267853
35.89618,3.367853
34.79618,2.767853
33.59618,3.067853
32.49618,4.267853
30.59618,4.667853
27.89618,2.667853
27.49618,-1.532147
29.19618,-5.132147
29.69618,-7.132147
28.39618,-7.432148
26.19618,-6.232147
23.69618,-6.132147
21.29618,-7.832147
19.69618,-10.93215
12.19618,0.1678528
13.59618,0.8678528
14.39618,1.367853
13.39618,1.067853
11.39618,0.5678528
8.996182,0.2678528
6.696182,0.3678528
5.096182,0.3678528
5.196182,0.2678528
5.096182,0.5678528
4.696182,1.767853
4.996182,2.667853
6.096182,1.467853
8.096183,-0.5321472
10.99618,-0.5321472
13.69618,0.3678528
14.89618,0.6678528
15.69618,0.8678528
16.69618,2.467853
16.59618,5.867853
16.89618,10.56785
17.39618,14.46785
20.39618,18.26785
24.99618,21.76785
25.29618,22.56785
21.89618,20.86785
18.39618,18.36785
15.99618,15.46785
14.19618,11.66785
12.89618,8.167853
12.19618,5.567853
12.09618,3.467853
11.59618,2.067853
10.59618,0.4678528
9.796183,-1.332147
9.396182,-3.632147
10.99618,-8.332148
15.09618,-16.03215
18.69618,-19.63215
20.59618,-17.93215
22.19618,-16.63215
22.89618,-16.43215
22.99618,-14.53215
24.99618,-11.83215
28.49618,-10.43215
30.79618,-10.23215
31.49618,-9.332148
31.69618,-7.832147
31.29618,-6.732147
31.19618,-5.532147
32.49618,-3.732147
33.49618,-1.932147
33.69618,0.1678528
33.99618,2.367853
34.09618,3.467853
33.89618,3.167853
33.29618,2.067853
32.39618,1.767853
30.89618,2.267853
28.89618,1.567853
28.69618,-2.532147
29.89618,-5.932148
28.79618,-4.732147
25.69618,-1.532147
22.99618,0.2678528
21.29618,-0.3321472
20.29618,-3.332147
19.29618,-6.432148
13.49618,0.2678528
14.79618,6.79E-02
15.19618,0.6678528
14.79618,1.567853
12.89618,1.867853
10.19618,2.067853
7.196182,2.767853
4.896183,3.267853
4.596182,2.867853
4.096182,2.367853
2.796182,2.667853
1.996182,3.367853
2.896182,3.067853
3.496182,1.167853
2.996182,-0.5321472
3.996182,-1.132147
7.396183,-0.9321472
10.79618,-0.3321472
12.19618,-3.21E-02
11.29618,0.8678528
10.99618,6.567853
10.59618,12.16785
12.49618,16.16785
18.19618,20.76785
23.49618,24.46785
23.19618,24.16785
19.79618,21.06785
17.89618,17.96785
16.19618,13.96785
14.09618,9.967853
12.79618,6.667853
12.19618,4.067853
11.89618,2.167853
11.79618,0.2678528
12.19618,-2.232147
13.09618,-6.132147
15.89618,-13.43215
20.09618,-20.83215
21.99618,-20.03215
23.19618,-16.33215
25.69618,-15.73215
26.19618,-15.63215
25.69618,-14.33215
27.19618,-12.73215
29.09618,-11.83215
29.59618,-11.53215
29.59618,-10.33215
29.59618,-9.032147
29.49618,-8.132148
29.99618,-6.732147
30.99618,-4.532147
31.29618,-2.132147
30.49618,1.167853
29.09618,4.367853
27.79618,5.767853
27.79618,4.867853
28.99618,2.567853
29.29618,1.067853
27.99618,1.067853
26.19618,1.267853
25.29618,-0.7321472
24.79618,-3.032147
22.39618,-1.732147
18.69618,1.067853
16.29618,2.667853
15.09618,2.867853
14.49618,1.567853
12.89618,-3.21E-02
11.79618,1.767853
11.79618,1.067853
12.89618,0.5678528
13.69618,1.067853
12.29618,1.467853
9.596183,1.867853
5.996182,3.767853
3.096182,5.867853
2.496182,5.767853
1.896182,4.367853
0.2961822,4.067853
-0.7038178,5.467853
-0.9038178,6.567853
-0.4038177,5.067853
-0.6038178,1.467853
-1.803818,-1.132147
-1.603818,-1.832147
0.4961823,-1.832147
3.596182,-1.132147
4.696182,-0.8321472
4.996182,3.267853
6.196182,8.867853
6.896183,12.86785
9.696182,16.66785
17.99618,22.66785
23.39618,25.96785
20.89618,23.06785
19.19618,19.96785
18.49618,16.76785
16.99618,12.76785
15.79618,8.767853
14.69618,4.967853
14.19618,2.167853
14.89618,-0.1321472
16.19618,-3.732147
17.59618,-9.732147
20.59618,-17.93215
23.39618,-22.03215
23.39618,-18.53215
24.19618,-15.93215
26.79618,-15.43215
26.59618,-14.43215
25.69618,-14.13215
26.39618,-13.93215
26.19618,-13.33215
25.79618,-12.63215
26.19618,-11.13215
26.69618,-9.632148
27.19618,-8.532147
27.79618,-6.532147
28.09618,-3.532147
27.49618,6.79E-02
25.89618,4.567853
23.69618,8.567853
21.69618,9.567853
20.79618,7.767853
21.19618,5.067853
21.19618,3.567853
19.99618,3.467853
18.79618,3.267853
17.79618,2.167853
16.89618,0.8678528
15.49618,0.9678528
13.99618,1.767853
12.69618,2.467853
11.59618,2.867853
10.79618,2.567853
9.796183,1.467853
12.19618,4.667853
11.59618,5.467853
11.69618,4.967853
11.29618,4.467853
9.796183,3.967853
7.796182,3.367853
4.496182,4.367853
1.196182,6.267853
-0.7038178,7.167853
-2.003818,6.667853
-2.303818,7.067853
-1.303818,8.567853
-2.103818,9.167853
-4.403818,7.867853
-3.103818,4.467853
-2.703818,0.6678528
-5.203818,-1.832147
-6.803818,-3.732147
-5.503818,-3.732147
-3.803818,-1.932147
-3.203818,0.2678528
0.4961823,3.967853
2.996182,8.767853
3.196182,11.96785
11.39618,18.36785
22.19618,25.36785
22.89618,23.56785
21.19618,20.16785
21.29618,18.06785
20.19618,14.66785
18.99618,10.46785
17.79618,5.967853
17.39618,2.367853
18.19618,-0.9321472
19.69618,-6.032147
21.29618,-13.83215
23.99618,-20.63215
25.39618,-20.73215
24.09618,-16.93215
24.49618,-16.53215
25.89618,-15.83215
24.49618,-14.33215
23.39618,-14.63215
23.49618,-14.73215
23.09618,-14.13215
22.49618,-13.53215
22.69618,-12.03215
23.39618,-10.43215
24.59618,-9.232147
25.49618,-7.032147
25.19618,-3.632147
23.89618,6.79E-02
22.19618,4.167853
20.49618,7.967853
18.79618,10.16785
16.79618,9.967853
15.09618,8.167853
13.69618,6.867853
12.89618,6.767853
12.69618,6.167853
12.69618,4.567853
12.09618,2.967853
11.29618,2.667853
10.79618,3.267853
10.09618,4.067853
8.796183,4.567853
7.396183,4.767853
6.396183,4.067853
16.09618,5.767853
15.69618,6.367853
14.29618,5.267853
11.89618,4.167853
9.396182,4.867853
7.396183,5.667853
4.296182,6.267853
0.7961823,7.067853
-2.203818,7.967853
-4.303818,9.167853
-4.303818,10.96785
-1.803818,11.46785
-2.003818,8.167853
-6.803818,4.567853
-7.003818,3.267853
-4.403818,1.267853
-6.003818,-1.332147
-8.903818,-3.932147
-9.003818,-5.032147
-8.203818,-3.932147
-8.903818,-3.232147
-5.503818,-1.932147
-0.2038178,3.467853
0.3961823,7.767853
5.196182,13.06785
17.79618,22.36785
23.69618,23.86785
23.39618,20.06785
23.89618,17.86785
23.79618,14.96785
22.69618,10.76785
21.69618,6.267853
21.29618,2.167853
21.69618,-2.132147
22.79618,-8.532147
24.09618,-16.23215
25.39618,-20.13215
25.39618,-17.73215
24.09618,-15.33215
24.29618,-16.13215
24.49618,-15.93215
22.59618,-15.23215
20.69618,-15.23215
20.09618,-14.63215
19.99618,-13.83215
19.89618,-13.43215
19.59618,-12.63215
20.09618,-11.73215
21.99618,-11.03215
23.29618,-9.232147
22.29618,-6.132147
20.09618,-2.732147
17.59618,1.567853
15.79618,7.267853
14.09618,11.96785
12.29618,13.16785
11.09618,11.66785
10.29618,10.16785
9.996182,9.067853
10.39618,7.967853
10.79618,5.967853
10.39618,3.867853
9.296183,3.267853
8.596183,4.067853
8.096183,5.567853
6.896183,6.667853
4.896183,7.667853
3.096182,8.067853
19.49618,5.467853
18.29618,5.267853
15.89618,3.367853
12.89618,2.167853
10.09618,3.867853
7.396183,5.967853
3.896182,7.267853
0.2961822,7.867853
-2.703818,8.467853
-5.003818,10.46785
-5.503818,12.76785
-4.103818,12.46785
-3.503818,7.067853
-7.303818,1.467853
-9.103818,0.4678528
-7.203818,6.79E-02
-7.703818,-1.732147
-10.00382,-3.532147
-9.003818,-4.832147
-8.503818,-5.532147
-10.70382,-6.732147
-9.703818,-7.132147
-3.403818,-2.032147
-0.6038178,3.867853
1.396182,7.967853
12.19618,17.46785
22.69618,23.36785
24.39618,20.66785
24.59618,17.56785
25.49618,15.46785
25.59618,12.06785
25.79618,7.467853
25.79618,2.067853
25.29618,-3.632147
25.39618,-10.33215
25.79618,-16.63215
25.59618,-17.73215
24.69618,-14.63215
23.49618,-13.13215
23.09618,-14.33215
22.79618,-15.43215
21.19618,-16.13215
18.79618,-15.73215
17.29618,-14.33215
17.69618,-13.13215
18.09618,-12.93215
17.59618,-13.03215
17.89618,-13.13215
19.99618,-13.03215
21.09618,-11.53215
19.19618,-8.732147
15.59618,-4.832147
12.39618,2.067853
10.29618,11.56785
8.396182,18.06785
7.096182,18.16785
7.896183,14.86785
8.496182,12.76785
8.696182,11.36785
8.896182,9.867853
8.896182,8.067853
8.296183,6.167853
6.996182,5.367853
5.996182,5.967853
5.596182,7.167853
5.096182,7.967853
4.196182,8.767853
3.596182,9.567853
17.89618,5.267853
14.59618,5.567853
11.19618,4.367853
7.896183,3.467853
5.096182,4.267853
2.896182,5.667853
0.8961822,7.167853
-1.103818,8.067853
-3.003818,8.767853
-4.703818,10.36785
-5.403818,10.96785
-5.003818,10.16785
-4.703818,6.867853
-6.903818,2.867853
-8.803818,1.867853
-8.003818,1.067853
-8.603818,-1.532147
-9.703818,-4.132147
-8.503818,-5.632147
-9.003818,-7.732147
-11.00382,-10.03215
-10.80382,-11.13215
-5.703818,-6.932148
-1.303818,-0.1321472
9.62E-02,3.967853
7.296182,11.36785
19.29618,20.16785
24.49618,20.56785
24.19618,16.76785
24.89618,14.66785
25.89618,13.06785
27.49618,9.867853
28.89618,4.667853
28.39618,-1.432147
26.99618,-7.932148
25.99618,-13.53215
25.29618,-14.43215
24.79618,-12.43215
23.79618,-11.73215
22.39618,-12.73215
21.19618,-14.33215
20.09618,-15.43215
18.69618,-15.23215
17.59618,-14.13215
17.99618,-13.23215
18.39618,-13.43215
17.89618,-14.13215
18.19618,-14.83215
19.59618,-14.73215
19.49618,-13.03215
16.19618,-9.932147
11.69618,-4.932148
8.596183,4.367853
7.196182,15.36785
5.296182,21.36785
4.796182,20.16785
7.296182,15.66785
8.696182,13.26785
8.296183,12.56785
8.196182,11.66785
7.696182,10.66785
6.596182,9.567853
5.196182,8.567853
4.196182,8.067853
3.996182,8.067853
3.696182,8.067853
3.596182,8.367853
4.396183,8.867853
9.496182,9.367853
5.896183,7.967853
2.796182,5.767853
-0.8038177,4.367853
-3.803818,4.467853
-4.803818,5.267853
-3.603818,6.467853
-2.703818,7.567853
-3.403818,8.967853
-5.103818,9.567853
-6.103818,7.867853
-6.003818,6.167853
-6.203818,4.867853
-7.603818,3.467853
-7.603818,2.967853
-6.403818,1.367853
-7.303818,-2.432147
-7.903818,-5.732147
-8.403818,-7.532147
-10.40382,-10.23215
-10.60382,-13.13215
-10.00382,-14.13215
-6.403818,-10.93215
-2.203818,-3.832147
-0.4038177,1.067853
3.696182,5.967853
14.79618,14.86785
23.49618,18.96785
24.89618,15.86785
24.89618,12.56785
25.49618,11.16785
27.19618,9.767853
29.89618,6.667853
30.89618,2.567853
29.59618,-1.932147
27.79618,-6.432148
26.89618,-8.932147
26.69618,-10.03215
25.59618,-11.23215
23.29618,-12.63215
21.19618,-13.43215
20.09618,-13.83215
19.99618,-13.63215
19.99618,-13.43215
20.19618,-13.63215
19.99618,-14.53215
19.39618,-15.83215
19.59618,-16.73215
19.89618,-16.13215
18.09618,-14.23215
13.49618,-10.33215
7.996182,-3.532147
5.096182,7.267853
4.696182,17.66785
3.696182,22.56785
3.696182,21.46785
7.096182,16.56785
9.096183,12.96785
8.496182,11.86785
7.896183,11.56785
7.196182,11.66785
5.796182,10.86785
4.396183,9.167853
3.596182,7.667853
3.496182,6.967853
3.396182,7.067853
3.896182,7.667853
5.296182,8.367853
0.8961822,17.66785
-0.1038178,13.86785
-2.203818,9.667853
-5.703818,6.567853
-8.803818,5.367853
-9.903818,4.367853
-8.003818,3.867853
-5.303818,6.067853
-4.703818,9.667853
-6.203818,10.46785
-7.703818,7.467853
-7.703818,4.567853
-8.203818,2.667853
-9.303818,0.9678528
-8.003818,-3.21E-02
-6.803818,-1.932147
-7.303818,-5.132147
-6.903818,-7.632147
-8.203818,-9.732147
-9.603818,-12.33215
-8.903818,-15.23215
-7.803818,-15.63215
-5.403818,-12.93215
-2.703818,-6.832147
-0.5038177,-1.032147
2.096182,2.367853
9.796183,8.667853
19.49618,15.06785
24.29618,15.16785
25.99618,12.16785
26.39618,9.267853
27.09618,7.367853
29.39618,5.467853
31.59618,3.267853
31.79618,0.8678528
30.59618,-1.932147
29.49618,-4.932148
29.09618,-8.032147
27.69618,-11.03215
25.09618,-13.03215
22.89618,-13.33215
22.09618,-12.63215
22.39618,-12.23215
22.69618,-12.63215
22.39618,-13.73215
21.69618,-15.33215
20.99618,-16.93215
20.99618,-17.63215
19.89618,-16.33215
16.29618,-13.63215
10.09618,-7.832147
3.796182,1.667853
1.396182,12.26785
2.196182,20.06785
2.496182,23.56785
2.596182,23.26785
4.696182,18.76785
6.896183,13.76785
6.996182,10.76785
6.696182,10.16785
6.296182,11.16785
5.596182,10.76785
4.796182,8.267853
4.296182,5.967853
3.896182,5.967853
3.796182,7.067853
5.296182,8.267853
7.896183,9.367853
