U,V
4.298636,-3
4.398636,-2.9
4.398636,-2.8
4.498636,-2.7
4.598636,-2.6
4.598636,-2.4
4.698636,-2.3
4.798636,-2.2
4.798636,-2.1
4.898636,-2
4.898636,-1.8
4.998636,-1.7
4.998636,-1.6
5.098636,-1.4
5.098636,-1.3
5.098636,-1.2
5.198636,-1
5.198636,-0.9
5.198636,-0.8
5.198636,-0.6
5.198636,-0.5
5.198636,-0.3
5.198636,-0.2
5.298636,-1.00E-01
5.298636,1.00E-01
5.198636,0.2
5.198636,0.3
5.198636,0.5
5.198636,0.6
5.198636,0.7
5.198636,0.9
5.198636,1
5.098636,1.2
5.098636,1.3
5.098636,1.4
4.998636,1.6
4.998636,1.7
4.898636,1.8
4.898636,1.9
4.798636,2.1
4.798636,2.2
4.698636,2.3
4.698636,2.4
4.598636,2.6
4.498636,2.7
4.398636,2.8
4.398636,2.9
4.298636,3
4.198636,3.1
4.098636,3.2
3.998636,3.4
3.998636,3.5
3.898636,3.6
3.798636,3.7
3.698636,3.8
3.598636,3.9
3.498636,3.9
3.398636,4
3.298636,4.1
3.098636,4.2
2.998636,4.3
2.898636,4.4
2.798636,4.4
2.698636,4.5
2.598636,4.6
2.498636,4.6
2.298636,4.7
2.198636,4.8
3.798636,-1.9
3.798636,-1.7
3.798636,-1.6
3.898636,-1.4
3.798636,-1.3
3.798636,-1.2
3.798636,-1.1
3.898636,-1
3.798636,-0.8
3.798636,-0.7
3.798636,-0.6
3.798636,-0.5
3.798636,-0.3
3.798636,-0.2
3.798636,-1.00E-01
3.798636,0.00E+00
3.798636,1.00E-01
3.698636,0.2
3.698636,0.3
3.698636,0.4
3.698636,0.5
3.698636,0.7
3.598636,0.8
3.598636,0.8
3.598636,0.9
3.598636,1.1
3.598636,1.2
3.598636,1.3
3.498636,1.4
3.498636,1.5
3.398636,1.6
3.398636,1.7
3.398636,1.8
3.398636,1.9
3.298636,2
3.298636,2.1
3.198636,2.2
3.198636,2.3
3.198636,2.4
3.098636,2.4
3.098636,2.5
3.098636,2.6
2.998636,2.7
2.898636,2.8
2.898636,2.9
2.898636,3
2.798636,3
2.698636,3.1
2.698636,3.1
2.598636,3.2
2.598636,3.3
2.498636,3.3
2.398636,3.4
2.398636,3.4
2.298636,3.5
2.298636,3.6
2.198636,3.6
2.198636,3.6
2.098636,3.7
2.098636,3.7
1.998636,3.7
1.898636,3.8
1.898636,3.8
1.898636,3.9
1.798636,3.8
1.698636,3.9
1.698636,3.9
1.598636,3.9
-0.5013642,-0.3
-0.6013641,-0.2
-0.6013641,-0.2
-0.7013642,-0.2
-0.7013642,-1.00E-01
-0.8013641,-1.00E-01
-0.8013641,-1.00E-01
-0.9013641,0.00E+00
-0.9013641,0.00E+00
-0.9013641,0.00E+00
-1.001364,1.00E-01
-1.001364,1.00E-01
-1.001364,1.00E-01
-1.001364,1.00E-01
-1.001364,1.00E-01
-1.001364,0.2
-1.001364,0.2
-1.001364,0.3
-1.001364,0.3
-1.001364,0.3
-1.001364,0.4
-1.001364,0.4
-1.001364,0.4
-1.001364,0.5
-0.9013641,0.5
-0.9013641,0.6
-0.9013641,0.6
-0.9013641,0.7
-0.8013641,0.7
-0.8013641,0.8
-0.7013642,0.8
-0.7013642,0.9
-0.7013642,1
-0.6013641,1.1
-0.6013641,1.1
-0.5013642,1.2
-0.5013642,1.2
-0.4013641,1.3
-0.4013641,1.4
-0.4013641,1.5
-0.3013642,1.5
-0.3013642,1.6
-0.2013641,1.7
-0.2013641,1.8
-0.1013641,1.8
-0.1013641,1.9
-1.36E-03,2
-1.36E-03,2
-1.36E-03,2.1
9.86E-02,2.1
9.86E-02,2.2
9.86E-02,2.2
0.1986359,2.3
0.1986359,2.3
0.1986359,2.3
0.1986359,2.4
0.2986359,2.4
0.2986359,2.4
0.3986359,2.4
0.3986359,2.4
0.3986359,2.4
0.4986359,2.4
0.4986359,2.4
0.5986359,2.4
0.5986359,2.4
0.6986359,2.4
0.6986359,2.4
0.7986359,2.4
-8.001365,0.4
-8.001365,0.3
-8.001365,1.00E-01
-8.001365,0.00E+00
-8.001365,-0.2
-7.901364,-0.2
-7.901364,-0.4
-7.801364,-0.4
-7.701364,-0.6
-7.601364,-0.6
-7.501364,-0.7
-7.401364,-0.7
-7.301364,-0.9
-7.201364,-0.9
-7.101364,-0.9
-6.901364,-0.9
-6.901364,-1
-6.801364,-1
-6.701364,-1
-6.601364,-1
-6.501364,-1
-6.401364,-1
-6.301364,-1
-6.301364,-0.9
-6.201364,-1
-6.101364,-0.9
-6.101364,-1
-6.001364,-0.9
-5.901364,-0.9
-5.801364,-0.8
-5.701364,-0.9
-5.701364,-0.8
-5.501364,-0.8
-5.401364,-0.8
-5.301364,-0.8
-5.201364,-0.7
-5.101364,-0.7
-4.901364,-0.7
-4.801364,-0.7
-4.601364,-0.6
-4.501364,-0.6
-4.301364,-0.5
-4.201364,-0.5
-4.001364,-0.4
-3.801364,-0.4
-3.601364,-0.3
-3.501364,-0.2
-3.301364,-1.00E-01
-3.201364,-1.00E-01
-3.001364,0.00E+00
-2.901364,0.00E+00
-2.701364,1.00E-01
-2.601364,0.2
-2.401364,0.2
-2.201364,0.2
-2.101364,0.3
-1.901364,0.3
-1.801364,0.3
-1.701364,0.3
-1.501364,0.3
-1.401364,0.3
-1.201364,0.3
-1.001364,0.2
-0.8013641,0.2
-0.7013642,0.2
-0.5013642,0.2
-0.3013642,0.2
-0.2013641,0.2
-13.80136,0.6
-13.80136,0.3
-13.70136,0.00E+00
-13.70136,-0.3
-13.50136,-0.6
-13.40136,-0.9
-13.20136,-1.1
-13.00136,-1.3
-12.80136,-1.6
-12.60136,-1.7
-12.30136,-1.9
-12.00136,-2
-11.80136,-2.1
-11.50136,-2.1
-11.20136,-2.2
-11.00136,-2.2
-10.80136,-2.2
-10.60136,-2.2
-10.40136,-2.2
-10.30136,-2.2
-10.10136,-2.2
-10.00136,-2.1
-9.901364,-2.1
-9.801364,-2.1
-9.701365,-2.2
-9.701365,-2.2
-9.601364,-2.2
-9.601364,-2.2
-9.501365,-2.3
-9.501365,-2.3
-9.401364,-2.3
-9.301364,-2.4
-9.201365,-2.4
-9.101364,-2.5
-8.901364,-2.6
-8.801364,-2.6
-8.501365,-2.7
-8.401364,-2.7
-8.101364,-2.8
-8.001365,-2.8
-7.701364,-2.9
-7.501364,-2.9
-7.201364,-2.9
-7.001364,-2.8
-6.701364,-2.8
-6.501364,-2.8
-6.201364,-2.7
-6.001364,-2.7
-5.701364,-2.6
-5.501364,-2.5
-5.201364,-2.5
-5.001364,-2.4
-4.701364,-2.3
-4.501364,-2.2
-4.201364,-2.2
-4.001364,-2.1
-3.701364,-2.1
-3.501364,-2.1
-3.201364,-2.1
-3.001364,-2.1
-2.701364,-2.1
-2.501364,-2.1
-2.201364,-2.2
-1.901364,-2.2
-1.601364,-2.2
-1.401364,-2.2
-1.101364,-2.2
-0.8013641,-2.2
-15.00136,0.3
-15.10136,-1.00E-01
-15.10136,-0.5
-15.10136,-0.8
-15.10136,-1.1
-15.00136,-1.3
-14.80136,-1.6
-14.60136,-1.7
-14.40136,-2
-14.20136,-2.1
-13.90136,-2.3
-13.70136,-2.3
-13.50136,-2.4
-13.20136,-2.4
-13.00136,-2.5
-12.70136,-2.4
-12.50136,-2.4
-12.30136,-2.2
-12.10136,-2.2
-11.90136,-2
-11.60136,-2
-11.40136,-1.9
-11.20136,-2
-11.10136,-2
-10.90136,-2.1
-10.80136,-2.2
-10.70136,-2.3
-10.60136,-2.5
-10.50136,-2.6
-10.40136,-2.7
-10.30136,-3
-10.30136,-3.1
-10.10136,-3.3
-9.901364,-3.4
-9.801364,-3.6
-9.501365,-3.7
-9.401364,-3.9
-9.101364,-4
-8.901364,-4.2
-8.601364,-4.2
-8.401364,-4.4
-8.101364,-4.5
-7.901364,-4.6
-7.601364,-4.6
-7.401364,-4.7
-7.101364,-4.7
-6.801364,-4.8
-6.601364,-4.7
-6.301364,-4.7
-6.001364,-4.7
-5.801364,-4.7
-5.501364,-4.6
-5.301364,-4.6
-5.001364,-4.5
-4.801364,-4.5
-4.501364,-4.4
-4.201364,-4.4
-3.901364,-4.4
-3.701364,-4.4
-3.401364,-4.4
-3.001364,-4.4
-2.701364,-4.4
-2.401364,-4.5
-2.001364,-4.5
-1.701364,-4.5
-1.301364,-4.5
-1.001364,-4.5
-0.6013641,-4.4
-14.90136,-0.9
-15.10136,-1.4
-15.10136,-1.7
-15.20136,-1.9
-15.10136,-2.1
-15.10136,-2.1
-14.90136,-2.1
-14.70136,-2
-14.40136,-1.9
-14.10136,-1.8
-13.80136,-1.7
-13.50136,-1.6
-13.20136,-1.5
-12.90136,-1.4
-12.70136,-1.4
-12.50136,-1.3
-12.20136,-1.2
-12.00136,-1.1
-11.70136,-1
-11.30136,-1
-11.00136,-1
-10.70136,-1.1
-10.30136,-1.2
-10.10136,-1.4
-9.801364,-1.6
-9.601364,-1.8
-9.501365,-2
-9.401364,-2.3
-9.201365,-2.5
-9.101364,-2.7
-9.001365,-2.9
-8.901364,-3.1
-8.601364,-3.4
-8.501365,-3.6
-8.301364,-3.8
-8.101364,-4
-7.801364,-4.3
-7.701364,-4.5
-7.401364,-4.7
-7.301364,-4.9
-7.101364,-5.2
-6.901364,-5.4
-6.701364,-5.6
-6.601364,-5.7
-6.301364,-5.9
-6.201364,-6
-5.901364,-6.2
-5.701364,-6.2
-5.501364,-6.3
-5.301364,-6.3
-5.101364,-6.3
-4.901364,-6.3
-4.601364,-6.3
-4.401364,-6.3
-4.201364,-6.3
-4.001364,-6.3
-3.701364,-6.3
-3.401364,-6.3
-3.201364,-6.3
-2.901364,-6.3
-2.501364,-6.3
-2.201364,-6.3
-1.801364,-6.4
-1.401364,-6.4
-1.001364,-6.4
-0.6013641,-6.3
-0.1013641,-6.3
0.2986359,-6.1
-13.70136,-2.3
-13.70136,-2.5
-13.60136,-2.7
-13.50136,-2.7
-13.40136,-2.7
-13.20136,-2.4
-13.00136,-2.2
-12.60136,-1.9
-12.20136,-1.6
-11.70136,-1.3
-11.30136,-1.1
-10.80136,-0.9
-10.40136,-0.8
-9.901364,-0.8
-9.601364,-0.8
-9.301364,-0.7
-9.001365,-0.7
-8.701365,-0.6
-8.401364,-0.7
-8.001365,-0.7
-7.701364,-0.8
-7.401364,-0.9
-7.101364,-1.1
-6.901364,-1.2
-6.701364,-1.4
-6.501364,-1.5
-6.401364,-1.7
-6.301364,-1.8
-6.301364,-2
-6.201364,-2.1
-6.101364,-2.3
-6.001364,-2.4
-5.901364,-2.7
-5.801364,-2.9
-5.701364,-3.2
-5.601364,-3.5
-5.601364,-3.9
-5.501364,-4.2
-5.401364,-4.5
-5.401364,-4.8
-5.301364,-5.2
-5.201364,-5.6
-5.101364,-5.9
-4.901364,-6.2
-4.801364,-6.5
-4.601364,-6.7
-4.401364,-7
-4.201364,-7.1
-4.001364,-7.3
-3.701364,-7.4
-3.601364,-7.5
-3.301364,-7.6
-3.101364,-7.6
-2.801364,-7.6
-2.601364,-7.7
-2.301364,-7.6
-2.001364,-7.6
-1.701364,-7.6
-1.401364,-7.6
-1.001364,-7.6
-0.6013641,-7.7
-0.2013641,-7.6
0.1986359,-7.6
0.5986359,-7.4
0.9986359,-7.4
1.498636,-7.1
1.898636,-6.9
2.298636,-6.7
-10.90136,-2.6
-10.80136,-2.6
-10.60136,-2.6
-10.50136,-2.4
-10.20136,-2.3
-9.901364,-2.1
-9.501365,-1.9
-9.101364,-1.7
-8.601364,-1.6
-8.101364,-1.5
-7.501364,-1.5
-7.001364,-1.5
-6.501364,-1.5
-6.101364,-1.5
-5.701364,-1.6
-5.401364,-1.6
-5.101364,-1.6
-4.801364,-1.5
-4.501364,-1.5
-4.401364,-1.5
-4.101364,-1.5
-4.001364,-1.5
-3.801364,-1.5
-3.701364,-1.5
-3.501364,-1.5
-3.501364,-1.6
-3.401364,-1.6
-3.401364,-1.6
-3.401364,-1.6
-3.301364,-1.7
-3.301364,-1.8
-3.301364,-2
-3.201364,-2.3
-3.201364,-2.5
-3.201364,-2.8
-3.201364,-3.1
-3.201364,-3.4
-3.101364,-3.8
-3.101364,-4.1
-3.101364,-4.6
-3.101364,-4.9
-3.101364,-5.4
-3.001364,-5.8
-2.901364,-6.2
-2.801364,-6.6
-2.701364,-7
-2.501364,-7.4
-2.401364,-7.7
-2.101364,-8
-1.901364,-8.2
-1.701364,-8.400001
-1.401364,-8.6
-1.101364,-8.7
-0.7013642,-8.7
-0.3013642,-8.8
-1.36E-03,-8.8
0.4986359,-8.8
0.7986359,-8.7
1.298636,-8.7
1.598636,-8.6
2.098636,-8.5
2.398636,-8.3
2.798636,-8.1
3.098636,-7.9
3.498636,-7.6
3.698636,-7.2
3.998636,-6.8
4.198636,-6.3
-6.601364,-2.9
-6.401364,-2.9
-6.201364,-2.9
-5.901364,-2.7
-5.501364,-2.6
-5.101364,-2.5
-4.701364,-2.4
-4.301364,-2.4
-3.901364,-2.4
-3.601364,-2.5
-3.301364,-2.6
-2.901364,-2.6
-2.701364,-2.8
-2.401364,-2.8
-2.201364,-2.9
-1.901364,-2.8
-1.801364,-2.8
-1.601364,-2.6
-1.401364,-2.6
-1.301364,-2.4
-1.201364,-2.4
-1.001364,-2.3
-0.8013641,-2.2
-0.7013642,-2.2
-0.5013642,-2.2
-0.3013642,-2.2
-0.2013641,-2.2
-1.36E-03,-2.2
9.86E-02,-2.2
0.1986359,-2.2
0.3986359,-2.3
0.4986359,-2.3
0.5986359,-2.4
0.6986359,-2.5
0.6986359,-2.7
0.6986359,-2.9
0.6986359,-3.1
0.6986359,-3.3
0.5986359,-3.6
0.4986359,-3.9
0.3986359,-4.3
0.2986359,-4.7
0.2986359,-5.2
0.1986359,-5.6
0.1986359,-6.1
0.1986359,-6.6
0.1986359,-7.1
0.3986359,-7.6
0.4986359,-8
0.6986359,-8.400001
0.8986359,-8.8
1.198636,-9
1.498636,-9.3
1.798636,-9.400001
2.198636,-9.5
2.598636,-9.5
2.898636,-9.5
3.298636,-9.3
3.498636,-9.1
3.798636,-8.8
3.998636,-8.6
4.198636,-8.1
4.298636,-7.7
4.398636,-7.2
4.498636,-6.8
4.598636,-6.3
4.598636,-5.7
4.598636,-5.2
-3.101364,-3.9
-3.101364,-4.1
-2.901364,-4.1
-2.601364,-4
-2.301364,-3.9
-2.001364,-3.7
-1.801364,-3.6
-1.701364,-3.6
-1.501364,-3.7
-1.401364,-3.8
-1.201364,-3.9
-0.9013641,-4
-0.5013642,-4
-0.2013641,-4.1
9.86E-02,-4
0.3986359,-4
0.6986359,-3.9
0.8986359,-3.7
1.198636,-3.7
1.498636,-3.5
1.898636,-3.5
2.198636,-3.4
2.598636,-3.4
2.998636,-3.5
3.398636,-3.5
3.698636,-3.4
3.998636,-3.4
4.198636,-3.3
4.398636,-3.2
4.498636,-3.1
4.598636,-3
4.598636,-2.8
4.598636,-2.6
4.498636,-2.5
4.298636,-2.5
4.098636,-2.5
3.898636,-2.5
3.698636,-2.7
3.498636,-2.9
3.298636,-3.3
3.098636,-3.6
2.998636,-4.1
2.898636,-4.6
2.898636,-5.1
2.898636,-5.6
2.998636,-6.2
2.998636,-6.8
3.098636,-7.3
3.198636,-7.9
3.398636,-8.3
3.598636,-8.8
3.798636,-9.1
4.098636,-9.400001
4.298636,-9.5
4.498636,-9.5
4.598636,-9.400001
4.798636,-9.3
4.898636,-9
4.898636,-8.5
4.898636,-8.1
4.898636,-7.6
4.898636,-7.1
4.798636,-6.5
4.798636,-6
4.798636,-5.5
4.798636,-5
4.798636,-4.5
4.798636,-4
0.3986359,-3.6
0.2986359,-3.7
0.3986359,-3.6
0.3986359,-3.6
0.3986359,-3.6
0.3986359,-3.6
0.3986359,-3.8
0.4986359,-3.9
0.6986359,-4.2
0.8986359,-4.3
1.298636,-4.6
1.698636,-4.7
1.998636,-4.8
2.398636,-4.8
2.698636,-4.8
2.998636,-4.7
3.298636,-4.7
3.698636,-4.7
4.098636,-4.9
4.598636,-5
5.098636,-5.2
5.698636,-5.3
6.198636,-5.4
6.598636,-5.3
6.998636,-5.2
7.198636,-5
7.398636,-4.7
7.498636,-4.2
7.498636,-3.8
7.498636,-3.3
7.298636,-2.8
7.098636,-2.3
6.798636,-1.9
6.498636,-1.5
5.998636,-1.3
5.598636,-1.2
5.098636,-1.3
4.698636,-1.4
4.298636,-1.8
3.998636,-2.3
3.798636,-2.9
3.598636,-3.6
3.498636,-4.3
3.598636,-5
3.698636,-5.8
3.898636,-6.4
4.198636,-7.1
4.498636,-7.5
4.798636,-8.1
5.198636,-8.400001
5.398636,-8.7
5.698636,-8.8
5.898636,-8.900001
5.998636,-8.8
6.098636,-8.6
6.198636,-8.400001
6.198636,-8.1
6.298636,-7.7
6.298636,-7.2
6.298636,-6.8
6.298636,-6.3
6.298636,-5.8
6.398636,-5.4
6.398636,-5
6.498636,-4.6
6.698636,-4.3
6.798636,-4
7.098636,-3.7
3.398636,-2.5
2.998636,-2.7
2.898636,-2.9
2.698636,-3.1
2.598636,-3.4
2.598636,-3.7
2.798636,-4.1
2.898636,-4.4
3.298636,-4.7
3.698636,-5
4.098636,-5.3
4.498636,-5.4
4.898636,-5.5
5.198636,-5.5
5.398636,-5.5
5.698636,-5.5
6.098636,-5.7
6.498636,-5.9
7.098636,-6.2
7.698636,-6.4
8.198636,-6.7
8.698636,-6.7
9.198636,-6.7
9.498636,-6.4
9.698636,-6.1
9.798636,-5.5
9.898636,-4.8
9.798636,-4.1
9.698636,-3.3
9.498636,-2.6
9.398636,-1.8
9.098636,-1.2
8.798636,-0.6
8.498636,-1.00E-01
8.098636,0.2
7.698636,0.4
7.398636,0.4
6.898636,0.2
6.398636,-0.2
5.998636,-0.9
5.598636,-1.7
5.298636,-2.7
4.998636,-3.7
4.998636,-4.8
4.998636,-5.8
5.198636,-6.6
5.498636,-7.3
5.798636,-7.9
6.198636,-8.3
6.598636,-8.5
6.898636,-8.5
7.198636,-8.400001
7.398636,-8.3
7.598636,-8
7.798636,-7.8
7.898636,-7.4
8.198636,-7.1
8.298636,-6.7
8.498636,-6.3
8.598636,-6
8.798636,-5.6
8.898636,-5.3
9.098636,-5
9.298636,-4.7
9.498636,-4.5
9.698636,-4.3
9.998636,-4.2
10.29864,-4
4.098636,-1.7
3.898636,-2.1
3.898636,-2.6
3.998636,-3
4.198636,-3.6
4.598636,-4.1
4.998636,-4.7
5.398636,-5.2
5.998636,-5.6
6.498636,-5.9
6.998636,-6.1
7.398636,-6.2
7.698636,-6.2
8.098636,-6.2
8.498636,-6.3
8.998636,-6.4
9.498636,-6.6
9.998636,-6.7
10.49864,-6.8
10.89864,-6.8
11.19864,-6.8
11.49864,-6.6
11.69864,-6.4
11.89864,-5.9
11.99864,-5.4
11.99864,-4.7
11.89864,-4
11.69864,-3.2
11.59864,-2.5
11.39864,-1.7
11.19864,-1
11.09864,-0.3
10.89864,0.2
10.79864,0.7
10.59864,1.1
10.49864,1.3
10.39864,1.3
10.19864,1.1
9.998636,0.8
9.798636,0.2
9.398636,-0.6
9.098636,-1.6
8.698636,-2.7
8.498636,-3.9
8.198636,-5.1
8.198636,-6.2
8.198636,-7
8.298636,-7.7
8.498636,-8.1
8.698636,-8.2
8.998636,-8.3
9.298636,-8.2
9.498636,-8
9.798636,-7.7
10.09864,-7.5
10.39864,-7.1
10.69864,-6.8
10.89864,-6.4
11.09864,-6.2
11.29864,-5.8
11.39864,-5.6
11.49864,-5.3
11.59864,-5.2
11.69864,-5
11.89864,-4.9
12.09864,-4.7
12.39864,-4.7
12.79864,-4.7
4.898636,-1
4.998636,-1.8
5.198636,-2.6
5.598636,-3.4
6.098636,-4.2
6.698636,-5
7.398636,-5.8
7.998636,-6.4
8.698636,-6.9
9.298636,-7.2
9.798636,-7.4
10.39864,-7.4
10.99864,-7.4
11.49864,-7.3
11.99864,-7.3
12.49864,-7.2
12.99864,-7.2
13.39864,-7.1
13.69864,-7
13.79864,-6.8
13.99864,-6.5
14.09864,-6.2
14.19864,-5.7
14.09864,-5.2
14.09864,-4.6
13.79864,-3.9
13.49864,-3.2
13.19864,-2.5
12.89864,-1.7
12.69864,-1.1
12.49864,-0.4
12.19864,1.00E-01
12.09864,0.6
11.99864,1.1
12.09864,1.4
12.09864,1.5
12.39864,1.5
12.59864,1.3
12.69864,0.9
12.89864,0.4
12.79864,-0.3
12.69864,-1.2
12.39864,-2.2
12.09864,-3.3
11.69864,-4.5
11.49864,-5.6
11.29864,-6.5
11.29864,-7.3
11.29864,-7.8
11.39864,-8.1
11.59864,-8.2
11.69864,-8.2
11.89864,-8.1
12.19864,-7.9
12.49864,-7.6
12.69864,-7.3
12.99864,-7
13.09864,-6.6
13.19864,-6.2
13.19864,-5.9
13.19864,-5.5
12.99864,-5.2
12.99864,-5
12.99864,-5
13.09864,-5.2
13.39864,-5.3
13.79864,-5.6
14.39864,-5.9
5.798636,-1.1
6.098636,-2.3
6.598636,-3.5
7.198636,-4.6
7.998636,-5.8
8.798636,-6.7
9.598636,-7.6
10.39864,-8.3
11.09864,-8.8
11.99864,-8.900001
12.69864,-9
13.49864,-8.8
13.99864,-8.6
14.59864,-8.400001
14.99864,-8.2
15.49864,-7.9
15.89864,-7.6
16.19864,-7.3
16.39864,-6.8
16.49864,-6.4
16.39864,-5.9
16.19864,-5.4
15.99864,-4.8
15.59864,-4.2
15.29864,-3.5
14.89864,-2.9
14.49864,-2.3
14.09864,-1.7
13.69864,-1.2
13.39864,-0.7
13.19864,-0.3
12.99864,1.00E-01
12.89864,0.4
12.79864,0.7
12.89864,0.8
13.19864,0.9
13.49864,0.7
13.99864,0.4
14.49864,0.00E+00
14.99864,-0.5
15.29864,-1.1
15.59864,-1.8
15.59864,-2.6
15.59864,-3.5
15.29864,-4.3
15.19864,-5.1
14.89864,-5.9
14.79864,-6.5
14.59864,-7
14.49864,-7.3
14.39864,-7.4
14.29864,-7.5
14.19864,-7.4
14.19864,-7.2
14.19864,-7
14.29864,-6.7
14.19864,-6.3
14.19864,-5.9
14.19864,-5.4
14.09864,-4.9
13.89864,-4.5
13.79864,-4.3
13.69864,-4.4
13.69864,-4.7
13.79864,-5.3
14.29864,-6
14.89864,-6.8
15.89864,-7.5
7.298636,-1.4
7.698636,-3
8.198636,-4.7
8.998636,-6.2
9.898636,-7.7
10.89864,-8.8
11.89864,-9.7
12.89864,-10.2
13.79864,-10.5
14.59864,-10.5
15.39864,-10.3
15.99864,-10
16.59864,-9.6
16.99864,-9.3
17.59864,-9
17.99864,-8.5
18.39864,-8
18.69864,-7.4
18.69864,-6.6
18.49864,-5.9
18.19864,-5
17.69864,-4.3
17.19864,-3.5
16.69864,-2.8
16.19864,-2.2
15.69864,-1.6
15.29864,-1.1
14.89864,-0.8
14.69864,-0.5
14.49864,-0.4
14.39864,-0.3
14.19864,-0.2
14.09864,-1.00E-01
13.99864,-1.00E-01
13.99864,0.00E+00
14.09864,-1.00E-01
14.29864,-0.4
14.69864,-0.7
15.19864,-1.2
15.89864,-1.6
16.49864,-2.2
17.09864,-2.7
17.49864,-3.2
17.69864,-3.7
17.69864,-4.2
17.69864,-4.8
17.59864,-5.2
17.49864,-5.6
17.29864,-5.8
16.99864,-5.9
16.69864,-6
16.19864,-6
15.89864,-6.1
15.59864,-6
15.29864,-5.9
14.99864,-5.6
14.69864,-5.2
14.39864,-4.8
14.19864,-4.3
13.99864,-3.9
13.99864,-3.7
13.99864,-3.8
13.99864,-4.3
14.19864,-5.1
14.59864,-6.2
15.29864,-7.3
16.39864,-8.400001
17.69864,-9.3
9.698636,-1.7
9.898636,-3.8
10.39864,-5.9
11.19864,-7.8
12.09864,-9.5
13.19864,-10.7
14.19864,-11.5
15.19864,-11.9
15.99864,-12
16.69864,-11.8
17.39864,-11.6
18.09864,-11.2
18.69864,-10.8
19.19864,-10.3
19.59864,-9.7
19.99864,-8.900001
20.29864,-8.1
20.49864,-7.1
20.39864,-6
20.19864,-4.9
19.69864,-3.8
19.09864,-2.8
18.49864,-1.9
17.79864,-1.2
17.19864,-0.6
16.59864,-0.2
16.09864,0.00E+00
15.59864,1.00E-01
15.29864,1.00E-01
15.09864,0.00E+00
14.99864,-0.2
14.89864,-0.2
14.89864,-0.3
14.79864,-0.3
14.59864,-0.3
14.39864,-0.3
14.29864,-0.5
14.29864,-0.9
14.49864,-1.5
14.99864,-2
15.49864,-2.6
16.19864,-3.1
16.59864,-3.5
16.99864,-3.8
17.19864,-4.2
17.19864,-4.5
17.29864,-4.8
17.39864,-5
17.29864,-5.1
16.99864,-5.1
16.69864,-5.1
16.19864,-5
15.79864,-4.9
15.39864,-4.8
14.99864,-4.6
14.69864,-4.4
14.29864,-4.1
14.09864,-3.9
13.99864,-3.6
13.89864,-3.3
13.89864,-3.4
13.99864,-3.8
14.19864,-4.6
14.69864,-5.9
15.39864,-7.4
16.49864,-8.8
17.79864,-10.3
19.39864,-11.7
12.09864,-2
12.29864,-4.5
12.79864,-6.9
13.39864,-9.2
14.29864,-10.9
15.19864,-12.1
15.99864,-12.8
16.79864,-13.1
17.59864,-13.1
18.29864,-13.1
18.99864,-12.9
19.69864,-12.5
20.29864,-11.9
20.69864,-11.1
20.89864,-10.1
21.09864,-9.1
21.29864,-7.9
21.59864,-6.7
21.69864,-5.2
21.59864,-3.8
21.19864,-2.4
20.49864,-1.3
19.79864,-0.3
18.89864,0.5
18.09864,1.1
17.19864,1.4
16.39864,1.5
15.59864,1.4
14.99864,1.2
14.49864,0.8
14.19864,0.4
14.09864,0.00E+00
14.09864,-0.2
14.09864,-0.3
14.09864,-0.3
13.89864,-0.3
13.79864,-0.5
13.59864,-0.8
13.49864,-1.4
13.79864,-2
14.19864,-2.6
14.79864,-3.1
15.29864,-3.5
15.49864,-3.8
15.69864,-4
15.69864,-4.3
15.69864,-4.4
15.69864,-4.6
15.59864,-4.7
15.29864,-4.7
14.99864,-4.5
14.69864,-4.3
14.29864,-4
13.99864,-3.8
13.69864,-3.6
13.49864,-3.6
13.39864,-3.5
13.29864,-3.5
13.39864,-3.6
13.49864,-3.7
13.59864,-4
13.79864,-4.6
14.29864,-5.7
14.99864,-7.1
16.19864,-8.8
17.49864,-10.6
18.99864,-12.6
20.89864,-14.8
14.39864,-2.1
14.69864,-4.9
15.09864,-7.4
15.69864,-9.6
16.09864,-11.2
16.59864,-12.3
17.09864,-13.1
17.69864,-13.5
18.29864,-13.8
18.89864,-14
19.59864,-14
20.19864,-13.6
20.69864,-12.7
20.89864,-11.6
20.89864,-10.3
20.99864,-9.1
21.19864,-8
21.69864,-6.6
21.99864,-5.1
21.89864,-3.5
21.39864,-2
20.69864,-0.6
19.79864,0.6
18.79864,1.6
17.79864,2.2
16.69864,2.6
15.59864,2.8
14.69864,2.7
13.79864,2.4
13.09864,1.9
12.59864,1.2
12.29864,0.5
12.29864,-0.2
12.39864,-0.7
12.59864,-1.1
12.79864,-1.2
12.89864,-1.5
12.99864,-1.7
13.09864,-2.2
13.59864,-2.6
14.09864,-3.1
14.69864,-3.5
15.19864,-3.8
15.59864,-4
15.69864,-4.1
15.69864,-4.1
15.69864,-4.1
15.59864,-4.1
15.39864,-4
14.99864,-3.8
14.59864,-3.6
14.29864,-3.4
13.79864,-3.1
13.39864,-2.9
12.99864,-2.8
12.69864,-2.9
12.59864,-3
12.59864,-3.3
12.69864,-3.7
12.89864,-4.2
13.19864,-4.9
13.79864,-5.8
14.49864,-7
15.49864,-8.5
16.69864,-10.4
18.29864,-12.6
19.99864,-15.4
22.29864,-18.6
16.79864,-2
17.19864,-5.1
17.59864,-7.5
17.69864,-9.400001
17.79864,-10.7
17.79864,-11.7
17.89864,-12.5
18.09864,-13.1
18.29864,-13.7
18.69864,-14.2
19.19864,-14.3
19.79864,-13.8
20.09864,-12.9
20.19864,-11.6
20.09864,-10.3
19.99864,-9.1
20.29864,-8
20.49864,-6.7
20.59864,-5.3
20.39864,-3.8
19.89864,-2.1
19.09864,-0.5
18.09864,1
16.99864,2.1
15.79864,2.8
14.69864,3.3
13.69864,3.4
12.69864,3.2
11.89864,2.9
11.29864,2.4
10.69864,1.8
10.49864,1
10.39864,0.00E+00
10.69864,-0.9
10.99864,-1.9
11.39864,-2.6
11.79864,-3.1
12.19864,-3.4
12.69864,-3.6
13.29864,-3.8
14.09864,-4
14.79864,-4.3
15.49864,-4.5
16.09864,-4.5
16.39864,-4.5
16.59864,-4.2
16.79864,-4
16.79864,-3.7
16.79864,-3.3
16.49864,-3
16.19864,-2.6
15.89864,-2.3
15.39864,-2
14.79864,-1.8
14.19864,-1.7
13.69864,-1.9
13.39864,-2.2
13.19864,-2.8
13.09864,-3.5
13.09864,-4.4
13.39864,-5.4
13.89864,-6.5
14.59864,-8.1
15.59864,-9.900001
17.09864,-12.2
18.89864,-15
21.09864,-18.7
23.89864,-22.8
19.49864,-0.7
19.69864,-4.1
19.79864,-6.5
19.69864,-8.5
19.29864,-9.7
18.99864,-10.7
18.69864,-11.4
18.49864,-12.2
18.39864,-12.9
18.49864,-13.5
18.79864,-13.7
18.99864,-13.2
18.99864,-12.2
18.69864,-11
18.29864,-9.7
18.09864,-8.6
18.09864,-7.5
18.19864,-6.4
18.29864,-5.3
18.29864,-3.9
17.89864,-2.2
17.19864,-0.3
16.29864,1.4
15.29864,2.9
14.09864,4
12.99864,4.5
11.99864,4.6
11.09864,4.1
10.29864,3.4
9.698636,2.6
9.198636,1.8
8.898636,1.1
8.898636,0.3
9.198636,-0.5
9.698636,-1.7
10.29864,-2.9
10.79864,-3.9
11.29864,-4.4
11.89864,-4.6
12.59864,-4.7
13.39864,-4.8
14.29864,-4.9
15.09864,-5.1
15.99864,-5.1
16.59864,-4.9
17.19864,-4.6
17.69864,-4.2
18.19864,-3.7
18.49864,-3.2
18.89864,-2.6
18.99864,-2.1
18.89864,-1.5
18.39864,-1.1
17.69864,-0.8
16.89864,-0.7
16.09864,-0.8
15.29864,-1.2
14.59864,-1.9
13.99864,-2.8
13.59864,-4
13.39864,-5.3
13.49864,-6.9
14.09864,-8.8
15.39864,-10.9
16.89864,-13.8
18.99864,-17.6
21.69864,-22.5
25.09864,-27.8
21.99864,1.4
21.59864,-2
21.19864,-4.7
20.79864,-6.8
20.29864,-8.1
19.79864,-9.1
19.29864,-10
18.79864,-11
18.49864,-12
18.49864,-12.9
18.49864,-13.3
18.39864,-13
17.99864,-11.9
17.29864,-10.5
16.79864,-9
16.39864,-7.7
16.39864,-6.6
16.49864,-5.8
16.79864,-4.9
16.99864,-3.6
16.89864,-1.5
16.39864,0.8
15.59864,3.2
14.59864,5.1
13.59864,6.4
12.49864,7
11.59864,6.9
10.89864,6
10.19864,4.6
9.598636,3.1
8.898636,1.8
8.298636,0.8
7.998636,1.00E-01
8.198636,-0.5
8.698636,-1.5
9.498636,-2.5
10.19864,-3.7
10.79864,-4.5
11.39864,-4.9
11.99864,-5.2
12.99864,-5.5
14.09864,-5.9
15.19864,-6.2
16.39864,-6.2
17.59864,-6
18.69864,-5.5
19.79864,-5
20.89864,-4.3
21.79864,-3.6
22.39864,-2.8
22.79864,-1.9
22.69864,-1.1
22.19864,-0.3
21.29864,0.3
20.19864,0.6
18.99864,0.7
17.79864,0.4
16.59864,-0.3
15.39864,-1.4
14.59864,-2.8
13.89864,-4.5
13.59864,-6.5
13.89864,-8.8
14.79864,-11.4
16.19864,-14.9
17.89864,-19.6
20.49864,-25.8
24.09864,-32.4
24.39864,3.5
23.49864,0.5
22.49864,-2.2
21.69864,-4.5
20.89864,-6
20.29864,-7.2
19.69864,-8.2
19.29864,-9.3
18.89864,-10.6
18.59864,-11.7
18.29864,-12.4
17.89864,-12.5
17.29864,-11.6
16.69864,-10.1
16.19864,-8.2
15.89864,-6.5
15.89864,-5.4
16.29864,-4.6
16.59864,-3.6
16.89864,-1.8
16.49864,0.6
15.79864,3.3
14.69864,5.5
13.59864,7.2
12.59864,8.1
11.99864,8.400001
11.59864,8
11.69864,7
11.59864,5.5
11.29864,3.8
10.59864,2
9.798636,0.5
8.998636,-0.4
8.798636,-1
9.098636,-1.7
9.898636,-2.4
10.59864,-3.4
11.39864,-4.4
12.09864,-5.3
13.09864,-6.1
14.39864,-7
15.99864,-7.8
17.69864,-8.2
19.39864,-8.3
21.09864,-8.1
22.79864,-7.6
24.39864,-7
25.89864,-6
26.99864,-4.9
27.69864,-3.6
28.09864,-2.2
27.99864,-0.6
27.29864,0.8
26.29864,2.1
24.79864,2.8
23.19864,3.2
21.29864,2.9
19.59864,2
17.89864,0.7
16.49864,-1
15.29864,-3.1
14.39864,-5.5
13.99864,-8.1
14.29864,-11
14.89864,-15
15.89864,-20.3
17.89864,-27.4
21.19864,-34.7
27.19864,5.9
25.99864,3.1
24.69864,0.5
23.59864,-1.9
22.59864,-3.7
21.99864,-5.2
21.49864,-6.2
20.99864,-7.2
20.29864,-8.400001
19.59864,-9.7
18.79864,-10.6
17.99864,-11.1
17.19864,-10.5
16.59864,-9.3
16.19864,-7.4
16.09864,-5.7
16.29864,-4.4
16.59864,-3.3
16.99864,-1.8
16.79864,0.4
15.99864,3
14.79864,5.4
13.49864,7.1
12.39864,8
11.79864,8.2
11.79864,7.9
12.19864,7.4
12.89864,6.7
13.39864,5.6
13.49864,4.2
12.99864,2.6
12.19864,0.9
11.29864,-0.4
10.79864,-1.3
10.79864,-2.1
11.29864,-2.9
11.89864,-4
12.79864,-5.3
13.99864,-6.7
15.59864,-8.2
17.69864,-9.5
19.99864,-10.5
22.19864,-10.9
24.19864,-11.1
26.19864,-10.9
28.09864,-10.4
29.99864,-9.400001
31.49864,-8.1
32.89864,-6.5
33.89864,-4.5
34.59864,-2.2
34.59864,1.00E-01
33.79864,2.3
32.49864,4.2
30.69864,5.7
28.39864,6.7
25.79864,6.8
23.19864,6
20.79864,4.2
18.69864,1.8
16.79864,-0.9
15.19864,-3.9
14.19864,-6.8
13.79864,-10.1
13.79864,-14.2
13.99864,-20
15.09864,-27.8
17.69864,-36.1
31.19864,9.1
29.49864,6.7
27.69864,4.1
26.09864,1.7
24.69864,-0.4
23.89864,-2.2
23.29864,-3.7
22.79864,-4.9
21.89864,-6.1
20.89864,-7.3
19.59864,-8.400001
18.39864,-9.1
17.39864,-9.2
16.89864,-8.5
16.59864,-7.2
16.59864,-5.6
16.89864,-4.1
17.49864,-2.5
17.89864,-0.4
17.59864,2.1
16.69864,4.8
15.69864,6.9
14.69864,7.9
14.19864,8.1
14.09864,7.7
14.39864,7.3
15.09864,7.1
15.69864,7
15.89864,6.3
15.89864,5.2
15.39864,3.6
14.79864,1.9
14.29864,0.4
13.99864,-0.9
13.89864,-2.3
14.09864,-3.7
14.69864,-5.6
16.09864,-7.5
17.99864,-9.400001
20.49864,-11.1
22.89864,-12.4
25.29864,-13.2
27.29864,-13.7
29.39864,-13.7
31.39864,-13.3
33.29864,-12.4
35.19864,-11.5
37.09864,-10.3
39.29864,-8.7
41.69864,-6.3
43.49864,-3.2
43.79864,0.3
42.69864,3.4
41.09864,6.2
38.89864,8.6
35.89864,10.6
31.89864,11.1
28.09864,10.5
24.79864,8.8
21.89864,6.4
19.19864,3.2
16.79864,-0.5
15.09864,-4.4
14.09864,-8.400001
13.39864,-12.7
12.69864,-18.3
12.19864,-26.5
13.29864,-35.7
35.79864,12.5
33.79864,10.9
31.19864,9.1
28.59864,6.9
26.19864,4.5
24.19864,2
22.79864,-0.3
21.89864,-2.4
21.09864,-4
20.29864,-5.3
19.19864,-6.6
17.99864,-7.7
17.19864,-8.3
16.69864,-8.2
16.79864,-7.4
17.29864,-6.1
18.29864,-4.4
19.39864,-2.3
19.99864,0.5
19.89864,3.5
19.29864,6.2
18.59864,7.9
18.19864,8.400001
18.09864,8.2
18.29864,7.8
18.59864,7.7
18.79864,7.8
18.69864,7.9
18.49864,7.3
18.09864,6.2
17.59864,4.5
17.49864,2.6
17.49864,0.7
17.79864,-1
17.79864,-2.8
18.19864,-5
19.29864,-7.6
21.19864,-10.2
23.79864,-12.3
26.39864,-13.6
28.19864,-14.5
29.79864,-15.3
31.79864,-15.9
34.39864,-15.9
36.89864,-15.3
39.09864,-14.6
41.19864,-13.9
43.59864,-12.8
47.39864,-11.2
51.59863,-8.400001
53.99863,-4.2
54.19864,0.4
53.39863,4.9
52.09863,9.1
49.59864,12.6
45.29864,14.7
40.29864,15.1
35.39864,14.5
30.89864,13
26.69864,10.9
22.69864,7.8
19.09864,4
16.39864,-0.5
14.69864,-5.3
13.49864,-10.3
12.09864,-16
10.09864,-23.8
9.098636,-33.3
40.19864,15.5
37.69864,14.7
34.69864,13.4
31.69864,11.8
28.69864,9.7
25.79864,7.2
23.19864,4.4
21.29864,1.5
19.79864,-1.1
18.79864,-3.2
17.89864,-5
17.19864,-6.6
16.79864,-7.5
16.79864,-7.9
17.59864,-7.7
19.09864,-6.7
21.09864,-4.8
22.49864,-2.1
23.09864,1
23.09864,3.8
22.79864,5.8
22.59864,7.1
22.59864,7.8
22.49864,8.3
22.39864,8.7
21.89864,8.8
21.39864,8.6
20.79864,8.2
20.19864,7.3
19.79864,6
19.59864,4.2
19.89864,2.1
20.79864,-1.00E-01
21.89864,-2.1
22.59864,-4.2
23.29864,-6.6
24.49864,-9.6
26.49864,-12.3
28.99864,-14
30.89864,-14.8
31.69864,-15.8
33.19864,-17.4
36.89864,-18.4
41.39864,-18.5
44.49864,-18.1
46.69864,-17.7
49.59864,-16.8
52.99863,-15.1
56.09863,-12.4
58.49863,-8.900001
60.39863,-4.4
61.39863,1
61.19864,6.7
59.99863,12.2
56.99863,16.7
52.99863,19.9
48.39864,21.3
43.99864,21.4
39.09864,19.8
33.89864,17.1
28.59864,13.2
23.49864,9
19.09864,4.3
15.89864,-0.6
13.99864,-6.1
12.39864,-12.1
9.698636,-19.8
6.998636,-29.3
45.09864,18.4
41.79864,18.1
37.89864,16.9
34.29864,15.2
31.09864,13.1
28.29864,10.9
25.49864,8.400001
22.89864,5.6
20.79864,2.5
19.29864,-0.6
18.49864,-3
18.29864,-4.9
18.09864,-6.3
18.39864,-7.5
19.89864,-8
22.29864,-7.3
24.29864,-5.1
25.29864,-2.4
25.79864,0.00E+00
26.19864,2.1
26.89864,3.8
27.29864,5.6
27.19864,7.3
26.69864,8.7
25.69864,9.400001
24.59864,9.3
23.59864,8.5
22.99864,7.4
22.49864,6.3
22.19864,5
21.99864,3.2
22.59864,1.1
23.99864,-1.2
25.69864,-3.3
26.89864,-5.5
27.79864,-7.9
28.59864,-10.8
30.39864,-13.3
32.79864,-14.7
34.29864,-15.6
34.99864,-17.7
38.09864,-20.3
44.69864,-21.8
50.29864,-21.9
52.19864,-21.4
53.49863,-20.6
56.39863,-18.9
59.09863,-16.1
59.69864,-12.3
59.79863,-8.400001
60.99863,-4.1
62.19864,0.9
61.89863,6.2
60.59863,11.5
58.39863,16.7
55.39863,21.5
52.09863,25
48.59864,27
44.69864,27
40.19864,25.1
34.99864,21.1
29.49864,15.9
23.69864,10.3
18.59864,4.7
14.89864,-1
12.59864,-7.2
10.09864,-14.7
6.598636,-24
49.19864,18.7
46.69864,20.2
42.49864,20.3
37.89864,18.9
33.69864,16.1
30.19864,12.9
27.29864,9.900001
24.79864,7
22.89864,4
21.89864,1
21.89864,-1.3
22.19864,-3.1
22.29864,-5.3
22.89864,-7.4
24.69864,-8.1
26.29864,-6.9
26.59864,-4.8
26.69864,-3.4
28.39864,-2.4
30.79864,-0.4
32.19864,2.5
32.49864,5.6
31.89864,7.8
31.09864,9.400001
29.79864,10
28.49864,9.8
27.49864,8.6
26.99864,7.2
26.59864,6
26.09864,4.7
25.89864,2.9
26.29864,0.9
27.49864,-1.5
28.89864,-3.9
30.19864,-6.3
30.89864,-8.6
31.19864,-11.2
32.99864,-13.8
36.49864,-16.1
39.19864,-18.2
41.29864,-20.9
46.29864,-22.9
52.49863,-23.8
55.59863,-23.9
54.89863,-23.3
54.89863,-21.7
56.79863,-19
57.69864,-15.4
56.59863,-11.2
55.89863,-7
56.69864,-2.9
57.39863,1.3
56.89863,5.5
55.79863,9.6
54.49863,13.7
52.99863,17.9
51.19864,22
49.19864,25.7
46.49864,28.4
42.89864,29.6
38.49864,28
33.69864,24.3
28.49864,18.7
22.89864,12.2
17.89864,5.3
14.09864,-1.5
11.09864,-8.900001
7.698636,-17.8
49.39864,15
49.29864,18
46.99864,20.6
42.99864,21.5
37.99864,19.9
33.29864,16.3
29.59864,12
26.99864,7.9
25.29864,4.6
24.89864,1.8
25.49864,-0.4
26.39864,-2.7
26.99864,-5.5
28.09864,-7.8
29.19864,-7.7
29.09864,-6.2
28.09864,-5.2
28.79864,-5.6
32.49864,-4.9
35.99864,-1.6
36.69864,2.9
35.99864,6.3
35.39864,8.3
35.09864,9.7
34.59864,10.7
33.59864,10.8
32.59864,9.7
31.79864,8
31.19864,6.4
30.59864,4.7
30.39864,2.7
30.49864,0.5
30.99864,-2
31.99864,-4.9
33.49864,-7.6
34.49864,-9.8
35.29864,-12.3
38.09864,-15.4
43.09864,-18.8
47.39864,-21.8
50.89864,-23.4
55.39863,-23.4
57.99863,-23.1
56.39863,-22.9
53.59863,-21.2
52.89863,-18.4
53.59863,-15.1
52.59863,-11.1
50.49864,-6.8
49.39864,-2.7
49.59864,1.1
49.39864,4.7
48.59864,7.9
47.79864,10.9
47.59864,13.9
47.69864,16.8
48.19864,20.1
48.19864,23.7
47.09864,27
44.49864,29.5
40.59864,30.4
36.19864,29.4
31.29864,25.9
26.19864,20.4
20.89864,13
16.39864,4.9
12.89864,-3.1
9.398636,-11.6
45.79864,10.2
47.69864,13
48.19864,16.2
46.99864,19.3
43.29864,20.7
38.49864,19.7
33.79864,15.8
30.49864,11.1
28.99864,6.8
28.49864,3.5
28.59864,0.3
28.89864,-3.2
29.59864,-6.6
30.89864,-8.400001
31.19864,-7.9
30.39864,-7.5
30.69864,-8.5
33.49864,-8.7
37.19864,-5.9
38.89864,-1
37.49864,3.1
36.39864,5.6
36.69864,7.2
37.59864,8.900001
37.89864,10.2
37.39864,10.5
36.79864,9
36.49864,6.7
36.39864,4.2
36.49864,2.1
36.59864,1.00E-01
36.69864,-1.7
36.49864,-4.1
37.09864,-7.1
39.49864,-10.4
42.39864,-13.2
45.29864,-15.8
49.49864,-18.5
54.19864,-20.5
57.19864,-21.3
58.29863,-20.6
58.99863,-19.4
56.99863,-18.2
52.29863,-16.4
48.59864,-12.8
47.29864,-8.900001
46.09864,-6.1
43.99864,-3.6
41.89864,-1.1
40.59864,1.6
39.99864,4
40.09864,6.1
39.99864,8.400001
39.69864,11.4
39.69864,14.5
40.29864,17.8
41.49864,20.9
43.09864,23.9
44.09864,26.7
44.09864,29.2
42.39864,30.8
39.29864,31
34.49864,29.5
28.69864,26
22.79864,19.7
18.09864,11.6
14.89864,2.8
11.99864,-5.8
41.99864,8
44.49864,10.6
47.09864,12.9
48.49864,15.7
47.39864,18.5
43.99864,19.8
39.09864,18.2
34.89864,14.5
32.39864,10
31.09864,5.8
30.39864,1.8
29.99864,-2.6
30.49864,-5.9
31.09864,-7.4
30.59864,-8
30.09864,-10.2
32.79864,-12.6
37.29864,-11.3
39.19864,-6.2
38.19864,-1.1
36.39864,1.6
35.69864,3.4
36.69864,5.4
37.99864,7.2
38.79864,8.1
38.99864,7.7
39.69864,5.5
41.29864,2.7
43.19864,1.00E-01
45.09864,-1.7
46.39864,-2.6
46.79864,-3.1
45.79864,-4.7
45.49864,-8.1
48.09864,-12.9
52.79863,-17.5
57.69864,-20.6
62.19864,-22.2
64.19863,-21.1
62.69864,-18.5
58.99863,-15.5
55.39863,-13.6
51.39863,-11.8
46.49864,-9
42.59864,-5.3
39.79864,-2.4
36.99864,-0.8
34.59864,0.2
33.29864,1.6
32.09864,3.3
31.39864,4.3
32.19864,4.8
33.59864,6.1
34.19864,8.6
34.39864,12.1
34.39864,16.1
34.89864,19.8
36.19864,23.4
38.09864,26.6
39.99864,29.5
41.19864,31.4
41.09864,32.4
38.29864,31.8
32.89864,29.6
25.79864,24.5
19.49864,17.1
15.99864,8.1
14.09864,-0.9
36.89864,8.1
39.49864,10.2
42.99864,12
46.29864,14
48.19864,16.1
47.99864,18.1
45.19864,18.3
41.29864,16.5
37.29864,12.9
34.09864,8.6
32.19864,4.1
31.39864,-1.00E-01
31.29864,-2.8
30.89864,-4.4
29.19864,-6.9
28.89864,-11.3
33.09864,-14.1
38.19864,-12
38.79864,-6.8
36.99864,-3.1
35.79864,-1.4
35.59864,0.2
36.29864,2.1
37.49864,3.6
38.49864,4.2
39.09864,3.5
41.09864,1
44.69864,-1.9
48.99864,-3.8
53.19864,-4.5
56.29863,-3.9
57.39863,-2.7
55.79863,-3.6
54.29863,-7.3
55.79863,-12.6
59.39863,-17.1
62.29863,-19.4
63.69864,-19.4
61.99863,-16.3
57.59863,-12
51.29863,-7.2
45.59864,-3.5
41.29864,-1.5
37.69864,0.6
34.69864,2.1
31.89864,2.6
29.29864,2.8
27.09864,2.9
25.59864,3.5
24.19864,4.6
23.19864,5.2
23.59864,5
25.69864,5.4
27.89864,7.2
29.19864,10.2
29.59864,13.8
29.89864,17.5
30.39864,21.2
31.69864,24.7
33.49864,28.2
35.69864,31
38.09864,33.2
38.89864,34
37.09864,33
31.19864,28.7
23.99864,21.2
18.79864,12
16.49864,3
30.79864,7.6
33.39864,9.7
37.09864,11.6
41.09864,13.5
44.79864,15.3
47.49864,17.2
48.09864,18.3
46.69864,18.2
42.99864,16.2
38.59864,12.8
35.09864,8.1
33.49864,3.4
32.69864,1.00E-01
31.09864,-2.6
28.39864,-6.5
27.89864,-11.7
32.79864,-13.7
37.89864,-11.1
38.19864,-7.5
36.89864,-6
36.89864,-4.9
37.29864,-3.6
38.19864,-2.4
39.29864,-1.2
40.09864,-0.5
40.59864,-0.6
42.39864,-2.5
45.89864,-5.1
50.79864,-7.2
56.29863,-8.5
61.19864,-8.3
63.69864,-7.1
62.59863,-6.8
61.09863,-8.3
61.59863,-10.1
61.99863,-10.8
59.49863,-10.2
56.29863,-9
54.29863,-6.5
51.59863,-3.4
46.89864,0.7
42.09864,4.9
37.19864,7.5
31.59864,8.7
26.09864,8.2
21.69864,7.1
19.19864,6.5
17.99864,5.8
17.49864,5.1
16.49864,5.2
14.99864,5.4
14.19864,5.3
15.59864,5.6
18.19864,7
20.89864,9.400001
22.69864,12.4
23.69864,15.6
24.49864,18.8
25.79864,21.9
27.59864,25.4
29.89864,29
32.49864,31.8
35.49864,33.9
37.29864,35.2
35.39864,32.9
30.29864,26.2
24.39864,16.2
20.89864,6.5
26.49864,4.9
29.09864,7.7
31.99864,10.3
35.19864,12.5
38.59864,14.4
41.49864,16.3
43.79864,17.6
45.09864,18.3
43.99864,17.8
40.79864,15.8
36.79864,11.7
34.19864,6.8
32.79864,2.2
31.09864,-1.8
28.69864,-6.5
28.89864,-11.4
33.99864,-12.9
38.89864,-10.9
39.69864,-9.2
39.99864,-8.8
41.29864,-8.2
42.49864,-7.3
43.69864,-6.5
44.89864,-5.4
45.39864,-4.6
45.39864,-4.2
45.49864,-4.9
46.59864,-6.7
49.79864,-9.8
54.39863,-12.9
59.49863,-15.1
63.49863,-15.9
64.49863,-15.2
64.39864,-13.5
63.89863,-11.1
61.69864,-8.400001
57.09863,-6.4
54.49863,-5.2
57.09863,-3.8
58.69864,-0.4
56.69864,5.2
53.79863,11.5
48.59864,16.8
40.89864,19.3
30.99864,17.7
20.89864,13.3
12.49864,8.3
6.998636,4.5
5.898636,2.2
6.098636,1
6.198636,1.3
6.298636,2.2
6.898636,3.4
8.498636,4.9
11.19864,7
13.99864,9.8
16.29864,13.1
17.99864,16.4
19.89864,18.9
22.39864,21.9
24.79864,25.5
27.29864,28.6
30.19864,30.6
33.39864,32.7
35.09864,33.5
34.19864,30.2
30.39864,21
27.39864,10.5
23.59864,1
26.09864,4.1
28.39864,7.2
30.99864,9.8
33.69864,11.9
35.89864,13.5
37.79864,14.8
39.79864,15.7
40.79864,16
39.79864,15.3
36.89864,12.5
34.39864,8
33.49864,3.1
32.79864,-1.5
32.29864,-6.2
34.09864,-10.7
39.19864,-12.3
43.29864,-11.8
44.49864,-11.1
45.39864,-10.7
46.99864,-10.4
48.49864,-10.2
49.79864,-9.7
50.79864,-8.7
50.99864,-7.8
50.69864,-7.3
49.99864,-7.1
49.19864,-8
49.99864,-10.9
52.59863,-14.7
55.99863,-18.2
59.69864,-20.7
62.49863,-21.2
63.79863,-19.8
63.59863,-17
61.29863,-14
57.79863,-11.5
56.89863,-9.900001
59.59863,-6.6
60.09863,-0.6
57.49863,7.4
53.99863,16.2
49.49864,24.4
44.29864,30.5
37.29864,31.5
27.39864,27.2
14.79864,17.7
3.298636,8
-3.001364,1.6
-5.501364,-3.1
-4.701364,-5.1
-2.401364,-4.7
-0.2013641,-2.4
1.798636,0.3
3.898636,2.8
6.398636,5.5
9.298636,9.1
11.99864,12.9
14.69864,15.6
17.49864,18
20.09864,21.8
22.49864,25.6
25.39864,27.3
28.59864,28.5
31.79864,30.4
34.09864,30.9
33.89864,25.1
32.69864,15.4
21.09864,-2
23.19864,0.5
25.19864,3.2
27.69864,6
30.39864,8.3
32.59864,10.2
34.09864,11.3
35.59864,11.9
36.99864,12.1
37.59864,11.9
36.39864,9.900001
35.49864,6.2
36.19864,1
37.69864,-3.9
39.59864,-8.2
42.69864,-11.8
46.69864,-13.5
49.49864,-13.6
50.49864,-12.9
50.89864,-11.9
51.39863,-11.6
52.09863,-11.7
52.79863,-11.5
53.09863,-10.9
52.69864,-10.2
52.39863,-9.7
52.29863,-9.5
51.69864,-9.3
51.39863,-10.3
52.49863,-12.7
54.19864,-15.7
56.09863,-18.2
57.89863,-19.6
59.09863,-20.2
58.89863,-18.9
56.99863,-16.4
52.99863,-13.3
48.79864,-10.2
46.69864,-6.3
46.19864,-1.2
45.69864,5
44.19864,12.5
40.79864,21.4
36.59864,30.6
32.09864,37.2
26.69864,38
18.69864,30.2
8.798636,18.3
-1.301364,8.400001
-9.401364,0.4
-13.10136,-5.8
-12.80136,-10.1
-8.901364,-10.4
-4.101364,-7.5
-0.4013641,-3.4
2.298636,0.4
4.898636,4
7.998636,8.2
11.29864,11.6
14.19864,14
16.29864,17.5
18.49864,22.3
20.99864,25.3
23.69864,25.9
26.59864,26.1
29.79864,27.1
32.39864,25.7
33.79864,19.6
18.59864,-4.2
19.89864,-2.6
21.69864,-0.3
23.89864,2.4
26.79864,4.8
29.29864,6.9
31.09864,8.2
32.59864,8.7
34.19864,8.3
35.49864,7.5
35.59864,6
35.69864,2.6
37.89864,-2.8
41.79864,-8.3
45.59864,-12.3
48.79864,-14.9
51.19864,-16
52.89863,-16
53.59863,-15.2
53.29863,-14.3
52.79863,-13.9
52.49863,-13.8
52.19864,-13.4
51.49863,-12.7
50.39864,-11.6
49.49864,-10.6
49.39864,-10.2
48.79864,-10.1
47.39864,-9.8
46.89864,-10.4
47.29864,-12.1
47.69864,-13.1
48.09864,-12.9
48.49864,-11.7
47.89864,-9.400001
45.79864,-6.8
40.89864,-4.4
34.39864,-2.8
31.09864,-1.9
32.59864,-0.2
35.39864,4
36.49864,10
35.89864,18.1
31.99864,27.8
25.79864,37.4
20.69864,43.2
17.19864,39
12.99864,28
5.298636,17
-4.801364,8.1
-13.70136,-0.4
-18.70136,-9.2
-17.30136,-15.2
-11.40136,-16.2
-4.401364,-11.1
0.5986359,-5
3.398636,-0.8
5.798636,3.4
8.798636,7.4
11.49864,10.1
13.39864,12.8
15.19864,17.5
17.09864,22.1
18.99864,23.7
21.19864,22.1
23.99864,21.2
27.49864,21.8
30.89864,20.3
15.59864,-6.8
16.59864,-5.5
17.99864,-3.4
19.89864,-0.9
22.49864,1.5
25.19864,3.6
27.49864,4.6
29.59864,4.9
31.69864,4
33.89864,2.9
35.09864,1.4
35.49864,-1
36.89864,-6.2
40.69864,-12.3
45.39864,-16.5
48.79864,-18.4
50.09864,-18.5
50.69864,-18.1
50.79864,-17.7
50.09864,-17.3
48.99864,-16.9
47.99864,-16.2
46.89864,-15.1
45.79864,-13.5
44.59864,-11.6
43.79864,-9.8
43.59864,-8.8
43.39864,-8.5
42.19864,-8.2
40.99864,-7.8
40.09864,-7.7
39.39864,-7.6
39.19864,-6.3
39.59864,-3.9
38.99864,-0.8
37.59864,1.6
34.69864,2.7
31.49864,2.4
30.69864,1.7
32.59864,2.9
33.89864,8.1
33.39864,14
33.09864,19.8
30.89864,26.7
23.09864,35.4
14.99864,43.7
11.69864,43.9
11.69864,36.3
8.998636,26.1
1.098636,16.3
-9.401364,6
-17.30136,-4.3
-19.60136,-14.1
-16.20136,-21.2
-8.301364,-18.8
-0.3013642,-11.1
3.998636,-5.2
5.698636,-0.6
6.898636,4.2
8.198636,7.6
9.698636,9.400001
11.99864,13.1
13.89864,18
15.19864,20.8
16.59864,19.1
18.79864,16.4
21.59864,15.4
24.69864,15.5
12.19864,-9.400001
13.49864,-8.5
14.79864,-6.5
16.39864,-4
18.39864,-1.6
20.39864,0.4
22.89864,1
25.69864,0.8
28.59864,-0.5
31.89864,-2.1
34.39864,-3.4
35.29864,-4.6
35.49864,-7.8
37.09864,-12.4
40.79864,-16.3
44.09864,-18.5
45.09864,-19.2
44.79864,-19.2
43.99864,-19.1
42.89864,-19
41.59864,-18.3
40.29864,-17.1
39.29864,-15.2
38.39864,-13.1
37.89864,-11.2
37.59864,-9.5
37.99864,-8.2
38.59864,-7
38.79864,-5.4
38.39864,-3.6
37.49864,-2.3
36.29864,-2
35.49864,-2.1
34.59864,-2.1
32.49864,-1.1
29.59864,0.6
27.59864,2.2
26.79864,3.4
28.49864,3.9
31.59864,5.8
32.99864,10.9
32.49864,18
32.09864,24.4
30.29864,29.2
22.39864,35
12.59864,42.1
8.498636,44.9
9.498636,42.7
9.798636,36.7
4.198636,26.6
-6.001364,12.3
-14.20136,-0.2
-17.00136,-11
-15.60136,-22.1
-9.901364,-24.6
-1.601364,-17.5
4.798636,-9.7
6.298636,-4.1
5.198636,1.6
4.498636,5.7
5.498636,7.2
8.098636,10.1
10.69864,15.3
11.89864,18.3
12.79864,16.4
14.59864,12.9
16.89864,10.4
19.19864,9.3
8.998636,-10.6
10.99864,-10.8
12.69864,-9.3
14.19864,-6.9
15.69864,-4.2
16.59864,-1.8
18.09864,-1.3
20.79864,-2
24.29864,-3.7
28.29864,-5.7
31.69864,-7.6
33.89864,-8.7
34.39864,-9.8
34.49864,-11.1
35.69864,-12.4
37.39864,-14
37.69864,-16.1
36.89864,-17.8
35.39864,-18
34.09864,-17.4
32.99864,-16.3
32.09864,-14.9
31.39864,-13.3
30.79864,-11.8
30.09864,-10.4
29.59864,-9.400001
29.49864,-8.400001
29.89864,-6.9
30.19864,-4.7
30.19864,-2.4
29.89864,-0.4
29.29864,1.2
28.49864,1.9
27.89864,1.6
25.99864,1
22.79864,1.4
20.79864,3
19.79864,4.7
21.09864,5.2
24.29864,6.1
28.59864,10.1
30.59864,18.6
28.19864,27.3
25.29864,33
19.29864,37.2
12.49864,41.3
9.798636,43.8
10.19864,44.4
9.998636,42.2
6.498636,34.9
-0.9013641,20
-7.501364,4.3
-9.101364,-8.400001
-8.101364,-21.3
-6.101364,-27.3
-0.6013641,-22.1
5.698636,-13
6.598636,-6.1
3.498636,-0.4
1.598636,3.8
2.398636,5.4
4.598636,8.5
6.698636,14
8.398636,16.9
10.29864,13.3
12.39864,9
14.39864,7
16.69864,5.2
6.398636,-10.4
8.998636,-11.9
11.49864,-11.3
13.39864,-9.5
14.49864,-6.4
14.59864,-3.4
14.89864,-2.7
16.59864,-4
19.79864,-6
23.69864,-8.1
27.59864,-10.3
30.69864,-12.1
31.99864,-13
31.99864,-13.2
31.59864,-12.6
31.59864,-12.3
31.69864,-13
30.89864,-13.7
29.29864,-13
27.79864,-11.1
26.69864,-9.1
25.89864,-7.6
24.99864,-6.8
23.69864,-6.3
22.09864,-6
20.49864,-6
19.69864,-6
19.69864,-5.7
20.39864,-4.5
20.99864,-2.9
21.59864,-1.2
21.69864,0.8
21.19864,2.9
21.09864,4.4
20.79864,4.5
19.59864,4.6
18.89864,5.2
18.49864,6.3
18.89864,6.6
20.69864,7.2
25.69864,10.2
27.79864,17.4
23.59864,24.9
19.19864,31.1
15.59864,35.9
12.89864,39.5
12.89864,42.3
13.29864,43.3
11.79864,41.7
9.798636,37.5
6.598636,25.4
3.398636,7.9
2.598636,-7.6
2.098636,-21
0.4986359,-27.7
2.798636,-23.8
7.198636,-14.1
6.398636,-6.6
2.298636,-1.4
0.4986359,2.3
1.298636,4.4
1.998636,7.6
2.598636,12.7
4.898636,14.5
8.998636,9.3
11.99864,4.3
14.09864,3.3
17.09864,1.6
5.298636,-10.7
8.298636,-12.4
11.59864,-12.7
13.99864,-11.3
15.19864,-8.3
15.09864,-5
15.09864,-4.2
16.09864,-5.4
17.69864,-7.2
19.79864,-9.3
23.19864,-11.9
26.59864,-13.8
28.09864,-15
28.29864,-15.9
27.39864,-15.7
26.59864,-14.4
26.59864,-12.2
26.29864,-9.8
24.79864,-7.5
23.09864,-5.3
21.59864,-3.8
20.19864,-2.8
18.39864,-2.1
16.59864,-1.3
14.69864,-0.9
12.99864,-0.9
11.99864,-1.6
11.89864,-2.2
12.39864,-2.4
12.99864,-1.9
13.59864,-1.4
14.09864,-0.6
14.29864,0.6
14.69864,2.2
14.89864,3.6
15.29864,5.2
15.99864,6.1
16.19864,7.1
16.79864,7.3
17.39864,8.7
20.89864,12.2
23.79864,16.9
21.29864,21.5
17.89864,26.3
17.29864,30.5
16.89864,34.8
17.09864,38.8
17.69864,39.7
16.59864,37
15.29864,33.7
15.09864,24.8
15.59864,9.7
15.09864,-5.8
12.69864,-17.9
9.498636,-22.7
9.298636,-18.9
9.498636,-11
5.998636,-5
1.898636,-0.5
0.3986359,3.1
0.1986359,5.3
-0.2013641,7.8
0.4986359,10.4
4.298636,9.6
9.998636,4.2
13.89864,0.2
16.99864,-1.3
21.59864,-3.8
5.298636,-11.6
8.998636,-13.5
12.99864,-13.9
15.49864,-12.4
16.59864,-9.8
16.69864,-7.3
17.59864,-6.8
18.89864,-7.1
18.99864,-7.4
18.49864,-8.7
19.69864,-11.9
22.19864,-14.9
23.79864,-16.5
24.19864,-17.2
23.59864,-16.9
22.29864,-15.4
21.19864,-12.3
19.89864,-9
18.39864,-6.4
16.99864,-4.8
15.69864,-4.1
13.99864,-3.4
12.19864,-2.3
10.19864,-0.9
8.298636,0.2
6.798636,0.9
5.798636,0.8
5.498636,0.2
5.598636,-0.5
5.698636,-1
5.698636,-1.2
5.698636,-1.4
6.298636,-1.8
7.898636,-1.1
9.398636,1.1
10.79864,3.7
11.99864,5.8
13.19864,6.7
13.99864,6.8
13.09864,8.900001
15.59864,13.4
19.69864,17.8
20.09864,21.1
20.19864,23.8
22.69864,26.5
22.69864,30.4
21.79864,34.3
22.69864,34.5
22.39864,30.5
21.89864,26.2
23.79864,19.9
25.99864,10.1
25.69864,-1.6
22.59864,-11
18.29864,-13.2
14.69864,-10
10.49864,-5.1
5.398636,-1.2
2.498636,2.4
1.398636,4.9
0.8986359,6.1
1.098636,7
3.298636,6.5
8.198636,3.3
13.49864,-0.9
17.19864,-3.5
21.99864,-6.7
28.09864,-10.5
7.398636,-12.4
11.99864,-14.4
15.59864,-13.9
17.09864,-12.5
17.99864,-11
18.99864,-9.7
21.09864,-9.3
23.19864,-8.5
22.79864,-7.1
21.09864,-6.6
19.99864,-8.7
20.19864,-12
20.29864,-14.9
20.29864,-16
19.99864,-15.5
19.09864,-14.1
17.69864,-11.8
16.29864,-9.1
15.29864,-6.8
14.39864,-5
13.19864,-3.7
11.59864,-2.4
9.698636,-1.1
7.598636,1.00E-01
5.498636,0.8
3.398636,1.1
1.498636,0.9
9.86E-02,0.4
-0.7013642,-0.6
-0.9013641,-1.6
-0.4013641,-1.9
-1.36E-03,-2.1
1.098636,-3.4
3.498636,-3.9
5.498636,-1.5
7.498636,1.3
9.898636,4.1
12.59864,5.8
12.79864,6.3
11.29864,8.1
12.99864,12.3
16.19864,16.8
17.79864,18.9
21.29864,20.5
26.19864,22.8
27.29864,25.5
27.29864,27.8
29.39864,27.9
29.89864,24.6
29.99864,19.7
31.99864,14.1
33.89864,8.3
32.79864,2
29.59864,-2.8
24.89864,-3.2
20.29864,-1.3
16.29864,1.1
13.29864,3.2
11.59864,4.5
10.49864,5.3
10.09864,5.5
10.69864,5
12.59864,2.1
15.39864,-1.5
18.49864,-4.3
21.99864,-7.5
27.99864,-13.1
33.69864,-16.6
11.69864,-13.3
17.09864,-14.3
18.59864,-12.8
18.49864,-12.3
19.79864,-12.7
21.79864,-12.2
24.29864,-11
26.19864,-9.2
25.99864,-7.3
24.79864,-5.8
24.09864,-5.6
23.49864,-6.9
22.59864,-9.1
21.69864,-10.8
21.39864,-10.7
21.09864,-9.5
20.39864,-7.6
19.39864,-5.5
18.09864,-3.6
16.49864,-2.2
14.19864,-1.2
11.59864,-0.3
9.198636,0.5
6.898636,1.1
4.798636,1.7
2.598636,1.9
0.3986359,1.5
-2.101364,0.6
-4.501364,-1
-6.101364,-2.6
-6.101364,-3.4
-4.501364,-3.6
-1.901364,-4.3
0.2986359,-5
2.198636,-4
4.698636,-1.7
8.098636,1.7
11.69864,4.9
12.29864,6
10.59864,6.6
11.29864,9.5
13.49864,12.7
15.69864,13
20.59864,14.1
27.29864,16.7
32.09864,18.6
35.79864,19.5
39.19864,20.5
40.59864,20.3
40.79864,17.5
41.29864,12.4
41.59864,7.6
40.49864,4.5
38.09864,3
34.99864,3.4
31.99864,4.3
29.39864,5.5
26.99864,6.3
24.89864,6.5
22.99864,6.3
21.69864,5.4
21.09864,3.2
21.09864,-0.5
21.39864,-3.6
22.99864,-6.5
26.79864,-12.2
32.39864,-18.7
35.89864,-20.4
18.09864,-13.5
22.09864,-13.2
21.09864,-12.6
20.49864,-13.9
22.39864,-14.5
24.19864,-13.2
25.49864,-11
26.69864,-9.3
27.09864,-8.2
27.29864,-7.3
28.19864,-6.4
28.79864,-5.8
28.19864,-5.9
27.39864,-5.9
26.89864,-5.2
26.29864,-3.6
24.89864,-1.5
22.59864,0.3
19.59864,1.5
16.59864,1.8
13.49864,1
10.89864,0.2
8.598636,0.2
6.498636,1.2
4.498636,2.6
2.798636,4.1
0.7986359,4.7
-1.901364,3.7
-4.601364,1.2
-7.001364,-1.5
-8.601364,-4.3
-7.301364,-6.3
-4.301364,-6.8
-2.201364,-7.2
0.1986359,-7.2
3.698636,-5.3
7.698636,-1
11.39864,3.6
12.19864,5.4
10.39864,5.1
10.59864,6
14.09864,6.7
18.09864,5.1
22.49864,5.3
28.69864,8.1
36.19864,11.1
42.69864,13.1
47.29864,15
49.69864,17.4
50.49864,18.4
51.09864,16.4
51.29863,13.3
50.59864,10.8
49.19864,9.7
46.59864,9.8
43.29864,10
39.19864,9.8
34.99864,9.1
31.79864,8.3
29.59864,7.3
27.79864,5.1
25.99864,2.1
24.29864,-1
23.79864,-3.6
25.99864,-8.5
29.89864,-16.4
32.79864,-21.9
33.89864,-21.9
24.19864,-11.6
24.99864,-11.5
23.39864,-13.8
23.29864,-16.1
24.59864,-15.1
25.09864,-12.3
25.39864,-10.3
26.39864,-9.400001
27.59864,-9.3
28.49864,-9.1
29.49864,-8.400001
29.49864,-7.4
28.39864,-6
27.39864,-4.1
26.79864,-2.2
25.89864,-0.3
23.99864,2.2
20.99864,4.2
17.49864,5.3
13.99864,4.9
11.09864,3
9.198636,1
7.998636,0.9
6.198636,2.2
4.198636,4.4
2.598636,6.5
0.6986359,7.5
-1.801364,6.8
-3.901364,4.2
-5.801364,0.9
-7.401364,-3.4
-7.201364,-7.9
-5.001364,-9.6
-3.201364,-10
-0.6013641,-10.3
3.398636,-8.3
8.098636,-3.2
11.29864,2.4
11.99864,4.5
10.09864,3.2
11.09864,1.4
17.29864,-1.00E-01
23.69864,-2.6
28.09864,-2.9
32.29864,0.00E+00
37.69864,3.6
41.89864,7.5
45.69864,10.7
49.29864,13.7
50.59864,16.9
51.89863,18.3
52.79863,18.3
52.69864,17.5
51.99863,16.6
50.19864,16.7
47.69864,16.7
44.39864,15.8
40.79864,13.6
37.09864,10.7
33.99864,8.400001
31.39864,6.4
28.49864,3.9
25.89864,0.9
25.59864,-3.1
28.39864,-10.4
31.29864,-19.1
31.69864,-23
31.39864,-22.2
27.39864,-9.1
26.49864,-10.7
25.89864,-14.5
26.09864,-15.7
26.09864,-13.7
25.79864,-11.7
26.19864,-10.9
27.09864,-10.2
27.79864,-9.7
27.89864,-9
27.29864,-7.8
26.29864,-6.1
24.99864,-3.3
23.99864,-1.00E-01
23.39864,2
22.69864,3.3
20.89864,5
18.39864,7.2
15.49864,8.5
12.09864,8.1
9.098636,5.7
7.798636,3.3
7.198636,3
5.598636,4.5
3.598636,6.3
2.598636,8
1.398636,8.5
-0.4013641,7.4
-2.701364,4.5
-4.501364,1.2
-5.101364,-3.3
-5.401364,-8.5
-5.001364,-11.3
-4.001364,-12.2
-1.201364,-12.1
3.298636,-9.900001
7.598636,-4.9
10.19864,0.4
11.29864,2.5
10.09864,0.2
11.69864,-3.8
18.29864,-5.5
24.79864,-6.8
29.69864,-6.1
32.29864,-3
34.89864,-0.9
36.19864,1.8
37.99864,5.2
40.09864,8
39.69864,11.6
41.09864,14.2
42.39864,14.9
42.89864,13.8
43.89864,13.1
43.79864,13.9
43.29864,15.2
42.59864,16.6
41.79864,17.6
40.09864,16.8
37.89864,15.2
35.49864,12.7
32.59864,9.3
29.69864,4.6
28.99864,-1.9
30.69864,-11.1
31.49864,-19.3
30.69864,-21.7
30.39864,-19.2
30.69864,-8.8
30.09864,-11.8
29.29864,-13.9
28.49864,-13.3
27.69864,-12
27.29864,-11.9
27.39864,-11.6
27.19864,-10.3
26.39864,-8.8
25.19864,-7.1
23.89864,-4.6
23.09864,-1.7
22.29864,1.7
21.29864,4.6
20.09864,5.6
18.99864,5.4
17.79864,6.1
15.99864,8.1
13.29864,10.1
9.798636,10.3
7.098636,7.8
6.298636,5.1
6.098636,5.1
4.798636,6.4
3.698636,7.5
3.298636,8.5
3.298636,9.2
2.598636,8.400001
0.5986359,5.4
-1.701364,1.5
-2.901364,-3.7
-4.001364,-8.900001
-4.401364,-12
-3.301364,-13
-0.7013642,-12.7
3.298636,-10.3
6.298636,-6.2
8.398636,-1.8
9.998636,1.00E-01
9.098636,-2.6
10.39864,-7.7
15.59864,-9.6
20.59864,-9.900001
24.79864,-7.7
26.09864,-3
28.69864,-2.5
31.29864,-2.9
31.69864,-0.8
30.39864,1.8
28.89864,5.7
31.99864,9.7
34.29864,10.9
35.19864,9.1
36.59864,7.4
37.39864,7.8
37.59864,9.400001
37.49864,12.3
37.69864,16
37.59864,18.9
36.79864,20.4
35.89864,18.5
34.99864,13.9
33.29864,7.3
32.39864,-0.8
32.39864,-10
31.59864,-17
29.99864,-17.3
29.09864,-13.4
34.49864,-8.1
32.99864,-11.2
30.49864,-11.3
28.79864,-10.1
27.89864,-10.1
27.39864,-10.7
25.99864,-9.900001
24.49864,-8.2
23.59864,-6.8
22.89864,-4.7
22.19864,-1.6
21.89864,1.6
20.79864,4.3
19.19864,6.2
17.19864,6.2
15.99864,5.4
15.79864,5.9
15.09864,7.9
12.19864,10.3
8.698636,11.6
6.798636,9.7
6.198636,7
5.798636,6.7
5.498636,7.9
5.498636,8.2
5.498636,8.2
5.298636,8.900001
4.898636,9.7
3.798636,8.8
2.098636,5.4
0.1986359,-0.4
-0.9013641,-6.2
-0.8013641,-10.1
-0.1013641,-12.3
0.7986359,-12.4
2.798636,-10.1
4.598636,-6.7
6.498636,-3.3
8.298636,-2.2
8.098636,-5.7
9.398636,-11.2
14.79864,-13.5
19.39864,-13.8
21.59864,-10.8
20.69864,-4.9
23.29864,-3.7
27.79864,-5.4
28.19864,-4.4
27.79864,-3
29.19864,-0.2
31.29864,4.9
31.79864,7.7
32.19864,6.6
32.89864,5.2
34.19864,5.4
35.59864,7.2
35.39864,9.6
34.69864,11.5
33.89864,13.2
32.79864,15.2
31.99864,15.5
32.19864,13.1
33.39864,7.2
34.19864,-0.7
34.29864,-8.900001
32.89864,-13.2
30.19864,-11.7
27.99864,-9.2
34.69864,-5.6
31.59864,-7.6
28.79864,-7.7
26.99864,-7.7
26.09864,-8.7
25.29864,-9.400001
23.19864,-8.3
21.49864,-7
22.09864,-5.3
22.89864,-2.6
22.89864,0.2
22.19864,2.5
20.59864,4.7
18.59864,6.5
16.19864,6.8
14.59864,6.2
14.59864,6.9
14.69864,8.8
12.89864,10.9
10.59864,12.8
9.598636,12.1
8.498636,9.6
8.198636,8.8
8.898636,9.7
8.998636,9.3
7.598636,7.9
5.598636,7.4
4.898636,8.5
5.698636,9.8
5.398636,8.6
3.998636,4.1
3.498636,-1.6
3.398636,-7.4
2.498636,-11.8
1.898636,-12.4
2.498636,-10.1
3.398636,-6.8
5.098636,-3.8
7.198636,-4
7.998636,-9.6
9.398636,-15.3
13.89864,-15.7
17.49864,-14
18.29864,-11.6
17.19864,-7.3
18.99864,-5.2
23.89864,-5.8
24.69864,-5.5
25.29864,-5
27.79864,-2.7
27.59864,2.6
26.39864,5.5
27.79864,4.9
29.39864,4.7
31.19864,6.2
32.99864,8.400001
32.49864,9.6
31.99864,8.8
32.39864,7.7
31.69864,7.7
30.19864,7.5
29.79864,6.3
31.89864,3.2
33.89864,-1.9
33.89864,-7.5
31.79864,-9.8
27.99864,-8
25.09864,-7.5
29.39864,-4.2
27.29864,-5.6
25.09864,-5.9
24.89864,-6.5
23.99864,-7.6
22.09864,-8.1
20.39864,-8
19.99864,-7.5
21.59864,-4.4
22.69864,-0.2
22.39864,1.7
21.89864,3
20.59864,5.5
18.59864,8
16.19864,8.8
14.59864,8.5
14.39864,8
15.29864,9.400001
15.59864,12.1
14.39864,14.2
12.89864,14.5
12.09864,12.8
12.89864,11.3
13.49864,11.4
12.69864,11.6
10.29864,10.4
7.198636,8.6
5.598636,8.1
6.198636,8.7
6.598636,7.9
6.098636,4.9
5.898636,0.7
5.198636,-4.9
3.798636,-9.6
3.098636,-9.900001
2.898636,-7.1
2.798636,-4.8
4.298636,-3.4
6.598636,-4.8
7.698636,-11.6
8.398636,-17.9
10.39864,-16.7
11.59864,-11.9
11.89864,-9.400001
12.89864,-8.400001
14.89864,-7.1
18.49864,-5.9
19.29864,-4.8
17.79864,-3.1
17.39864,0.00E+00
16.39864,3.9
15.99864,5.5
18.69864,4.8
21.19864,4.2
22.99864,5.3
25.19864,7.1
24.69864,7.3
26.19864,6.3
30.29864,5.4
31.09864,5.3
29.99864,4.3
29.59864,2.1
31.19864,-1
32.19864,-3.9
30.79864,-6
27.89864,-6.6
23.99864,-6.2
21.69864,-7
20.29864,-1.9
19.69864,-4.5
17.89864,-5.3
19.09864,-5.6
18.89864,-5.5
16.59864,-5.2
15.79864,-6
17.09864,-6.4
19.19864,-2.8
19.39864,2
19.59864,3.7
20.29864,4.7
19.99864,7.4
18.09864,10.1
16.39864,10.7
15.39864,10.4
15.19864,9.2
16.59864,10
17.49864,12.5
15.89864,14.2
13.69864,15.2
13.99864,14.6
16.29864,12.5
16.09864,11.9
14.99864,13.4
13.39864,13.9
11.29864,12.4
9.198636,10.6
8.098636,9.1
7.298636,6.2
6.298636,2.7
5.498636,-0.6
4.698636,-3.9
3.598636,-6
2.698636,-4.8
1.598636,-2.8
0.9986359,-3.2
3.198636,-4.1
6.198636,-6.7
6.998636,-13.3
7.198636,-19.6
8.398636,-18.4
8.398636,-12
8.298636,-8.900001
11.09864,-9.3
13.49864,-8.7
14.79864,-6.5
14.99864,-3.9
13.89864,-1.2
12.89864,1.7
11.79864,3.5
11.09864,3.6
12.59864,2.4
13.99864,0.9
15.79864,0.9
19.09864,2
18.49864,2.7
19.49864,2.9
23.09864,2.7
23.59864,2.8
25.09864,3.4
26.69864,2.9
28.49864,-1.1
29.89864,-5.4
28.89864,-6
25.99864,-5
22.69864,-5.2
21.29864,-6.9
15.99864,1.00E-01
15.39864,-2
14.19864,-3.7
13.99864,-4.1
12.49864,-3.7
10.89864,-3.9
11.19864,-5.1
13.09864,-5.2
14.39864,-2
14.29864,2.2
15.09864,4.6
17.09864,5.7
18.69864,7.8
18.19864,11
17.49864,11.4
17.49864,10.2
16.99864,8.900001
17.19864,9.1
17.39864,10.6
15.19864,11.4
13.19864,12.5
15.39864,13.9
19.29864,13.2
19.19864,12.6
17.59864,13.8
15.79864,14.9
14.19864,14.3
12.79864,13.1
11.19864,11.2
9.798636,7.9
7.698636,3.2
5.698636,-0.6
4.298636,-2.9
3.298636,-3.5
2.398636,-2.7
1.398636,-2.7
0.9986359,-4.2
3.598636,-5.7
6.698636,-10
7.398636,-16.9
7.598636,-20.6
8.898636,-17.8
9.598636,-12.5
10.69864,-10
13.69864,-9.400001
15.69864,-8.2
15.29864,-5.8
15.19864,-3.1
16.29864,-1
17.19864,0.4
16.19864,0.7
15.29864,1.00E-01
15.09864,-1.2
14.99864,-2.1
16.49864,-1.6
19.09864,-0.6
18.19864,1.00E-01
17.59864,0.8
17.99864,0.4
17.39864,-0.4
19.29864,0.3
20.39864,1.9
21.09864,0.3
22.89864,-3.5
22.49864,-4.8
18.49864,-3.8
15.69864,-4.3
16.09864,-6.4
16.69864,-1.9
15.39864,-1.6
14.19864,-2.3
12.59864,-2.6
10.49864,-3.2
9.198636,-5
9.598636,-6.5
10.19864,-5.9
9.798636,-3.3
9.598636,0.5
10.39864,3.8
12.39864,4.7
16.39864,5.5
18.59864,8.900001
19.49864,10.1
19.19864,8.8
18.59864,7.6
18.69864,7.4
17.89864,8.3
15.89864,8.3
14.49864,9
18.29864,11.6
22.49864,13
22.29864,13.3
21.39864,14.4
18.99864,15.3
15.89864,14.6
14.19864,13.1
13.19864,11.7
12.69864,10.1
10.99864,6.8
8.398636,3.2
6.598636,0.7
5.698636,-1
5.498636,-2.2
4.398636,-3.8
3.598636,-5
5.198636,-6.7
7.698636,-13.4
8.698636,-20
9.798636,-19.6
10.99864,-15.5
12.09864,-12.8
14.09864,-11.3
16.09864,-9.2
17.19864,-7
18.09864,-5
19.69864,-2.7
22.79864,-1.4
24.79864,-1.2
24.09864,-1.5
23.29864,-1.7
22.89864,-2.1
22.59864,-2.2
23.49864,-1.4
23.89864,-0.5
22.59864,1.00E-01
21.69864,1
21.29864,1.4
19.89864,0.7
19.09864,0.00E+00
17.29864,1.00E-01
15.69864,0.00E+00
15.69864,-1.6
14.99864,-3.7
11.79864,-5
10.69864,-6.6
12.49864,-8.8
15.69864,-4.5
14.99864,-3.8
13.19864,-3.1
11.49864,-3
9.698636,-3.4
8.298636,-5.2
8.298636,-7
8.498636,-6.4
7.698636,-4.1
7.598636,-1.00E-01
7.998636,3
9.398636,3
13.89864,2.4
17.69864,5.1
20.29864,7.4
21.39864,7.1
20.69864,6.3
21.89864,6.4
21.59864,7.3
19.99864,7.6
18.69864,7.2
22.59864,8.8
24.79864,11.2
22.79864,12.6
22.19864,14.4
20.39864,15.6
16.59864,14.3
14.49864,12
13.79864,10.2
13.79864,9.1
12.99864,7.2
11.29864,5.1
9.498636,2.9
8.598636,0.6
7.998636,-1.3
6.498636,-2.7
5.398636,-4
6.798636,-8.1
9.498636,-16.7
11.79864,-20.7
13.69864,-17.1
14.79864,-13.8
15.79864,-12.9
16.89864,-11.2
17.29864,-8.8
18.79864,-6.9
22.19864,-5.3
25.29864,-3.5
28.49864,-2.3
30.89864,-1.8
30.99864,-1.7
30.89864,-0.8
30.69864,-1.00E-01
30.79864,0.4
30.79864,1
29.69864,1.3
27.69864,1.3
26.49864,2.2
25.69864,3.2
23.99864,3.2
21.89864,1.7
19.79864,-0.7
17.89864,-2.2
16.89864,-3.2
16.39864,-5.2
15.59864,-7.8
15.79864,-9.6
16.59864,-11.2
12.19864,-3.2
13.39864,-4.2
11.99864,-4.2
10.29864,-4.1
8.898636,-3.1
7.398636,-3.4
7.198636,-5.5
7.098636,-6.6
7.198636,-4.6
7.498636,0.2
7.898636,2.9
8.698636,2
11.39864,0.4
13.79864,1.5
16.99864,3.8
20.19864,5.1
21.69864,5.5
23.69864,5.4
23.89864,6
23.49864,7.6
23.29864,8
25.29864,9.2
26.09864,12.4
24.19864,15.3
22.89864,16.8
20.29864,16.6
16.59864,15
15.09864,12.9
14.19864,10.5
13.19864,8
12.79864,5.4
12.09864,3.5
10.69864,1.8
9.198636,-1.00E-01
8.098636,-1.2
6.798636,-2
6.898636,-4.5
9.098636,-11.2
12.69864,-19
16.09864,-19.3
18.39864,-15.1
19.69864,-13
20.49864,-12
19.79864,-10.2
19.49864,-8.8
22.19864,-7.8
26.29864,-6.6
28.39864,-5.4
30.39864,-4
32.39864,-2.9
33.19864,-2
33.39864,-0.4
33.19864,1.3
33.19864,2.4
32.99864,2.9
31.59864,2.8
29.59864,2.6
28.09864,2.6
27.19864,2.8
26.09864,3.1
24.79864,2.1
23.39864,-0.8
22.89864,-3.5
22.69864,-4.5
22.29864,-5.7
22.09864,-7.9
21.99864,-9.6
21.59864,-10.5
9.098636,-1.2
10.79864,-1.9
11.59864,-2.5
11.99864,-2.3
11.29864,-0.3
9.798636,1.4
8.298636,0.4
7.098636,-1.6
6.398636,-1.4
5.798636,1.2
5.798636,3.4
6.398636,3.8
7.998636,1.8
9.098636,0.6
10.09864,0.7
12.39864,1
15.39864,2.7
19.39864,4.1
20.89864,3.6
20.09864,5
20.19864,8.5
20.99864,11.8
22.49864,16.1
24.29864,21.1
24.39864,22.2
21.49864,19.8
18.29864,16.9
17.39864,14.4
15.79864,11.7
13.39864,8.5
12.59864,5.3
12.39864,3.1
11.19864,1.4
9.698636,-0.3
8.998636,-1.7
9.398636,-3.6
11.19864,-8.2
14.09864,-15.1
17.29864,-18.8
19.89864,-17
21.79864,-14.3
23.49864,-12.5
23.69864,-11.1
22.69864,-10.4
23.49864,-9.6
26.79864,-8.400001
28.99864,-7.4
29.79864,-6.9
30.99864,-6
32.29864,-4.7
33.19864,-3.2
33.49864,-1.3
33.19864,0.3
33.09864,1.7
32.79864,2.7
32.29864,3.5
31.29864,3.4
29.99864,2.3
28.39864,1.3
27.19864,1.3
26.09864,1.6
24.59864,0.7
23.99864,-1.4
24.29864,-2.6
23.79864,-3.4
22.89864,-4.6
21.89864,-6
20.69864,-6.2
9.098636,-2.1
9.798636,-1
12.19864,0.5
14.29864,2
13.59864,4.5
10.79864,7.2
7.398636,7.7
4.898636,5.6
4.198636,3.3
3.598636,2.8
3.498636,4.2
3.398636,5.3
4.298636,4.2
5.298636,1.9
4.698636,-0.8
4.798636,-3.2
6.598636,-2.3
10.09864,1
13.79864,2.1
14.49864,2.5
13.49864,6.4
13.59864,11.3
15.59864,15.7
20.99864,22.4
24.49864,25.6
22.29864,23
19.59864,18.9
19.29864,15.5
18.19864,12.5
15.69864,9.5
14.39864,6.6
13.99864,4.4
13.09864,2.7
12.19864,0.6
12.99864,-2.3
14.89864,-6.6
17.39864,-12.7
19.69864,-18.1
21.19864,-18.3
21.59864,-16.2
22.89864,-14.5
24.59864,-12
25.19864,-11.3
25.29864,-11.6
26.89864,-10.2
28.89864,-8.3
29.49864,-7.6
30.19864,-7.3
31.09864,-6.3
31.49864,-4.9
31.89864,-3.1
31.99864,-1.4
31.39864,0.00E+00
30.39864,1.6
29.09864,3.4
28.49864,4.9
29.19864,4.8
29.79864,3.1
28.89864,0.9
27.39864,-1.00E-01
25.79864,0.7
23.69864,1.3
22.19864,0.7
21.49864,-0.5
20.59864,-1.1
18.39864,-1.1
16.09864,-1.4
13.59864,-1.4
10.09864,-2.5
10.39864,-1.8
12.89864,1
15.09864,4.4
13.99864,6.7
9.998636,8.1
4.498636,8.5
0.7986359,7
1.398636,4.6
2.998636,4.1
3.798636,4.7
2.898636,4.2
1.098636,3.3
0.6986359,2.4
0.9986359,-0.2
1.298636,-3.8
1.498636,-5.4
2.098636,-3.8
4.198636,-0.8
5.998636,1.7
6.098636,4.8
7.898636,8.7
9.998636,12.3
15.99864,19
23.69864,25
23.99864,23.9
20.49864,19.3
20.39864,16.2
19.99864,13.4
17.99864,10.9
16.69864,8.5
16.39864,6.2
16.39864,3.6
16.99864,1.00E-01
18.99864,-5
21.09864,-10.9
22.39864,-16.4
23.39864,-19.1
23.39864,-18.1
22.59864,-16.7
22.79864,-14.7
23.59864,-12.3
24.59864,-12.2
25.59864,-12.3
26.39864,-10.6
26.79864,-9
27.09864,-8.3
27.99864,-7.1
28.19864,-5.5
27.99864,-3.7
28.09864,-1.9
27.99864,-0.4
26.89864,1.3
24.89864,3.6
22.59864,5.8
20.89864,7.3
21.09864,6.8
22.59864,4.7
23.39864,2.3
22.59864,1.1
21.19864,1.4
20.09864,1.9
19.49864,1.7
18.99864,1
17.59864,0.3
15.29864,0.5
12.39864,0.5
9.598636,0.5
10.39864,-1.00E-01
10.29864,-0.3
12.79864,1.4
15.59864,4.4
15.29864,5
10.59864,3.9
3.198636,3.4
-1.701364,2.6
-1.401364,2.5
0.3986359,4.5
1.998636,5.4
1.498636,3.3
-1.301364,2
-3.501364,2.2
-2.401364,1.2
9.86E-02,-1.9
-0.2013641,-5.4
-2.401364,-7
-2.701364,-4.9
-2.201364,-0.8
-2.001364,2.4
1.598636,5.3
4.998636,8.900001
9.998636,14.3
21.49864,22.1
26.19864,23.5
22.89864,19
22.99864,16.6
22.99864,14.3
20.79864,11.8
19.29864,9.8
19.19864,7.2
20.09864,3.1
21.69864,-2.2
24.19864,-8.3
25.59864,-14.1
25.29864,-17.5
25.09864,-18
24.79864,-17.2
23.99864,-16
23.09864,-14.1
22.29864,-12.8
22.59864,-13.1
23.49864,-12.7
23.79864,-11.3
23.79864,-10.5
24.19864,-9.5
24.89864,-7.9
25.19864,-6.1
25.49864,-4.4
25.89864,-2.7
25.49864,-0.9
23.89864,1.5
21.69864,4.4
19.69864,6.9
17.99864,8.400001
16.79864,8
16.39864,6.1
16.49864,3.6
15.69864,2.5
14.19864,2.6
13.79864,2.6
14.69864,2.2
14.89864,2
13.69864,2
11.59864,2.4
9.098636,2.5
6.598636,2.1
12.99864,1.9
11.29864,2.2
11.49864,2.4
14.09864,3.3
15.49864,2.3
12.09864,-0.4
4.898636,-1.9
-0.4013641,-1.7
-2.001364,1.3
-2.301364,6.3
-2.201364,7.7
-3.201364,5.8
-4.601364,4.4
-6.001364,3.9
-5.001364,2.1
-1.101364,-0.7
-0.8013641,-3.7
-3.901364,-6.7
-5.601364,-7.7
-6.001364,-5.1
-7.201364,-2.4
-4.701364,-1.00E-01
0.6986359,4.4
4.798636,8.8
16.39864,17
26.49864,22.4
25.79864,19.4
26.29864,17
28.19864,14.7
27.19864,11.3
25.59864,8.6
25.29864,5.6
25.79864,0.4
26.99864,-5.8
28.29864,-11.4
28.39864,-15.1
27.09864,-16.3
26.09864,-16.2
25.39864,-15.6
24.29864,-14.4
22.69864,-13.1
20.99864,-13
20.39864,-13.3
20.89864,-12.7
21.49864,-11.7
21.59864,-11.2
21.59864,-10.6
22.39864,-9.6
23.99864,-8.7
25.39864,-7.8
25.29864,-6.3
23.59864,-4
21.19864,-0.9
19.09864,2.9
17.29864,6.6
15.89864,8.900001
14.59864,8.900001
13.39864,8.2
12.59864,6.5
11.69864,4.6
10.09864,3.5
9.098636,2.5
9.798636,1.5
10.19864,1.7
9.098636,3.1
6.998636,4.7
4.598636,5.6
2.398636,5.7
16.09864,2.5
13.29864,3.2
10.69864,3
10.49864,3.1
11.49864,2.3
10.19864,-0.2
5.798636,-1.8
1.698636,-0.8
-0.8013641,4.1
-2.401364,9.400001
-4.101364,9.5
-7.201364,7.4
-8.001365,6.6
-8.001365,5.2
-7.001364,2.3
-3.301364,-0.3
-2.101364,-2.1
-4.601364,-4.8
-6.301364,-7.6
-7.201364,-7.1
-9.701365,-6.8
-9.001365,-5.7
-2.901364,-0.4
1.198636,3.7
10.29864,10.7
23.69864,19.6
27.29864,19.5
27.09864,16.6
30.29864,14.5
32.59864,11.1
32.69864,7.3
32.89864,3.4
32.59864,-1.5
31.99864,-7
31.79864,-11.6
30.79864,-14.1
28.79864,-14.3
26.69864,-14.1
24.99864,-13.7
23.09864,-12.8
20.99864,-12.3
19.39864,-12.5
19.09864,-12.9
19.59864,-12.6
20.19864,-11.8
20.09864,-11.6
19.89864,-11.5
21.19864,-11.5
23.79864,-11.6
24.99864,-11.2
23.19864,-9.400001
20.09864,-6.5
17.19864,-2.4
14.59864,2.9
11.59864,8.7
9.498636,12
8.698636,11.2
8.198636,10.4
8.298636,10.3
8.598636,8.6
7.798636,5.9
6.398636,3.7
6.198636,2.2
6.298636,2.3
5.398636,4.3
3.598636,6.5
1.798636,7.5
0.3986359,7.7
16.29864,2.3
13.39864,3.8
10.39864,4.9
7.798636,5.9
5.498636,5.6
3.398636,4.2
1.598636,3
-0.2013641,3.4
-2.501364,7.4
-4.801364,11.8
-7.201364,11.1
-9.501365,8
-9.101364,6.3
-9.001365,4.6
-9.301364,2
-6.101364,-1.00E-01
-3.601364,-1.8
-4.101364,-3.8
-6.001364,-6.2
-8.901364,-7.6
-10.80136,-9.8
-10.20136,-10.1
-5.301364,-4.9
-0.5013642,1.00E-01
5.198636,4.8
17.09864,13.9
25.39864,18.1
25.89864,15.8
26.79864,13.2
29.79864,10.9
31.39864,7.7
32.89864,3.7
32.49864,0.2
30.09864,-2.5
28.69864,-5.1
28.49864,-7.7
27.69864,-9.3
25.99864,-10.5
23.79864,-11.1
21.59864,-11.4
19.99864,-11.5
19.29864,-11.9
19.59864,-12.5
20.19864,-12.8
20.59864,-12.4
20.49864,-12.4
20.69864,-12.9
21.99864,-13.5
23.49864,-13.5
22.79864,-12.5
19.39864,-9.900001
15.59864,-5.8
12.09864,-0.2
8.498636,6.7
5.198636,13.2
3.598636,16.1
3.598636,14.2
3.398636,12
4.098636,12
5.898636,11
6.298636,8.3
5.098636,6.1
4.198636,4.9
3.798636,4.7
2.998636,6
1.898636,7.3
1.298636,7.4
1.298636,7.2
11.39864,5.8
8.198636,7.4
6.198636,8
3.898636,8.400001
1.098636,7.8
-1.501364,6.7
-2.401364,5.1
-2.901364,4.7
-5.501364,8.6
-9.201365,13.7
-11.80136,13.9
-11.90136,9.400001
-9.601364,4.9
-9.101364,2.7
-10.30136,1.5
-7.801364,-0.2
-4.301364,-2.5
-3.601364,-4.5
-6.501364,-6.9
-10.80136,-9.7
-10.40136,-12.1
-8.901364,-12.6
-5.901364,-8.6
-1.201364,-2.8
2.398636,0.6
9.998636,6.9
21.09864,14.6
25.69864,15.5
24.99864,11.8
25.39864,9.3
25.69864,7.4
26.69864,4.4
27.29864,1.1
25.39864,-0.6
23.89864,-1.8
24.49864,-3.9
25.29864,-6.4
24.79864,-8.5
23.19864,-10
21.59864,-10.8
20.69864,-11.3
20.69864,-11.8
21.29864,-12.7
21.69864,-13.1
21.99864,-12.8
22.09864,-13.2
22.39864,-14.1
22.89864,-14.9
22.19864,-14.3
19.29864,-12.1
14.79864,-8
10.29864,-2.3
5.798636,5.1
1.898636,12.5
9.86E-02,16.8
0.2986359,17.7
0.9986359,15.6
1.098636,13
2.298636,12
4.898636,11
5.998636,8.6
4.998636,6.9
3.898636,6.5
3.198636,6.5
2.698636,6.8
2.298636,6.9
2.798636,6.7
3.398636,6.3
-1.201364,13.5
-2.601364,12.8
-3.401364,11
-4.701364,9.400001
-5.601364,7.7
-5.801364,5.7
-5.501364,3.7
-5.201364,4.8
-7.201364,10
-11.00136,14.5
-14.00136,14.5
-13.80136,10.1
-10.60136,4.9
-9.001365,2.1
-9.501365,0.5
-8.201365,-1.4
-5.001364,-3.6
-4.401364,-5.8
-7.801364,-8.2
-10.20136,-10.9
-7.901364,-12.4
-6.001364,-13.1
-4.601364,-11.2
-1.101364,-5.5
1.998636,-1.6
5.498636,1.4
14.59864,8.6
23.69864,13.7
26.69864,12.2
27.09864,8.900001
25.59864,6.4
24.59864,4.2
25.19864,1.1
25.29864,-1.5
24.49864,-3.2
24.29864,-5
24.59864,-6.9
24.49864,-8.6
23.59864,-9.7
22.69864,-10.4
22.59864,-10.7
23.09864,-11.4
23.79864,-12.3
24.09864,-12.8
24.19864,-13.3
23.99864,-14.3
23.49864,-15.4
22.29864,-15.2
19.39864,-13
15.09864,-9.2
9.598636,-3.3
4.198636,4
0.1986359,11.4
-1.701364,16.7
-1.601364,18.4
-1.001364,17.8
-0.5013642,15.9
0.3986359,13.3
2.598636,11.4
5.298636,9.900001
6.098636,7.9
5.198636,6.7
4.198636,6.9
3.798636,7.2
3.598636,6.9
3.798636,6.5
4.698636,6.4
5.498636,6
